
Run no: 1
568		949		1374		
254		853		1211		
254		838		1217		
254		882		3486		
254		916		3486		
228		902		3486		
228		828		3486		
228		724		3486		
228		826		3486		
228		768		3486		
228		787		3464		
228		892		4011		
228		1021		4022		
228		904		4022		
228		943		4022		
228		998		4123		
228		1211		4123		
228		1505		4123		
228		1492		4123		
228		1559		4123		
228		1807		4123		
228		1685		4123		
228		1705		3956		
228		1316		3957		
228		1501		3957		
228		1505		3956		
228		1535		3956		
225		1596		3956		
225		1668		4031		
225		1604		4031		
225		1480		3903		

Run no: 2
593		977		1384		
207		866		1226		
207		870		3514		
207		914		3514		
207		998		3514		
207		987		3514		
207		995		3515		
207		1053		2981		
207		1049		2984		
207		1004		2981		
207		1225		2981		
207		1155		2969		
207		1059		2969		
207		942		2934		
207		956		2934		
207		1060		2935		
207		1116		2934		
207		1231		2938		
207		1115		2938		
207		1149		2951		
207		1241		2935		
207		1284		2935		
207		1242		2935		
207		1233		2935		
207		1130		2941		
207		1200		2941		
207		1218		2949		
207		1389		2949		
207		1317		2949		
207		1438		2949		
207		1328		2949		

Run no: 3
541		971		1428		
541		960		3118		
541		1015		3143		
541		1192		4384		
197		1245		4389		
197		1303		4389		
197		1313		4389		
197		1408		4389		
197		1185		4389		
197		1314		4389		
197		1449		4389		
197		1463		5087		
197		1440		5087		
197		1549		5087		
197		1614		5087		
197		1777		5087		
197		1700		5087		
197		1550		5087		
197		1510		4981		
197		1747		4981		
197		1844		4981		
195		2088		4981		
195		2232		4981		
195		2243		4981		
195		2192		4981		
195		1970		4925		
195		1626		4925		
195		1219		4925		
195		967		3835		
195		1014		3819		
195		1222		3819		

Run no: 4
588		999		1424		
212		879		1261		
212		845		2685		
212		827		2685		
212		848		2686		
212		867		2687		
212		872		2687		
212		968		2687		
212		845		2686		
212		767		2682		
212		795		2682		
210		778		2682		
210		773		2736		
210		599		1054		
210		601		3038		
210		564		3038		
210		570		3038		
210		567		3038		
210		554		3038		
210		537		3038		
210		625		3243		
210		578		3243		
210		541		3243		
210		610		3298		
210		686		3322		
210		683		3298		
210		624		3471		
210		632		3471		
210		812		3481		
210		775		3471		
210		851		3471		

Run no: 5
533		954		1398		
533		972		2788		
533		1011		4196		
239		988		4196		
239		787		1147		
221		815		1247		
221		749		1247		
221		847		3492		
221		847		3492		
221		816		1134		
221		703		1134		
221		697		1120		
221		724		3230		
221		668		3230		
221		590		1131		
221		616		1131		
221		707		1131		
221		679		1133		
221		617		1133		
221		682		1143		
221		627		1143		
221		610		1143		
221		612		1133		
221		633		1162		
221		627		1162		
221		609		1162		
221		615		1162		
221		613		1162		
221		575		1162		
221		557		1162		
221		586		1162		

Run no: 6
580		954		1330		
193		867		1330		
193		821		1330		
193		732		1330		
193		673		1330		
193		660		1330		
193		718		3347		
193		777		3347		
193		1018		3348		
193		1146		4228		
193		863		4228		
193		927		4228		
193		1039		4228		
193		963		4228		
193		971		4228		
193		1049		4228		
193		1025		4228		
193		1021		4231		
193		1030		4231		
193		1022		4231		
193		831		3475		
193		831		3475		
193		938		3485		
193		1041		3470		
193		964		3470		
193		885		3470		
193		690		3470		
193		635		3249		
193		617		3249		
193		622		3249		
193		679		3249		

Run no: 7
630		1026		1380		
630		1024		3616		
630		988		3616		
205		988		3616		
205		1043		3616		
203		996		3616		
177		950		3185		
176		851		3185		
176		846		3185		
176		896		3201		
175		925		3185		
175		872		3185		
175		947		3164		
175		896		3384		
175		1006		3384		
175		1015		3384		
175		888		3277		
175		862		3151		
175		805		3151		
175		947		3180		
175		970		3179		
175		946		3195		
175		1023		3195		
175		1225		3202		
175		1334		3202		
175		1589		3202		
175		1445		3126		
175		1504		3126		
175		1405		3119		
175		1341		3132		
175		1597		3132		

Run no: 8
620		939		1290		
620		956		3637		
226		913		3637		
226		1053		3644		
226		1261		3802		
226		1350		3802		
226		1396		3802		
226		998		3802		
226		1087		3802		
226		1136		3802		
226		1008		3785		
211		947		3784		
209		1083		3794		
209		1184		3784		
209		859		3760		
209		845		3760		
209		993		3760		
209		965		3761		
209		878		3761		
209		941		3688		
209		950		3688		
209		978		3688		
209		1117		3688		
209		1135		3590		
209		991		3590		
209		1144		3590		
209		950		3513		
209		946		3513		
209		979		3513		
209		1006		3513		
209		959		3513		

Run no: 9
569		936		1504		
203		854		1504		
203		845		3339		
201		850		3339		
201		695		1157		
201		654		939		
201		598		939		
201		616		939		
201		605		953		
201		514		958		
201		493		918		
201		509		922		
201		484		922		
201		546		918		
201		556		922		
201		542		922		
201		508		916		
201		509		914		
201		583		3448		
201		638		3448		
201		747		4766		
201		720		4766		
201		905		4766		
201		954		3601		
201		1082		3601		
201		1136		3601		
201		995		3601		
201		965		3588		
201		1026		3588		
201		1029		3588		
201		1191		3588		

Run no: 10
624		995		1397		
247		890		1246		
247		873		2908		
208		831		2908		
208		896		3688		
208		1057		3709		
208		873		3229		
200		853		3229		
200		848		3229		
200		961		3233		
200		1044		3233		
200		1137		3233		
200		1167		3624		
200		1242		3624		
200		1225		3624		
200		1240		3630		
200		1248		3630		
200		1305		3654		
200		1355		3654		
200		1333		3654		
200		1065		3626		
200		1166		3626		
200		1171		3626		
200		1144		3626		
200		1319		3490		
200		1295		3490		
200		1307		3614		
200		1375		3614		
200		1199		3614		
200		1175		3614		
200		1234		3615		

Run no: 11
552		945		1297		
552		978		3574		
242		934		3574		
242		927		3574		
242		825		3574		
242		820		3574		
242		657		3206		
242		728		3339		
242		729		3339		
242		742		3339		
242		659		3339		
242		817		3321		
242		926		3321		
242		1188		4860		
242		1067		3321		
242		1135		3321		
221		1004		3321		
221		1214		3321		
221		1059		3319		
221		905		3319		
221		898		3319		
221		858		3319		
221		1014		3319		
221		947		3316		
221		870		3316		
221		672		3316		
221		691		3316		
221		686		3316		
221		692		3316		
221		704		3316		
221		757		3147		

Run no: 12
712		970		1440		
712		989		3423		
712		964		3231		
226		1001		3232		
212		1068		3254		
212		1107		3254		
212		1228		3260		
212		1302		3260		
212		1333		3254		
212		1312		3341		
212		1375		3341		
212		1234		3341		
212		1070		3282		
212		922		3277		
212		1108		3342		
212		1082		3342		
205		1008		3342		
205		1048		3277		
205		1271		3324		
205		1075		3349		
205		1100		3349		
205		1016		3324		
205		958		3324		
205		904		3338		
205		836		3338		
205		890		3338		
205		862		3338		
205		949		3338		
202		1026		3341		
202		936		3338		
202		921		3338		

Run no: 13
611		983		1526		
611		961		3645		
611		941		3070		
221		916		3070		
221		956		3224		
221		964		3224		
221		1179		3239		
221		1108		3224		
221		1012		3195		
221		1109		3195		
221		1158		3195		
221		1114		3196		
221		1266		3196		
221		1352		3196		
221		1389		3196		
221		1580		3367		
221		1599		3367		
221		1589		3367		
221		1516		3367		
221		1289		3367		
221		1361		4507		
221		1072		4507		
221		1376		4507		
221		1058		4507		
221		1119		4502		
221		1295		4502		
221		1187		4502		
221		1026		4514		
221		1087		4514		
221		1143		4404		
221		1278		4404		

Run no: 14
550		956		1349		
550		879		1346		
550		869		1339		
550		869		1129		
226		849		1129		
226		833		1129		
200		814		1129		
200		834		3303		
200		785		3303		
200		845		3303		
200		887		3303		
200		1083		3303		
200		920		2899		
200		646		979		
200		616		979		
200		575		979		
200		625		3390		
200		593		3390		
200		690		3390		
200		748		3390		
200		788		3390		
190		882		3387		
190		877		3337		
190		863		3337		
190		918		3365		
190		984		3365		
190		934		3365		
190		919		3347		
190		1096		3347		
190		1039		3342		
190		1324		4356		

Run no: 15
463		956		1349		
463		931		2859		
250		795		1244		
219		753		1176		
219		827		3053		
219		755		3053		
219		865		4398		
217		856		4398		
217		906		4398		
217		818		3283		
217		898		3287		
217		774		3246		
217		888		3268		
217		1124		3246		
217		1018		3246		
217		783		3174		
217		668		3174		
217		598		915		
217		596		887		
215		529		875		
215		553		887		
215		560		887		
215		548		887		
214		556		887		
214		577		889		
214		550		934		
214		507		934		
214		475		878		
214		412		878		
214		390		878		
214		413		881		

Run no: 16
574		927		1445		
574		871		2509		
235		805		2509		
231		767		2509		
231		795		3653		
231		898		3754		
219		903		3754		
219		969		3754		
219		806		3754		
219		707		3754		
202		814		3754		
202		890		3754		
202		918		3754		
202		850		3754		
202		795		3754		
202		796		3292		
202		736		3235		
202		656		3234		
202		658		3234		
200		646		3234		
200		685		3234		
200		832		3239		
200		856		4814		
200		906		4814		
200		855		4814		
200		836		4814		
200		1060		4814		
200		946		4725		
200		1132		4725		
200		1112		4725		
200		1304		4725		

Run no: 17
516		975		1335		
216		852		1171		
216		854		2948		
216		865		2951		
216		723		1173		
216		697		1186		
216		722		3421		
216		801		3421		
216		757		3421		
216		599		924		
216		617		941		
216		696		2940		
216		764		2940		
216		732		2940		
216		687		2903		
216		650		2903		
216		627		2903		
216		664		2903		
216		676		2936		
213		545		979		
213		531		982		
213		516		979		
213		523		979		
213		551		979		
213		564		979		
213		578		979		
213		548		979		
213		682		3192		
213		657		3192		
213		675		3192		
213		740		3192		

Run no: 18
517		960		1411		
517		939		3198		
517		857		1267		
517		866		3068		
517		767		1051		
517		826		3342		
517		938		3350		
217		1099		3350		
217		1225		3415		
217		1273		3366		
210		1063		3366		
210		1070		2988		
210		917		2920		
210		933		2920		
210		898		2920		
210		1027		2920		
210		706		2920		
210		773		2920		
210		841		2920		
210		831		2925		
210		981		2925		
210		1094		2954		
210		1112		2925		
210		1062		2925		
210		1153		2925		
210		1038		2917		
210		1158		2917		
210		1067		2916		
210		962		2913		
210		1005		2920		
210		987		2920		

Run no: 19
602		942		1319		
224		863		1291		
224		819		1291		
224		740		1214		
196		705		1119		
196		669		1119		
196		637		1013		
196		586		1013		
196		563		1013		
196		551		1013		
196		669		3439		
196		674		3439		
196		694		3439		
196		819		3442		
196		986		3441		
196		866		3319		
196		897		3319		
196		821		3319		
196		967		3350		
196		1000		3319		
196		1002		3319		
196		960		3319		
196		883		3319		
196		817		3178		
196		835		3187		
196		898		3187		
196		867		3187		
196		827		3187		
196		889		3120		
196		861		3120		
196		819		3060		

Run no: 20
550		985		1387		
212		867		1394		
212		819		1224		
212		762		1266		
212		759		1266		
212		813		3111		
175		833		3111		
175		772		3066		
175		887		3425		
175		943		3677		
175		883		3677		
175		839		3677		
175		851		3678		
175		915		3678		
175		1052		3683		
175		1064		3683		
175		1177		3673		
175		1002		3673		
175		1159		3673		
173		1019		3673		
173		1046		3673		
173		1094		3669		
173		1155		3655		
170		1146		3639		
170		1283		3517		
170		1411		3517		
170		1455		3517		
170		1460		3517		
170		1432		3499		
170		1542		3499		
170		1624		3487		

Run no: 21
654		963		1313		
183		876		1314		
183		916		2944		
183		897		2944		
183		779		1356		
183		805		1356		
183		807		2982		
183		825		3354		
183		859		3354		
183		979		3354		
183		1063		4511		
183		1138		4511		
183		1035		3354		
183		1181		3354		
183		1226		3354		
183		1182		3354		
183		1372		3355		
183		1479		4851		
183		1543		4851		
183		1834		4851		
183		1519		3305		
183		1372		3311		
178		1288		3311		
178		1331		3311		
178		1336		3311		
178		1367		3317		
178		1281		3317		
178		1195		3317		
178		1246		3317		
178		1258		3311		
178		1169		3313		

Run no: 22
538		962		1370		
205		873		1370		
205		782		1229		
205		668		980		
205		615		855		
205		673		4013		
205		599		4013		
205		981		4021		
203		1110		4047		
203		1273		4047		
203		1394		4047		
203		1365		4047		
203		1176		4047		
203		1315		4047		
203		1494		3957		
203		1262		3957		
203		1398		3957		
203		1548		3888		
203		1572		3888		
203		1407		3888		
203		1519		3888		
203		1562		3888		
203		1574		3886		
203		1570		3886		
203		1787		3886		
203		1693		3891		
203		1523		3891		
203		1615		3932		
203		1671		3932		
203		1519		3932		
203		1701		3937		

Run no: 23
474		964		1568		
474		936		3335		
474		954		3353		
474		1124		3418		
208		1322		3355		
208		1341		3352		
208		1117		3352		
208		1181		3352		
208		1302		3352		
208		1282		3350		
208		1333		3345		
208		1365		4430		
208		1209		4450		
208		1131		4450		
208		1076		4450		
208		1286		4430		
208		1266		4430		
208		1139		4408		
208		1118		4409		
208		1356		4409		
208		1373		4409		
208		1355		4419		
208		1212		4419		
208		1199		4419		
208		967		4418		
208		995		4418		
208		1006		4418		
208		1127		4403		
208		1084		4403		
208		1070		4403		
208		1066		4403		

Run no: 24
634		957		1527		
634		966		3361		
183		908		3361		
183		836		3361		
183		823		3361		
183		873		3361		
183		906		3572		
183		1080		3572		
183		1018		3572		
183		1143		3572		
183		1170		3572		
183		1095		3572		
183		926		3250		
183		855		3496		
183		762		3496		
183		862		3496		
183		830		3496		
183		794		3167		
183		761		2757		
183		596		2678		
183		768		2678		
183		820		2678		
183		851		2657		
183		900		2657		
183		956		2657		
183		852		2657		
183		794		2657		
183		738		2657		
183		704		2657		
183		825		2669		
183		827		2669		

Run no: 25
666		934		1298		
666		909		2979		
195		892		2979		
195		803		2979		
195		719		896		
195		692		973		
195		687		973		
195		679		995		
195		676		995		
195		654		1005		
195		712		3379		
195		741		3379		
195		718		3379		
195		671		990		
195		639		998		
195		604		990		
195		581		990		
195		557		996		
195		594		998		
195		540		984		
195		555		984		
195		580		984		
195		503		984		
195		490		990		
195		492		990		
195		512		991		
195		512		991		
195		530		991		
195		480		991		
195		507		991		
195		505		1033		

Run no: 26
511		992		1436		
225		904		1200		
225		900		3544		
225		816		3188		
225		743		3188		
225		970		3533		
225		1056		3533		
211		1262		3533		
211		1365		3533		
211		1320		3533		
211		1220		3504		
211		1371		3541		
211		1333		3550		
211		1361		3544		
211		1199		3544		
211		948		3544		
211		1001		3544		
211		896		3544		
210		929		3487		
210		1175		3487		
210		1207		3487		
210		1304		3487		
210		1283		3487		
210		1579		3467		
210		1507		3467		
210		1284		3467		
210		1462		3467		
210		1443		3467		
210		1311		3467		
210		1462		3672		
210		1433		3672		

Run no: 27
583		986		1674		
208		892		1229		
208		789		1150		
208		714		1091		
208		676		1091		
204		637		1091		
204		786		3235		
204		887		3559		
204		872		3219		
204		849		3219		
204		755		1128		
204		732		1112		
204		735		1167		
204		715		1167		
204		676		1112		
204		628		1107		
204		670		1164		
204		662		1164		
204		579		1164		
204		610		1164		
204		622		1164		
204		597		1114		
204		644		1114		
204		634		1132		
204		637		1137		
204		645		1137		
204		624		1137		
204		641		1157		
204		601		1157		
204		629		1157		
204		617		1157		

Run no: 28
688		935		1402		
688		994		3378		
688		927		3167		
688		1030		3524		
393		1082		3200		
393		1165		3197		
208		1265		3209		
202		973		3164		
199		821		3164		
199		811		3270		
199		763		3270		
199		888		3316		
199		954		3316		
199		1009		3272		
199		1058		3272		
199		1112		3643		
199		1109		4767		
199		1207		4767		
199		1283		4767		
199		1126		4767		
199		1072		4021		
199		1034		4021		
199		1172		4021		
199		814		3847		
199		921		3847		
199		1010		3847		
199		1141		3847		
199		896		3168		
199		874		3168		
199		1028		3168		
199		1116		3168		

Run no: 29
645		982		1323		
250		869		1314		
250		930		3631		
249		912		3631		
249		1052		4242		
229		1072		4242		
212		1031		3631		
212		1060		3631		
212		986		3631		
212		957		3631		
212		992		3631		
212		885		3585		
212		890		3585		
212		866		3585		
212		953		3573		
188		1052		3573		
188		1111		3573		
188		993		3569		
188		1051		3569		
188		890		3569		
188		900		3569		
187		883		3569		
187		976		3590		
187		1065		3621		
187		1187		3621		
187		1190		3557		
187		1206		3558		
187		1199		3558		
187		1090		3558		
187		1097		3558		
187		1035		3558		

Run no: 30
579		1012		1363		
579		998		3118		
373		993		3126		
211		1082		3126		
211		1192		3180		
211		1149		3180		
211		1334		3958		
211		1327		3964		
211		1429		3964		
211		1244		3964		
211		1248		3958		
211		1348		3958		
211		1319		3961		
211		1228		3789		
211		1266		3789		
211		1298		3789		
211		1297		3789		
211		1330		3789		
211		1375		3789		
211		1494		3747		
211		1494		3747		
211		1443		3747		
211		1426		3747		
211		1276		3747		
211		1358		3746		
211		1249		3744		
211		1372		3744		
211		1448		3742		
211		1439		3742		
211		1659		3747		
211		1705		3742		
