
Run no: 0
342		432		579		
342		455		3520		
342		391		546		
342		420		3606		
72		414		3578		
72		421		3578		
72		544		3946		
72		684		3585		
72		775		3578		
72		753		3557		
72		736		3549		
72		991		3549		
72		1468		3549		
72		554		3537		
72		544		3537		
72		462		3537		
72		514		3537		
72		521		3537		
72		721		3537		
72		854		3537		
72		951		3363		
72		1006		3363		
72		348		3363		
72		453		3363		
72		237		3236		
72		237		3246		
72		344		3246		
72		607		3246		
72		817		3246		
72		494		3246		
65		442		3188		

Run no: 1
315		436		660		
315		409		538		
315		402		538		
315		387		480		
81		383		480		
81		430		511		
81		449		508		
81		426		508		
64		385		508		
64		342		3911		
64		333		3911		
64		396		3911		
64		537		3911		
64		830		3911		
64		404		3911		
64		222		3873		
64		226		3873		
64		302		3873		
64		440		3873		
64		567		3879		
64		363		3879		
64		377		3879		
64		399		3879		
64		377		3712		
64		446		3712		
64		670		3712		
64		358		3712		
64		263		3681		
64		428		3681		
64		346		3581		
64		361		3581		

Run no: 2
341		421		649		
113		392		585		
113		429		3151		
82		368		520		
82		370		517		
82		369		517		
82		387		3734		
82		483		3734		
82		599		3734		
82		303		510		
82		286		510		
82		136		510		
82		126		509		
82		156		509		
82		149		503		
82		171		503		
82		175		503		
82		233		503		
82		285		4617		
82		527		4617		
75		685		4617		
75		848		4638		
65		398		4522		
65		520		4540		
65		752		4540		
65		1038		4540		
65		739		4540		
65		848		4540		
65		602		4420		
65		559		4420		
65		613		4339		

Run no: 3
332		424		687		
332		413		687		
91		395		573		
81		379		454		
81		349		439		
81		335		447		
81		324		426		
81		323		426		
81		369		4392		
81		475		4392		
81		764		4394		
81		422		4394		
81		568		4394		
81		561		4394		
81		480		4392		
76		314		4184		
76		422		4184		
76		486		4184		
76		504		4184		
76		564		4184		
76		661		4184		
76		592		4184		
76		389		4003		
76		455		4003		
76		335		3914		
76		320		3626		
76		331		3626		
76		347		3616		
76		347		3616		
76		400		3616		
76		289		3689		

Run no: 4
326		419		557		
326		445		3575		
75		436		3575		
75		360		521		
75		334		402		
75		320		402		
71		296		402		
71		336		390		
71		326		390		
71		326		3514		
71		255		3514		
71		248		3514		
71		276		3514		
71		374		3514		
71		487		3514		
71		673		3514		
71		568		3514		
71		494		3486		
71		501		3486		
71		346		3486		
71		511		3486		
71		524		3491		
71		574		3491		
71		315		3353		
71		327		3353		
71		385		3353		
71		471		3091		
71		393		3091		
71		378		3779		
71		417		3775		
71		402		3775		

Run no: 5
360		441		589		
93		410		476		
93		397		483		
93		459		4598		
93		518		4598		
92		448		4103		
92		414		4103		
92		394		4103		
92		509		4103		
77		640		4103		
77		912		4103		
77		381		4016		
77		600		4016		
77		780		4016		
77		1190		4016		
77		1271		4016		
77		2108		4016		
77		1440		4016		
77		395		3928		
77		649		3928		
77		903		3928		
77		1284		3928		
77		968		3927		
77		840		3942		
77		1031		3942		
77		390		3869		
77		702		3869		
77		1076		3869		
77		1325		3864		
74		1516		3864		
74		2073		3864		

Run no: 6
332		436		605		
102		408		535		
78		399		563		
78		371		499		
78		342		391		
78		317		389		
71		317		389		
71		330		389		
71		297		410		
71		273		410		
71		182		385		
71		153		390		
71		139		388		
71		160		388		
71		73		154		
71		75		154		
71		77		154		
71		79		154		
71		85		154		
71		85		154		
71		89		154		
71		91		154		
71		98		154		
71		83		134		
71		84		134		
71		86		134		
71		89		134		
71		85		134		
71		82		131		
71		84		131		
71		84		131		

Run no: 7
338		421		581		
96		386		468		
83		360		471		
83		342		592		
83		348		3432		
83		335		3432		
83		241		372		
71		113		372		
71		171		4365		
71		252		4369		
71		422		4369		
71		678		4369		
71		362		4144		
71		419		4144		
71		226		3966		
71		378		3966		
71		563		3966		
71		767		3966		
71		249		3770		
71		331		3770		
71		337		3770		
71		336		3701		
71		529		3701		
71		703		3701		
71		867		3701		
71		632		3694		
71		331		3694		
71		348		3665		
71		421		3665		
71		658		3665		
71		409		3642		

Run no: 8
331		436		675		
331		411		578		
90		391		645		
90		367		435		
85		326		430		
81		300		451		
81		343		451		
81		389		451		
81		381		451		
81		419		4005		
81		391		4005		
81		407		4005		
81		523		4005		
81		776		4005		
81		305		3897		
81		341		3897		
81		440		3905		
68		731		3905		
68		654		3905		
68		906		3905		
68		412		3823		
68		377		3823		
68		570		3823		
68		814		3823		
68		964		3823		
68		984		3827		
68		872		3827		
68		503		3742		
68		621		3742		
68		757		3742		
68		820		3742		

Run no: 9
335		434		599		
335		467		4056		
335		638		4056		
82		981		4056		
82		1268		4056		
82		2344		4071		
82		3105		4071		
82		2406		4071		
82		1879		6111		
82		1402		6111		
82		952		3887		
82		523		3887		
82		585		3887		
64		389		3885		
64		571		3885		
64		1289		3885		
64		2131		3885		
64		3127		3885		
64		2515		3885		
64		2183		3885		
64		1316		3862		
64		1422		3862		
64		1629		5847		
64		315		5847		
64		661		5857		
64		769		5857		
64		1303		5857		
64		2002		5857		
64		2010		5857		
64		1367		5811		
64		2140		5811		

Run no: 10
332		422		620		
332		458		3967		
66		578		3967		
66		739		3967		
66		1083		3971		
66		1754		3976		
66		2872		3976		
66		2117		3976		
66		831		3976		
66		69		93		
66		71		154		
66		79		154		
66		81		154		
66		81		154		
66		156		4190		
66		227		4190		
66		169		4063		
66		179		4063		
66		200		4063		
66		269		4063		
66		329		4063		
66		459		4063		
66		680		4063		
66		336		4001		
66		458		4001		
66		580		4001		
66		581		4001		
66		769		4001		
66		383		4000		
66		370		3756		
66		304		3756		

Run no: 11
339		424		592		
102		391		481		
102		423		3409		
65		401		3409		
65		359		3628		
65		562		4076		
65		602		3628		
65		687		3628		
65		457		3526		
65		625		3526		
65		654		3526		
65		872		3526		
65		294		3524		
65		121		3425		
65		233		3425		
65		401		3425		
56		119		3347		
56		119		3347		
56		119		3347		
56		119		3347		
56		120		3347		
56		230		3347		
56		67		80		
56		67		80		
56		66		80		
56		66		80		
56		65		80		
56		65		80		
56		65		80		
56		66		80		
56		137		4235		

Run no: 12
349		425		550		
349		412		528		
349		397		538		
95		383		559		
95		367		421		
82		342		436		
74		309		436		
74		265		461		
74		260		424		
74		165		429		
74		172		429		
74		187		432		
74		201		437		
74		225		437		
74		238		435		
74		242		435		
74		190		435		
74		155		435		
74		164		435		
74		188		443		
74		189		443		
74		219		443		
74		244		443		
74		157		437		
74		161		437		
74		145		437		
74		210		3722		
74		327		3722		
74		385		3723		
74		452		3723		
74		523		3723		

Run no: 13
326		428		715		
326		484		4911		
326		546		4911		
90		596		4927		
90		345		443		
90		301		375		
73		282		438		
73		250		398		
73		244		398		
73		197		3244		
73		434		5279		
73		748		5279		
73		561		5279		
73		655		5279		
73		614		5185		
73		966		5185		
73		248		4832		
73		297		4832		
73		422		4832		
73		598		4832		
73		847		4832		
73		922		4832		
73		757		4832		
73		800		4753		
73		190		2522		
73		224		2522		
73		343		2522		
73		435		2522		
73		457		2472		
73		345		2447		
73		551		2447		

Run no: 14
334		429		636		
334		465		3899		
334		562		4420		
86		433		4420		
86		487		4420		
86		454		4073		
86		569		4073		
86		797		4078		
86		697		3962		
86		868		3962		
86		835		3962		
86		650		3863		
86		563		3863		
86		493		3795		
86		667		3795		
86		775		3792		
86		574		5501		
86		757		5466		
86		609		5466		
86		706		5433		
64		692		5433		
64		966		5433		
64		1285		5433		
64		1965		5516		
64		3446		5516		
64		1884		5448		
64		828		5415		
64		806		5415		
64		220		5415		
64		117		485		
64		208		4411		

Run no: 15
336		428		590		
336		466		4335		
125		642		4335		
125		826		4335		
125		1334		4335		
90		1176		4355		
90		733		4355		
90		464		4355		
81		522		4355		
71		455		4341		
71		435		4341		
71		402		3370		
71		336		3370		
71		293		4648		
71		172		4648		
71		165		4648		
71		159		4648		
71		153		4468		
71		220		4468		
71		362		4468		
71		428		4468		
71		441		4468		
71		223		4433		
71		291		4433		
71		292		4433		
71		429		4433		
71		564		4433		
71		760		4433		
71		231		4433		
71		437		4433		
71		586		4433		

Run no: 16
347		427		572		
102		395		550		
89		364		511		
83		339		589		
83		277		376		
83		214		385		
83		174		3919		
74		230		3922		
74		241		3922		
74		264		3922		
74		351		4079		
74		229		4079		
74		237		4079		
74		226		4079		
74		167		3048		
74		226		3048		
74		287		3048		
74		428		3048		
74		449		3048		
74		580		3048		
74		273		2977		
74		404		2923		
74		453		2923		
74		641		2923		
74		462		2923		
74		415		2896		
74		277		2805		
74		367		2805		
74		322		2805		
74		494		2805		
74		674		2805		

Run no: 17
343		425		572		
343		395		539		
92		376		539		
90		359		424		
90		353		447		
76		344		447		
76		316		447		
76		373		447		
68		354		447		
68		382		447		
68		316		447		
68		210		426		
68		171		426		
68		105		422		
68		117		422		
68		130		422		
68		209		4057		
68		147		4057		
68		148		4053		
68		213		4057		
68		345		4057		
68		413		4057		
68		281		4030		
68		345		4030		
68		528		3938		
68		213		3938		
68		216		3938		
68		343		3938		
68		408		3938		
68		472		3938		
68		537		3938		

Run no: 18
337		419		624		
96		392		511		
69		380		600		
69		372		600		
69		355		485		
69		460		4030		
69		384		476		
69		383		476		
69		360		476		
69		346		476		
69		322		485		
69		325		485		
69		235		485		
69		255		402		
69		254		402		
69		138		402		
69		127		402		
69		245		4307		
69		387		4310		
69		463		4310		
69		881		4310		
69		931		4310		
69		703		4211		
69		784		4211		
68		328		4069		
68		460		3941		
68		602		3941		
68		1054		3941		
68		1741		3941		
68		1869		3941		
67		1638		3741		

Run no: 19
364		425		517		
364		408		604		
93		394		604		
93		388		510		
93		451		3908		
87		425		3908		
80		421		3908		
80		405		3908		
80		303		3908		
80		411		3908		
80		96		229		
80		97		229		
80		92		218		
80		91		218		
80		88		218		
80		80		85		
80		81		122		
80		82		122		
76		84		122		
76		82		113		
76		83		113		
76		81		108		
76		81		108		
72		82		108		
72		82		108		
72		83		123		
72		151		4103		
72		147		4103		
72		150		4103		
72		288		4103		
72		347		4103		

Run no: 20
348		426		675		
348		418		675		
348		401		675		
83		403		675		
77		395		675		
74		337		445		
74		328		617		
74		403		4210		
74		508		4210		
74		476		4210		
74		435		4063		
74		138		3822		
74		139		3822		
74		139		3822		
74		264		3822		
74		328		3822		
74		454		3822		
74		266		3879		
74		452		3879		
74		702		3879		
74		578		3879		
74		828		3879		
74		328		3816		
74		389		3816		
74		330		3816		
74		143		3768		
74		142		3768		
74		203		3768		
74		204		3768		
74		143		3764		
74		144		3764		

Run no: 21
344		436		610		
344		396		524		
72		372		458		
72		425		3988		
72		443		4380		
72		435		4293		
72		495		4293		
72		592		4293		
72		499		4302		
69		377		4302		
69		348		4302		
69		216		4268		
69		216		3473		
69		319		3482		
69		388		4345		
69		612		5988		
69		478		5988		
69		643		5988		
69		495		5988		
68		535		5988		
68		756		5988		
68		1240		5988		
68		548		5898		
68		762		5898		
68		853		5737		
68		962		5737		
68		582		5737		
68		556		5737		
68		843		5737		
68		733		5732		
68		955		5732		

Run no: 22
353		426		563		
353		407		519		
353		458		4999		
353		524		5001		
353		754		5001		
95		670		4999		
95		1135		4999		
71		1503		4999		
71		1181		5005		
71		1041		5004		
71		1105		5004		
71		1246		5004		
71		1182		5004		
71		995		6652		
71		1621		6652		
71		1988		6652		
71		2110		6661		
71		2222		6661		
71		2356		6661		
71		2085		6551		
71		1151		6334		
71		925		6334		
71		343		6334		
71		447		6334		
71		472		6334		
71		758		6334		
71		498		6063		
71		734		6063		
63		1231		6063		
63		2144		6083		
63		3335		6069		

Run no: 23
343		420		600		
343		445		3624		
343		450		4088		
341		492		4088		
341		665		4088		
341		801		4088		
341		1045		4088		
71		662		4074		
71		1008		4074		
71		1608		4074		
71		2795		4074		
71		2640		4069		
71		1647		4031		
71		988		4031		
71		869		4411		
71		936		4411		
71		1068		4411		
71		353		4411		
71		414		4411		
71		754		4411		
71		1037		4411		
71		588		4155		
71		770		4155		
71		1009		4155		
71		1205		4155		
71		793		3988		
71		1085		3988		
68		1272		3988		
68		1195		3988		
68		294		3645		
68		294		3645		

Run no: 24
321		435		576		
321		417		576		
321		476		4524		
321		537		4524		
321		827		4756		
93		1560		4797		
93		1476		4800		
93		1087		4800		
93		1106		6744		
93		1357		6626		
84		1852		6626		
84		2876		6626		
84		4249		6626		
84		4173		6626		
84		3836		6318		
84		3070		6318		
84		2857		6318		
84		2464		6295		
84		1478		6123		
84		1627		6090		
84		1817		6090		
84		1219		6085		
69		1718		6085		
69		2329		6085		
69		1288		6085		
69		1755		6085		
69		1147		6001		
69		1169		6001		
69		1300		6001		
69		1132		5998		
69		731		5998		

Run no: 25
339		436		637		
66		415		654		
66		405		654		
66		416		747		
66		362		637		
66		346		638		
66		536		4003		
66		486		4003		
66		253		4003		
66		335		4003		
66		202		3943		
66		262		3943		
66		256		3943		
66		133		3446		
66		135		3446		
66		214		4717		
66		293		4717		
66		218		4612		
66		324		4612		
66		500		4612		
66		277		4253		
66		396		4253		
62		706		4253		
62		420		4017		
62		325		4017		
62		559		4017		
62		529		4017		
62		661		4017		
62		303		3848		
62		457		3848		
62		305		3848		

Run no: 26
349		437		634		
349		403		503		
68		388		620		
68		431		3619		
68		393		3619		
68		346		3619		
68		346		3619		
68		202		3619		
68		72		131		
68		71		110		
68		72		110		
68		73		110		
68		75		110		
68		75		110		
68		74		110		
68		137		4132		
68		206		4132		
68		208		4132		
68		139		3979		
68		131		3600		
68		128		3410		
68		238		3410		
68		296		3410		
68		124		2733		
68		126		2733		
68		175		2733		
68		217		2733		
68		303		2733		
68		554		2733		
68		989		2733		
68		150		2518		

Run no: 27
322		430		659		
322		402		659		
74		367		447		
74		357		439		
74		341		419		
74		332		419		
74		293		419		
74		253		419		
74		158		432		
74		79		112		
74		80		112		
74		82		112		
74		84		106		
74		85		106		
63		86		108		
63		154		3692		
63		214		3692		
63		154		3614		
63		213		3614		
63		200		3614		
63		235		2903		
63		369		2903		
63		415		2905		
63		735		2905		
63		367		3574		
63		228		3574		
63		279		3574		
63		375		3574		
63		176		2879		
63		219		2832		
63		266		2832		

Run no: 28
345		423		604		
345		462		4071		
345		378		472		
70		366		406		
70		357		418		
70		348		425		
70		313		425		
70		252		444		
70		242		452		
70		258		452		
70		271		452		
70		341		4205		
70		373		4205		
70		501		4205		
70		702		4205		
70		927		4205		
70		880		4205		
70		1060		4205		
70		499		3995		
70		594		3995		
70		842		3995		
70		680		3995		
70		900		3995		
70		1202		3995		
70		686		3840		
70		638		3840		
70		482		3686		
70		412		3468		
70		409		3468		
70		291		3468		
70		534		3468		

Run no: 29
303		428		625		
99		392		625		
86		358		532		
86		336		424		
86		321		558		
86		292		462		
86		387		5492		
86		454		5492		
81		537		5492		
81		423		5492		
81		429		5492		
81		503		5492		
81		567		5492		
81		462		5264		
81		548		5264		
81		774		5264		
81		948		5264		
81		654		5264		
81		851		5264		
81		1036		4374		
81		1117		4374		
81		1126		4374		
81		1045		4374		
81		1342		4374		
81		1382		4374		
81		892		4192		
78		545		4192		
78		773		4192		
65		995		4192		
65		761		4192		
65		537		4192		
