
Run no: 0
91.76	
91.76	
90.76	
90.38	
88.71	
88.71	
88.71	
88.26	
88.26	
88.24	
88.24	
88.24	
87.74	
86.28	
86.28	
86.1	
86.1	
86.1	
86.1	
86.06	
86.06	
86.06	
86.06	
86.06	
85.5	
85.47	
85.47	
85.47	
85.47	
85.35	
85.35	

Run no: 1
93.51	
93.51	
93.51	
93.51	
93.51	
91.51	
91.16	
91.16	
91.16	
85.77	
85.77	
85.77	
85.77	
85.76	
81.06	
81.06	
81.06	
81.06	
81.06	
80.76	
80.76	
80.76	
80.76	
80.26	
80.26	
80.26	
80.26	
80.26	
80.26	
80.21	
80.21	

Run no: 2
86.21	
86.21	
86.21	
86.21	
86.21	
86.21	
85.62	
85.62	
85.51	
85.51	
85.51	
85.32	
85.32	
85.32	
83.03	
83.03	
83.03	
83.03	
81.74	
81.74	
81.74	
81.69	
81.64	
81.07	
81.07	
81.07	
81.07	
81.07	
81.07	
81.07	
81.07	

Run no: 3
87.82	
87.82	
87.82	
86.83	
86.83	
86.83	
86.83	
86.83	
80.51	
80.51	
80.48	
80.48	
80.48	
80.48	
80.46	
80.46	
80.46	
80.46	
80.46	
80.46	
80.46	
80.46	
80.17	
80.17	
80.07	
79.78	
79.78	
79.58	
79.58	
79.58	
78.91	

Run no: 4
88.4	
88.4	
88.33	
88.33	
88.25	
88.25	
88.25	
88.24	
87.93	
83.6	
83.6	
83.6	
83.6	
83.6	
83.6	
83.6	
83.6	
83.3	
83.3	
83.3	
83.3	
82.96	
82.96	
82.96	
82.96	
82.96	
82.5	
82.5	
79.58	
79.54	
79.54	

Run no: 5
92.94	
92.94	
92.84	
91.98	
84.59	
84.59	
84.59	
84.59	
84.59	
84.59	
84.59	
83.58	
83.58	
83.58	
83.29	
83.29	
83.29	
82.99	
82.75	
82.75	
82.75	
82.75	
82.75	
82.64	
82.64	
81.48	
81.48	
81.48	
81.48	
81.48	
81.48	

Run no: 6
91.17	
91.17	
91.17	
91.17	
91.07	
91.02	
91.02	
89.66	
89.66	
89.66	
89.66	
89.21	
89.21	
89.21	
86.1	
86.1	
86.1	
86.1	
86.1	
86.1	
86.1	
86.1	
86.1	
86.07	
86.07	
86.07	
86.07	
86.07	
83.73	
83.73	
83.73	

Run no: 7
92.65	
92.65	
90.0	
90.0	
90.0	
89.6	
89.6	
89.6	
87.11	
87.11	
86.77	
86.77	
86.52	
81.06	
81.06	
81.06	
81.06	
81.06	
81.06	
81.06	
81.06	
80.08	
80.08	
80.08	
80.08	
80.06	
80.06	
77.21	
77.21	
77.21	
77.09	

Run no: 8
88.89	
88.89	
88.89	
88.89	
88.89	
88.0	
88.0	
88.0	
88.0	
83.06	
83.06	
83.06	
82.56	
82.56	
82.56	
82.56	
81.82	
81.82	
81.82	
81.82	
81.78	
81.78	
81.78	
81.78	
81.78	
81.53	
81.53	
81.53	
81.53	
81.53	
81.53	

Run no: 9
97.64	
92.44	
92.44	
92.44	
92.15	
92.15	
92.15	
89.56	
88.85	
88.22	
88.22	
88.22	
88.22	
88.05	
88.05	
88.05	
88.05	
88.05	
88.05	
88.05	
87.93	
87.84	
84.98	
84.98	
84.76	
84.76	
84.76	
84.76	
84.76	
84.76	
84.76	

Run no: 10
93.52	
90.73	
90.73	
90.73	
86.66	
86.66	
86.66	
86.66	
86.66	
86.41	
83.82	
83.82	
83.82	
83.82	
78.09	
78.09	
77.66	
77.66	
77.66	
77.66	
77.66	
77.66	
77.66	
77.66	
77.66	
77.66	
77.66	
77.66	
77.66	
77.41	
77.41	

Run no: 11
94.87	
94.87	
94.87	
94.87	
89.18	
89.18	
89.18	
89.18	
89.16	
89.16	
89.16	
88.46	
88.46	
88.35	
88.35	
88.35	
88.35	
88.35	
88.35	
88.35	
88.35	
88.35	
88.2	
88.2	
88.2	
88.2	
88.2	
88.2	
88.2	
88.2	
84.8	

Run no: 12
90.19	
90.19	
90.19	
90.19	
90.19	
89.31	
89.31	
88.69	
88.69	
88.68	
88.68	
86.51	
86.5	
86.5	
86.06	
86.06	
86.06	
86.06	
86.06	
85.59	
85.59	
85.59	
85.59	
85.56	
85.56	
85.56	
84.79	
84.79	
84.67	
84.67	
84.67	

Run no: 13
93.37	
93.37	
93.37	
93.31	
93.31	
92.59	
89.69	
89.65	
89.65	
85.77	
79.03	
79.03	
79.03	
79.03	
78.93	
78.93	
78.8	
78.8	
78.8	
78.8	
78.8	
78.8	
78.8	
78.8	
78.51	
78.51	
78.51	
78.51	
78.46	
78.46	
78.46	

Run no: 14
92.61	
92.61	
92.61	
92.6	
87.85	
87.85	
87.17	
87.17	
87.17	
87.03	
87.03	
87.03	
87.03	
87.01	
87.01	
87.01	
86.3	
86.3	
86.3	
86.13	
86.13	
86.13	
86.13	
85.92	
85.16	
85.16	
85.16	
83.79	
83.79	
83.79	
81.81	

Run no: 15
94.55	
94.13	
94.13	
92.97	
92.97	
92.74	
92.74	
92.74	
92.74	
88.99	
85.15	
85.15	
85.15	
75.89	
75.89	
75.89	
75.89	
75.89	
75.89	
75.89	
75.89	
75.89	
75.89	
75.89	
75.89	
75.89	
75.89	
75.89	
75.89	
75.89	
75.89	

Run no: 16
93.57	
93.57	
93.57	
92.8	
92.8	
87.05	
86.36	
86.36	
86.36	
86.36	
83.51	
83.51	
83.51	
81.22	
81.22	
81.22	
81.22	
81.22	
81.22	
81.22	
79.13	
79.13	
79.13	
79.13	
79.13	
78.63	
78.62	
78.62	
78.62	
78.62	
78.62	

Run no: 17
90.64	
90.64	
90.64	
90.64	
90.6	
90.6	
90.6	
90.6	
90.6	
90.6	
89.91	
89.91	
89.91	
89.91	
89.91	
89.91	
84.84	
84.84	
84.69	
84.64	
84.64	
84.64	
84.64	
84.64	
84.64	
84.64	
84.64	
84.64	
84.64	
84.64	
84.64	

Run no: 18
92.49	
92.49	
92.49	
92.04	
91.15	
89.37	
89.37	
89.37	
89.37	
89.37	
89.32	
89.32	
85.48	
85.48	
85.48	
85.48	
85.48	
78.7	
78.28	
78.28	
78.28	
78.28	
78.03	
78.03	
77.85	
77.85	
77.85	
77.85	
77.85	
77.85	
77.35	

Run no: 19
93.86	
93.86	
85.88	
85.88	
84.97	
84.97	
84.97	
84.97	
82.69	
82.69	
82.69	
82.69	
82.69	
82.24	
82.24	
82.24	
82.24	
82.24	
80.95	
80.95	
80.95	
80.95	
80.95	
80.95	
80.95	
79.45	
78.42	
78.42	
78.42	
78.42	
78.42	

Run no: 20
93.52	
93.52	
93.52	
93.52	
92.83	
92.83	
92.83	
89.46	
88.88	
88.88	
88.88	
88.38	
88.38	
88.38	
88.38	
88.38	
88.38	
88.32	
88.32	
88.32	
88.32	
88.32	
88.14	
88.14	
88.14	
88.04	
88.04	
88.04	
88.04	
87.95	
87.95	

Run no: 21
93.02	
93.02	
93.02	
92.92	
89.4	
89.18	
89.18	
88.39	
87.18	
87.18	
87.18	
84.4	
84.4	
84.18	
83.14	
80.53	
80.53	
80.53	
80.53	
80.53	
80.53	
80.53	
80.05	
77.19	
77.19	
77.19	
77.19	
77.19	
77.19	
77.19	
77.19	

Run no: 22
94.25	
94.25	
88.54	
88.54	
88.54	
88.54	
88.54	
88.45	
88.11	
87.92	
87.92	
87.92	
87.92	
84.5	
84.5	
84.5	
83.74	
83.74	
83.74	
83.22	
82.96	
82.96	
82.96	
82.96	
82.96	
82.96	
82.96	
82.96	
82.96	
82.96	
82.61	

Run no: 23
95.42	
95.42	
83.99	
83.77	
83.77	
83.77	
82.77	
82.77	
82.77	
82.77	
82.35	
82.35	
82.35	
82.35	
78.19	
78.19	
78.19	
78.19	
78.19	
78.19	
78.19	
77.72	
77.72	
77.72	
77.72	
76.9	
76.9	
76.9	
76.9	
76.86	
76.86	

Run no: 24
93.77	
93.77	
92.24	
91.35	
85.79	
85.38	
85.0	
85.0	
84.6	
84.6	
84.6	
84.6	
84.6	
83.51	
83.51	
83.51	
83.51	
83.05	
83.04	
81.82	
81.82	
80.77	
80.77	
80.77	
80.77	
80.77	
78.95	
78.95	
78.95	
78.86	
78.86	

Run no: 25
91.96	
91.96	
91.96	
91.96	
90.65	
90.65	
86.05	
86.05	
86.05	
86.05	
86.05	
86.05	
86.05	
85.47	
85.47	
84.0	
84.0	
83.94	
83.94	
78.17	
78.17	
78.17	
78.17	
77.42	
77.42	
77.42	
77.42	
77.42	
76.92	
76.92	
76.92	

Run no: 26
96.26	
96.26	
92.74	
92.74	
92.58	
92.58	
92.36	
92.23	
88.36	
88.36	
88.36	
88.36	
88.36	
88.36	
88.2	
84.71	
84.71	
84.71	
84.71	
84.18	
84.01	
84.01	
84.01	
83.48	
83.48	
83.48	
83.48	
83.48	
83.48	
83.48	
82.77	

Run no: 27
94.43	
94.43	
94.43	
94.43	
93.76	
93.6	
93.6	
93.6	
93.28	
92.89	
92.89	
92.89	
92.66	
92.66	
92.25	
92.12	
92.12	
92.12	
92.12	
88.84	
88.84	
88.84	
88.57	
88.57	
86.5	
86.5	
86.5	
86.5	
84.47	
84.47	
84.47	

Run no: 28
93.6	
93.26	
93.26	
93.26	
93.26	
93.1	
92.16	
92.16	
91.93	
91.93	
91.93	
86.66	
86.66	
86.66	
86.66	
86.66	
86.66	
86.66	
86.36	
86.36	
86.36	
86.36	
86.36	
86.36	
86.36	
86.36	
86.25	
85.96	
85.96	
85.96	
85.96	

Run no: 29
86.58	
86.08	
86.08	
86.08	
85.83	
85.83	
81.36	
81.36	
81.36	
81.36	
81.36	
81.36	
81.36	
80.9	
80.9	
80.9	
80.9	
80.9	
80.9	
80.0	
80.0	
80.0	
80.0	
80.0	
80.0	
79.99	
79.99	
79.99	
79.99	
79.99	
79.99	
