
Run no: 1
71.37	
71.2	
65.65	
65.51	
64.17	
64.17	
64.17	
64.17	
64.17	
64.17	
64.02	
64.02	
64.02	
64.02	
64.02	
61.74	
61.74	
61.74	
61.74	
61.74	
61.22	
59.54	
57.1	
57.1	
57.1	
57.1	
57.1	
57.1	
57.1	
56.92	
56.92	

Run no: 2
71.39	
71.39	
71.28	
71.28	
63.55	
63.55	
58.43	
58.43	
58.43	
58.43	
58.27	
58.27	
58.27	
58.27	
58.27	
58.15	
58.15	
57.99	
57.99	
57.99	
57.78	
57.78	
57.78	
57.78	
57.78	
57.78	
57.58	
56.2	
56.2	
56.2	
56.2	

Run no: 3
70.71	
69.97	
69.86	
69.85	
68.54	
67.44	
67.44	
67.44	
66.42	
66.42	
60.09	
60.09	
60.09	
60.09	
60.09	
59.37	
58.63	
58.63	
58.63	
58.63	
58.63	
58.63	
58.63	
58.63	
58.56	
58.56	
58.56	
58.56	
54.88	
54.88	
54.88	

Run no: 4
68.35	
66.87	
66.87	
66.87	
58.14	
58.14	
58.14	
58.14	
58.14	
58.14	
58.14	
58.14	
58.14	
58.14	
58.14	
57.96	
57.96	
57.96	
57.88	
57.78	
57.78	
57.78	
57.78	
57.78	
57.78	
55.09	
55.09	
55.09	
55.09	
55.09	
55.09	

Run no: 5
71.72	
70.12	
70.12	
69.12	
69.12	
69.12	
65.95	
65.95	
65.95	
65.0	
65.0	
65.0	
64.98	
64.66	
54.57	
54.57	
54.33	
53.95	
53.95	
53.95	
53.95	
53.85	
53.85	
53.85	
53.85	
53.53	
53.39	
53.39	
53.39	
53.39	
53.39	

Run no: 6
70.48	
67.48	
67.48	
67.31	
67.31	
67.3	
66.21	
65.44	
65.44	
61.38	
61.38	
61.35	
60.59	
60.59	
57.88	
57.88	
57.88	
57.88	
57.88	
57.88	
57.88	
57.88	
57.88	
57.88	
57.66	
57.16	
57.16	
57.16	
57.16	
57.16	
56.48	

Run no: 7
71.09	
70.96	
70.96	
62.25	
62.25	
62.25	
62.25	
62.25	
62.25	
62.25	
61.55	
61.55	
61.55	
61.48	
58.45	
58.45	
58.45	
58.45	
58.45	
58.4	
57.94	
57.94	
57.94	
57.94	
57.94	
57.94	
57.94	
57.94	
57.94	
57.94	
57.91	

Run no: 8
70.48	
65.9	
65.9	
65.9	
64.52	
64.52	
64.52	
64.52	
64.52	
64.52	
58.68	
58.68	
58.68	
58.68	
58.68	
58.68	
58.68	
57.83	
57.83	
57.83	
57.83	
57.83	
57.83	
57.83	
57.83	
57.83	
57.83	
57.76	
57.76	
57.04	
57.04	

Run no: 9
71.61	
61.57	
61.38	
61.38	
61.38	
61.38	
61.02	
61.02	
61.02	
61.02	
61.02	
59.86	
59.86	
59.79	
59.79	
59.79	
59.73	
59.29	
59.29	
59.29	
59.29	
57.78	
57.78	
57.78	
55.78	
55.78	
55.78	
55.78	
55.35	
55.33	
55.33	

Run no: 10
68.54	
68.54	
68.54	
62.23	
62.23	
62.23	
62.23	
62.23	
62.23	
61.36	
61.36	
61.36	
61.36	
61.02	
61.02	
60.21	
60.21	
60.21	
60.21	
60.21	
60.18	
60.18	
60.18	
60.18	
59.75	
59.75	
59.75	
59.75	
59.75	
58.6	
58.6	

Run no: 11
73.33	
72.27	
59.12	
59.12	
59.12	
59.12	
59.12	
59.12	
59.12	
59.12	
59.12	
57.99	
57.99	
57.99	
57.24	
57.24	
57.2	
57.2	
57.2	
57.2	
57.2	
57.2	
56.0	
56.0	
56.0	
56.0	
55.97	
55.97	
55.76	
55.76	
55.76	

Run no: 12
73.26	
66.22	
66.22	
66.22	
66.05	
66.05	
66.05	
64.8	
58.5	
58.5	
58.5	
58.5	
58.32	
58.1	
58.1	
58.1	
58.1	
58.1	
57.9	
57.9	
57.13	
57.13	
57.13	
57.13	
57.03	
57.03	
57.03	
57.03	
57.03	
57.03	
57.03	

Run no: 13
72.19	
66.34	
66.34	
64.72	
63.34	
63.34	
63.25	
63.25	
60.15	
60.15	
60.15	
60.15	
60.15	
60.15	
60.15	
60.15	
60.15	
60.15	
60.15	
58.34	
57.62	
57.62	
57.62	
57.62	
57.62	
57.62	
57.62	
57.62	
57.62	
57.62	
57.54	

Run no: 14
68.82	
63.72	
63.62	
63.62	
63.62	
63.62	
63.62	
63.62	
62.76	
62.76	
62.76	
62.76	
62.76	
62.56	
62.56	
62.56	
62.56	
62.22	
62.22	
62.22	
62.22	
62.0	
62.0	
62.0	
61.79	
61.79	
61.79	
60.49	
60.09	
60.09	
60.09	

Run no: 15
67.56	
67.56	
67.56	
67.56	
66.66	
66.66	
66.66	
66.17	
59.19	
59.1	
59.1	
59.1	
59.1	
59.1	
59.1	
59.1	
59.1	
59.1	
59.03	
58.9	
58.9	
58.9	
58.9	
58.5	
58.5	
58.5	
58.5	
58.27	
58.15	
57.82	
57.82	

Run no: 16
68.8	
68.8	
68.8	
60.56	
60.06	
60.06	
60.06	
60.06	
60.06	
60.06	
60.06	
60.06	
60.06	
60.06	
60.06	
60.06	
60.06	
60.06	
60.06	
60.06	
60.06	
60.06	
60.06	
60.06	
60.06	
60.06	
59.97	
59.96	
59.96	
59.86	
59.86	

Run no: 17
66.26	
66.26	
66.26	
65.34	
65.15	
63.05	
63.05	
63.05	
59.75	
59.75	
58.56	
58.56	
58.56	
58.56	
58.56	
58.56	
58.29	
58.29	
58.29	
58.29	
58.29	
58.29	
58.29	
58.29	
58.27	
58.27	
57.85	
57.85	
57.35	
57.35	
57.35	

Run no: 18
70.52	
67.84	
63.15	
63.15	
63.15	
63.08	
63.08	
63.03	
62.88	
61.58	
61.58	
61.58	
61.58	
61.56	
61.24	
59.73	
59.73	
59.73	
59.73	
59.73	
59.73	
59.73	
59.73	
59.73	
59.73	
59.73	
59.73	
59.73	
59.73	
59.73	
58.63	

Run no: 19
71.32	
71.32	
71.32	
67.17	
67.01	
67.01	
66.86	
66.86	
66.58	
64.78	
64.78	
64.78	
59.63	
59.63	
59.63	
59.63	
59.63	
59.63	
59.63	
59.63	
59.63	
59.63	
56.51	
56.51	
56.51	
56.51	
56.51	
56.51	
56.51	
56.51	
56.51	

Run no: 20
70.57	
69.42	
69.42	
69.42	
65.06	
65.06	
65.06	
63.51	
63.51	
63.51	
63.17	
63.17	
63.17	
62.6	
62.6	
62.6	
61.58	
61.58	
61.23	
61.23	
58.76	
57.04	
57.04	
57.04	
57.04	
57.04	
57.04	
57.04	
57.04	
57.04	
57.04	

Run no: 21
69.18	
69.18	
69.18	
64.72	
64.72	
63.11	
63.11	
60.37	
59.41	
59.41	
59.41	
59.41	
59.41	
59.41	
56.64	
56.64	
56.64	
56.64	
56.64	
56.64	
56.64	
56.64	
56.35	
56.35	
55.93	
55.55	
55.55	
55.55	
55.44	
55.44	
55.44	

Run no: 22
73.13	
73.13	
73.13	
68.36	
68.36	
68.36	
68.36	
68.36	
65.94	
65.94	
65.94	
65.94	
65.94	
64.38	
64.38	
64.38	
64.38	
64.38	
59.77	
59.77	
59.77	
59.19	
59.19	
59.19	
59.19	
59.19	
59.19	
59.19	
59.19	
58.39	
58.39	

Run no: 23
72.63	
72.63	
72.63	
72.63	
72.63	
68.78	
68.78	
66.86	
66.86	
66.86	
66.86	
66.86	
66.86	
63.75	
58.58	
58.58	
58.58	
58.51	
58.4	
58.31	
58.31	
58.31	
58.31	
58.31	
58.31	
58.29	
58.08	
57.08	
57.08	
57.08	
57.08	

Run no: 24
66.25	
66.25	
66.25	
66.25	
66.25	
66.25	
65.72	
65.72	
65.72	
65.72	
61.7	
61.7	
60.42	
60.18	
59.61	
59.61	
59.38	
59.38	
59.38	
59.38	
59.38	
58.59	
58.59	
58.59	
58.59	
58.59	
58.59	
58.24	
58.24	
58.24	
58.24	

Run no: 25
72.57	
55.28	
55.28	
55.28	
55.28	
55.21	
55.21	
55.21	
55.21	
55.21	
54.65	
54.65	
54.65	
54.65	
54.65	
54.17	
54.17	
53.71	
53.71	
53.71	
53.71	
53.71	
53.69	
53.69	
53.69	
53.69	
53.69	
53.69	
53.69	
53.69	
53.69	

Run no: 26
73.53	
69.15	
69.15	
65.6	
65.38	
65.31	
65.31	
63.37	
63.37	
63.37	
63.37	
63.26	
63.26	
62.82	
62.06	
62.06	
62.06	
62.06	
61.68	
61.68	
61.68	
61.08	
61.08	
61.08	
60.09	
60.09	
59.91	
59.91	
59.91	
59.27	
59.1	

Run no: 27
73.17	
73.08	
70.53	
68.15	
68.15	
62.97	
62.97	
62.97	
62.97	
62.09	
62.09	
62.09	
62.09	
60.74	
60.74	
60.64	
58.68	
58.68	
58.68	
58.68	
58.43	
58.43	
58.43	
58.19	
58.19	
58.19	
58.19	
58.19	
58.19	
57.3	
57.3	

Run no: 28
68.9	
67.92	
64.19	
64.19	
64.19	
63.51	
63.51	
63.51	
62.26	
62.26	
61.66	
61.51	
61.51	
61.51	
61.51	
61.51	
61.51	
60.44	
56.49	
56.49	
56.49	
56.49	
56.49	
56.49	
56.49	
56.49	
56.49	
56.43	
56.43	
56.43	
56.43	

Run no: 29
68.94	
63.84	
63.84	
63.84	
57.1	
57.1	
57.1	
57.1	
57.1	
57.1	
57.1	
57.02	
57.02	
57.02	
56.88	
56.88	
56.88	
56.88	
56.88	
56.88	
56.88	
56.88	
55.22	
55.22	
54.89	
54.89	
54.89	
54.89	
54.89	
54.89	
54.89	

Run no: 30
69.59	
69.59	
69.59	
69.59	
67.66	
67.66	
67.66	
67.43	
67.43	
64.89	
64.89	
64.65	
61.37	
61.37	
60.92	
58.41	
58.41	
58.41	
58.41	
58.41	
58.41	
58.41	
56.84	
56.84	
56.84	
56.84	
56.84	
56.69	
56.69	
56.17	
56.17	
