
Run no: 1
1.24	
1.24	
1.24	
1.24	
1.24	
1.24	
1.24	
1.24	
1.18	
1.18	
1.18	
1.18	
1.18	
1.18	
1.18	
1.18	
1.18	
1.18	
1.18	
1.18	
1.18	
1.18	
1.18	
1.18	
1.18	
1.18	
1.18	
1.18	
1.18	
1.18	
1.18	

Run no: 2
1.44	
1.44	
1.44	
1.44	
1.44	
1.44	
1.44	
1.44	
1.44	
1.44	
1.44	
1.44	
1.44	
1.44	
1.44	
1.44	
1.44	
1.44	
1.44	
1.44	
1.29	
1.29	
1.29	
1.29	
1.29	
1.29	
1.29	
1.29	
1.29	
1.29	
1.29	

Run no: 3
1.53	
1.53	
1.53	
1.53	
1.53	
1.53	
1.53	
1.53	
1.53	
1.53	
1.53	
1.53	
1.53	
1.53	
1.53	
1.53	
1.53	
1.53	
1.53	
1.53	
1.53	
1.53	
1.53	
1.53	
1.53	
1.53	
1.53	
1.53	
1.53	
1.53	
1.53	

Run no: 4
1.52	
1.52	
1.52	
1.52	
1.52	
1.52	
1.52	
1.52	
1.52	
1.52	
1.52	
1.52	
1.52	
1.52	
1.52	
1.52	
1.52	
1.52	
1.52	
1.52	
1.52	
1.52	
1.52	
1.52	
1.52	
1.52	
1.52	
1.52	
1.52	
1.52	
1.52	

Run no: 5
1.47	
1.47	
1.47	
1.47	
1.47	
1.47	
1.47	
1.47	
1.47	
1.47	
1.47	
1.47	
1.47	
1.47	
1.47	
1.47	
1.47	
1.47	
1.47	
1.47	
1.47	
1.47	
1.47	
1.47	
1.47	
1.47	
1.47	
1.47	
1.47	
1.47	
1.47	

Run no: 6
1.36	
1.36	
1.36	
1.36	
1.36	
1.36	
1.36	
1.36	
1.36	
1.36	
1.36	
1.36	
1.36	
1.36	
1.36	
1.36	
1.36	
1.36	
1.36	
1.36	
1.36	
1.36	
1.36	
1.36	
1.36	
1.36	
1.35	
1.35	
1.35	
1.35	
1.35	

Run no: 7
1.43	
1.43	
1.43	
1.43	
1.43	
1.43	
1.43	
1.43	
1.43	
1.43	
1.43	
1.43	
1.43	
1.43	
1.43	
1.43	
1.43	
1.43	
1.43	
1.43	
1.43	
1.43	
1.43	
1.43	
1.43	
1.43	
1.43	
1.43	
1.43	
1.43	
1.43	

Run no: 8
1.31	
1.31	
1.31	
1.31	
1.31	
1.31	
1.31	
1.31	
1.31	
1.31	
1.31	
1.31	
1.31	
1.31	
1.31	
1.31	
1.31	
1.31	
1.31	
1.31	
1.31	
1.31	
1.31	
1.31	
1.31	
1.31	
1.31	
1.31	
1.31	
1.31	
1.31	

Run no: 9
1.41	
1.41	
1.41	
1.41	
1.41	
1.41	
1.41	
1.41	
1.41	
1.41	
1.41	
1.41	
1.41	
1.41	
1.41	
1.3	
1.3	
1.3	
1.3	
1.3	
1.3	
1.3	
1.3	
1.3	
1.3	
1.3	
1.3	
1.3	
1.3	
1.3	
1.3	

Run no: 10
1.3	
1.3	
1.3	
1.3	
1.3	
1.3	
1.3	
1.3	
1.3	
1.3	
1.29	
1.29	
1.29	
1.29	
1.29	
1.29	
1.29	
1.29	
1.29	
1.29	
1.29	
1.29	
1.29	
1.29	
1.29	
1.29	
1.29	
1.29	
1.29	
1.29	
1.29	

Run no: 11
1.44	
1.44	
1.44	
1.44	
1.44	
1.44	
1.44	
1.44	
1.44	
1.44	
1.44	
1.44	
1.44	
1.44	
1.44	
1.44	
1.44	
1.44	
1.44	
1.44	
1.44	
1.44	
1.44	
1.44	
1.44	
1.44	
1.44	
1.44	
1.44	
1.44	
1.44	

Run no: 12
1.49	
1.49	
1.49	
1.49	
1.49	
1.49	
1.49	
1.49	
1.49	
1.49	
1.49	
1.49	
1.49	
1.49	
1.48	
1.48	
1.48	
1.48	
1.48	
1.48	
1.48	
1.48	
1.48	
1.48	
1.48	
1.48	
1.48	
1.48	
1.48	
1.48	
1.48	

Run no: 13
1.18	
1.18	
1.18	
1.18	
1.18	
1.18	
1.18	
1.18	
1.18	
1.18	
1.18	
1.18	
1.18	
1.18	
1.18	
1.18	
1.18	
1.18	
1.18	
1.18	
1.18	
1.18	
1.18	
1.18	
1.18	
1.18	
1.18	
1.18	
1.18	
1.18	
1.18	

Run no: 14
1.51	
1.51	
1.51	
1.51	
1.51	
1.51	
1.51	
1.51	
1.5	
1.5	
1.48	
1.48	
1.48	
1.48	
1.48	
1.48	
1.48	
1.48	
1.48	
1.48	
1.48	
1.48	
1.4	
1.4	
1.4	
1.4	
1.4	
1.4	
1.4	
1.4	
1.4	

Run no: 15
1.44	
1.44	
1.44	
1.44	
1.44	
1.44	
1.44	
1.44	
1.44	
1.44	
1.44	
1.44	
1.44	
1.44	
1.44	
1.44	
1.44	
1.44	
1.44	
1.44	
1.44	
1.44	
1.44	
1.44	
1.44	
1.44	
1.36	
1.36	
1.36	
1.36	
1.36	

Run no: 16
1.36	
1.36	
1.36	
1.36	
1.36	
1.36	
1.36	
1.36	
1.36	
1.36	
1.36	
1.36	
1.36	
1.36	
1.36	
1.36	
1.36	
1.36	
1.36	
1.36	
1.36	
1.36	
1.36	
1.36	
1.36	
1.36	
1.36	
1.36	
1.36	
1.36	
1.36	

Run no: 17
1.48	
1.48	
1.48	
1.48	
1.48	
1.48	
1.48	
1.48	
1.48	
1.48	
1.48	
1.48	
1.48	
1.48	
1.48	
1.48	
1.48	
1.48	
1.48	
1.48	
1.48	
1.48	
1.48	
1.48	
1.38	
1.38	
1.38	
1.38	
1.38	
1.38	
1.38	

Run no: 18
1.57	
1.57	
1.57	
1.57	
1.57	
1.57	
1.57	
1.57	
1.57	
1.57	
1.57	
1.57	
1.57	
1.57	
1.57	
1.57	
1.57	
1.57	
1.57	
1.57	
1.57	
1.57	
1.57	
1.57	
1.57	
1.57	
1.57	
1.57	
1.57	
1.57	
1.57	

Run no: 19
1.37	
1.37	
1.37	
1.37	
1.37	
1.37	
1.37	
1.37	
1.37	
1.37	
1.37	
1.37	
1.37	
1.37	
1.37	
1.37	
1.37	
1.37	
1.26	
1.26	
1.26	
1.26	
1.26	
1.26	
1.26	
1.26	
1.26	
1.26	
1.26	
1.26	
1.26	

Run no: 20
1.35	
1.35	
1.35	
1.35	
1.35	
1.35	
1.35	
1.18	
1.18	
1.18	
1.18	
1.18	
1.18	
1.18	
1.18	
1.18	
1.18	
1.18	
1.18	
1.18	
1.18	
1.18	
1.18	
1.18	
1.18	
1.18	
1.18	
1.18	
1.18	
1.18	
1.18	

Run no: 21
1.62	
1.62	
1.62	
1.62	
1.62	
1.62	
1.62	
1.62	
1.62	
1.62	
1.62	
1.62	
1.62	
1.62	
1.62	
1.62	
1.62	
1.62	
1.62	
1.62	
1.62	
1.62	
1.62	
1.62	
1.62	
1.62	
1.62	
1.62	
1.62	
1.62	
1.55	

Run no: 22
1.54	
1.54	
1.54	
1.54	
1.54	
1.54	
1.54	
1.54	
1.54	
1.54	
1.54	
1.54	
1.54	
1.54	
1.54	
1.54	
1.54	
1.54	
1.54	
1.54	
1.52	
1.52	
1.52	
1.52	
1.52	
1.52	
1.52	
1.52	
1.52	
1.52	
1.52	

Run no: 23
1.43	
1.43	
1.43	
1.43	
1.43	
1.43	
1.43	
1.43	
1.43	
1.43	
1.43	
1.43	
1.43	
1.43	
1.43	
1.43	
1.43	
1.43	
1.43	
1.43	
1.43	
1.43	
1.43	
1.43	
1.43	
1.43	
1.43	
1.43	
1.43	
1.43	
1.43	

Run no: 24
1.23	
1.23	
1.23	
1.23	
1.23	
1.23	
1.23	
1.23	
1.23	
1.23	
1.23	
1.23	
1.23	
1.23	
1.23	
1.23	
1.23	
1.23	
1.23	
1.23	
1.23	
1.23	
1.23	
1.23	
1.23	
1.23	
1.06	
1.06	
1.06	
1.06	
1.06	

Run no: 25
1.28	
1.28	
1.28	
1.28	
1.28	
1.28	
1.28	
1.28	
1.24	
1.24	
1.24	
1.24	
1.24	
1.24	
1.24	
1.24	
1.24	
1.24	
1.24	
1.24	
1.24	
1.24	
1.24	
1.24	
1.24	
1.24	
1.24	
1.24	
1.24	
1.24	
1.24	

Run no: 26
1.3	
1.3	
1.3	
1.3	
1.3	
1.3	
1.3	
1.3	
1.3	
1.3	
1.3	
1.3	
1.3	
1.3	
1.3	
1.3	
1.3	
1.3	
1.26	
1.26	
1.26	
1.26	
1.26	
1.26	
1.26	
1.26	
1.26	
1.26	
1.26	
1.26	
1.26	

Run no: 27
1.41	
1.41	
1.41	
1.41	
1.41	
1.4	
1.4	
1.4	
1.4	
1.4	
1.4	
1.4	
1.4	
1.4	
0.62	
0.62	
0.62	
0.62	
0.62	
0.62	
0.62	
0.62	
0.62	
0.62	
0.62	
0.62	
0.62	
0.62	
0.62	
0.62	
0.62	

Run no: 28
1.4	
1.4	
1.4	
1.4	
1.4	
1.4	
1.4	
1.4	
1.33	
1.33	
1.33	
1.33	
1.33	
1.25	
1.25	
1.25	
1.25	
1.25	
1.19	
1.17	
1.17	
1.17	
1.17	
1.17	
1.17	
1.17	
1.17	
1.17	
1.17	
1.17	
1.17	

Run no: 29
1.33	
1.33	
1.33	
1.33	
1.33	
1.33	
1.33	
1.33	
1.33	
1.33	
1.33	
1.33	
1.33	
1.33	
1.33	
1.33	
1.33	
1.33	
1.33	
1.33	
1.33	
1.33	
1.33	
1.33	
1.33	
1.33	
1.33	
1.33	
1.33	
1.33	
1.11	

Run no: 30
1.33	
1.33	
1.33	
1.33	
1.33	
1.33	
1.33	
1.33	
1.33	
1.33	
1.33	
1.33	
1.33	
1.33	
1.33	
1.33	
1.33	
1.33	
1.33	
1.33	
1.33	
1.33	
1.33	
1.33	
1.33	
1.33	
1.33	
1.24	
1.24	
1.24	
1.24	
