
Run no: 1
1.74	1.69	1.81	1.81	2.12	2.01	1.82	1.72	1.98	1.78	1.89	1.9	1.79	1.83	1.64	1.99	1.61	1.8	1.85	1.74	1.62	1.84	1.75	1.68	1.7	1.83	1.91	1.77	1.84	1.53	1.81	1.72	1.67	2.0	1.8	1.8	1.24	1.59	1.6	2.08	
2.12	1.78	1.99	2.13	2.28	1.98	1.78	1.98	1.27	1.47	2.17	1.64	1.42	1.41	1.77	1.61	1.27	1.46	1.99	2.28	2.24	2.19	2.25	1.78	1.29	1.31	1.97	1.79	1.47	1.74	1.61	2.23	2.18	1.5	1.36	1.53	1.66	1.2	1.57	1.51	

Run no: 2
1.69	1.5	1.83	1.76	1.93	1.73	1.77	1.72	1.93	1.72	1.69	1.89	1.96	1.67	1.83	2.01	1.95	1.86	1.58	1.89	1.44	1.47	1.87	1.77	1.61	1.59	1.94	1.76	1.92	1.72	1.72	1.76	1.85	1.84	1.68	1.73	1.86	1.63	1.67	1.54	
1.69	1.96	2.16	1.58	1.5	2.23	2.07	1.34	1.38	1.46	1.24	1.51	2.12	2.06	1.38	1.45	2.13	1.24	1.34	1.58	1.57	1.96	1.69	1.43	2.13	2.15	2.22	1.51	2.03	1.38	1.22	1.97	1.96	2.14	2.1	1.43	1.36	1.45	0.56	1.39	

Run no: 3
1.79	1.98	2.21	1.69	1.84	1.94	1.78	2.01	1.53	1.82	1.95	1.75	2.28	1.99	2.17	1.79	1.7	1.95	1.74	2.12	1.9	1.74	2.04	2.16	1.93	1.7	1.88	1.78	2.29	1.76	1.92	2.14	2.12	2.09	2.17	1.54	2.01	2.14	1.72	1.87	
1.92	1.71	1.77	1.54	2.45	2.19	1.89	2.42	1.77	1.8	1.79	1.76	1.85	2.44	2.16	2.18	1.92	1.69	1.71	2.43	1.51	1.6	1.83	1.69	1.7	1.69	1.76	2.43	1.8	1.69	2.43	2.43	1.91	1.91	1.78	1.6	1.76	2.52	2.16	1.81	

Run no: 4
1.99	2.27	2.14	2.06	2.15	2.16	1.81	2.14	2.12	2.02	1.91	2.07	1.96	1.52	1.82	2.2	2.13	2.1	1.92	2.19	1.96	2.36	2.22	1.94	1.91	2.05	2.0	2.13	1.99	2.21	2.16	1.64	2.01	2.18	1.9	1.8	2.15	2.12	1.88	2.0	
1.81	2.2	2.13	2.36	1.86	2.03	2.45	2.54	2.08	2.52	2.44	1.6	2.02	2.13	1.97	1.81	2.43	2.35	2.36	2.03	2.43	2.05	2.12	2.44	1.81	1.6	1.85	2.14	2.17	2.2	2.21	2.55	2.53	2.57	2.54	1.59	1.63	1.8	1.83	1.83	

Run no: 5
1.7	1.69	1.95	2.0	1.93	1.8	1.84	1.86	1.95	1.58	1.47	1.73	1.48	1.77	1.91	1.7	2.06	1.77	1.86	1.6	1.75	1.52	2.13	1.88	1.92	1.85	1.88	2.05	1.79	1.47	1.73	1.99	1.93	2.02	1.89	1.71	1.76	1.92	1.81	1.51	
2.02	1.51	1.75	2.21	1.93	2.4	1.56	1.58	1.79	1.68	2.22	1.5	2.3	2.33	1.47	2.21	1.92	1.92	2.38	2.22	2.28	1.67	1.72	1.74	1.57	1.56	2.02	1.51	1.7	1.41	2.18	2.21	1.51	2.21	1.56	1.71	1.47	1.85	2.32	1.47	

Run no: 6
1.86	1.84	1.91	1.91	2.12	2.05	1.93	2.04	1.95	1.76	1.96	1.9	1.5	1.98	1.84	1.96	2.0	1.96	1.93	1.8	2.19	1.36	1.53	1.88	2.11	1.7	1.8	1.57	1.97	1.81	1.85	1.83	2.04	1.84	1.8	1.72	1.99	2.0	2.06	1.64	
1.8	1.55	2.31	2.32	1.92	1.37	1.35	1.7	2.14	1.29	1.92	2.42	2.01	1.46	1.43	2.0	2.01	2.01	1.7	2.3	2.32	1.37	1.26	1.52	2.19	1.8	1.28	1.45	1.39	1.34	1.33	1.7	1.38	1.41	2.3	2.31	1.93	1.15	2.39	1.65	

Run no: 7
2.26	1.52	1.63	2.3	1.86	2.03	2.01	2.18	2.13	2.09	1.51	2.06	2.01	1.82	2.12	2.21	2.2	1.78	2.04	1.99	1.9	1.81	1.67	2.03	1.72	1.98	2.02	1.96	1.71	1.85	2.19	2.0	1.43	2.01	2.33	1.74	1.97	2.06	1.58	2.02	
2.01	2.12	2.2	2.42	2.34	2.18	2.31	2.55	2.31	1.76	1.72	2.03	1.58	1.48	1.44	1.57	2.34	2.41	2.31	1.66	2.06	1.74	2.31	2.15	2.08	2.31	2.01	1.99	2.2	1.43	2.32	2.06	1.66	1.58	2.3	1.58	2.26	2.31	2.25	1.6	

Run no: 8
1.77	1.92	1.88	2.03	1.75	1.73	1.96	1.31	1.91	1.61	1.65	1.56	1.83	1.34	1.79	1.55	1.83	1.78	1.89	1.78	1.98	1.6	1.83	1.85	1.65	1.98	1.64	1.44	1.94	1.75	1.82	1.82	1.82	1.92	1.99	1.96	1.78	1.65	1.34	1.81	
1.65	1.92	1.78	2.14	2.12	1.68	1.69	1.93	2.38	2.03	2.27	1.7	1.17	2.09	1.53	2.37	1.76	2.24	2.09	2.04	2.1	1.14	1.53	2.24	2.32	1.77	1.82	1.79	1.24	1.76	2.0	2.05	2.1	1.53	2.27	1.79	2.32	2.0	2.31	1.77	

Run no: 9
1.78	1.96	1.89	1.84	1.91	1.48	1.96	1.73	1.88	2.0	1.76	1.52	1.58	1.92	1.79	1.77	1.89	1.98	1.9	1.92	1.73	1.59	1.88	1.53	1.63	1.9	2.11	1.79	1.49	1.71	1.81	1.56	1.67	1.98	1.72	1.9	1.41	1.68	1.91	1.6	
1.9	1.81	2.23	2.16	1.3	1.78	1.99	1.36	1.83	1.16	2.01	1.59	1.46	1.57	1.8	1.36	1.82	1.72	1.71	1.79	1.98	1.15	1.94	2.14	1.9	2.23	1.37	1.55	1.88	1.36	1.46	1.94	1.87	2.18	2.14	2.21	1.91	1.37	1.54	1.55	

Run no: 10
1.3	1.85	1.58	1.5	1.94	1.72	1.82	1.97	2.0	1.72	1.94	1.78	1.72	2.04	1.73	1.65	2.04	1.7	1.82	1.55	1.97	1.82	1.74	1.74	1.84	1.78	1.4	1.9	1.77	1.72	1.74	1.82	2.02	1.68	1.92	1.68	1.88	2.15	1.95	1.57	
1.72	2.04	2.24	2.26	2.03	2.3	2.23	2.1	1.56	2.36	1.62	1.55	1.62	2.27	1.54	1.34	1.64	2.25	2.26	2.24	2.24	1.29	2.1	2.29	1.7	2.25	1.58	1.63	1.63	1.57	1.53	1.56	1.51	2.1	1.56	1.41	1.62	2.29	2.04	1.48	

Run no: 11
1.63	1.54	2.07	1.98	1.79	1.96	1.73	1.74	2.23	1.88	1.69	2.04	2.05	2.24	2.14	2.2	2.09	1.82	1.77	1.97	1.86	1.96	1.89	2.0	1.94	1.91	1.55	2.11	2.05	2.06	1.77	1.82	1.6	1.65	1.7	1.77	1.44	1.86	2.12	1.85	
2.05	2.24	1.44	2.34	2.05	2.21	2.32	2.48	2.47	2.35	1.85	2.3	1.61	1.49	1.79	1.66	1.48	1.82	1.86	1.82	1.81	1.5	2.3	2.48	1.75	1.45	1.5	1.84	1.5	1.5	2.21	2.23	2.43	2.3	1.48	2.47	1.82	2.21	2.31	2.28	

Run no: 12
1.88	2.12	1.89	1.83	2.26	2.24	1.85	1.76	2.16	1.8	2.0	1.66	1.99	2.12	1.49	2.03	2.02	1.99	1.69	1.92	2.14	1.98	2.2	1.68	2.19	2.23	1.64	1.83	1.81	2.05	1.57	2.18	2.02	2.11	2.08	2.23	2.08	1.93	2.11	1.95	
1.99	2.18	2.16	2.1	1.79	1.49	2.26	2.34	2.46	2.18	1.45	1.64	2.04	2.26	2.49	2.34	1.63	1.63	2.03	2.37	1.99	1.45	2.33	1.48	1.79	2.02	2.02	2.02	2.19	1.45	2.51	2.51	2.46	2.33	1.48	1.99	1.78	2.34	1.65	2.32	

Run no: 13
1.56	1.68	1.64	1.9	1.93	1.69	1.81	1.92	1.37	1.53	1.82	1.72	1.18	1.62	1.69	1.45	1.77	1.74	1.85	1.92	1.57	1.69	1.34	1.63	1.65	1.64	1.76	1.82	1.82	1.86	1.75	1.64	1.81	1.65	1.78	1.73	1.97	1.77	1.9	1.83	
1.45	2.1	1.82	1.94	1.64	1.54	2.06	1.62	1.56	1.14	2.17	1.95	1.36	2.09	1.84	1.23	1.43	1.97	1.84	1.43	1.36	1.59	1.06	1.95	1.94	1.92	1.93	1.81	1.37	1.37	2.06	1.22	1.81	1.84	1.48	1.44	1.34	1.92	2.09	1.97	

Run no: 14
1.76	2.1	1.88	1.91	1.67	2.2	2.07	1.85	2.01	1.67	1.84	1.76	1.74	2.13	2.09	2.09	1.51	1.99	1.87	2.11	1.56	1.95	2.13	2.05	2.11	2.15	1.56	1.58	1.93	1.72	2.22	2.17	1.91	2.15	1.89	1.98	1.82	1.88	1.68	2.01	
1.72	2.4	2.49	1.72	1.47	2.46	2.18	2.35	2.6	1.4	1.96	1.39	2.6	2.52	1.92	1.47	2.26	1.71	2.45	1.64	2.17	2.39	2.52	2.57	1.43	1.4	2.27	1.85	1.93	1.69	1.64	1.65	1.66	2.43	2.37	2.26	1.42	1.47	2.17	1.86	

Run no: 15
2.08	1.92	1.98	1.46	1.87	1.94	1.68	1.97	1.88	2.05	1.77	1.87	1.89	1.6	1.88	1.76	1.93	1.48	1.99	1.92	1.55	2.17	1.84	1.86	2.12	2.01	2.09	1.81	2.11	1.62	1.95	1.81	1.82	1.81	1.48	1.91	1.44	1.98	1.48	1.74	
1.88	1.99	1.38	2.32	1.75	2.25	1.4	1.61	1.36	2.18	1.44	2.29	1.93	1.91	1.38	2.28	1.29	1.87	1.87	1.72	2.25	1.62	1.99	1.94	2.32	1.42	1.4	2.14	1.92	1.92	1.38	1.39	1.51	1.62	1.69	1.29	2.31	1.99	1.92	1.34	

Run no: 16
1.83	1.77	1.85	1.52	1.6	1.68	1.67	1.64	1.77	1.69	2.03	1.38	1.73	1.54	1.69	1.78	1.92	1.84	1.87	1.85	1.8	1.7	1.86	1.84	1.79	1.71	1.88	1.76	1.54	1.78	1.74	1.75	1.77	1.72	1.47	1.93	1.77	1.87	1.8	1.36	
1.76	1.76	1.6	2.14	1.39	2.02	1.77	1.78	2.15	1.78	1.35	1.73	1.78	1.36	1.4	2.17	2.25	2.15	2.0	1.72	1.77	1.54	1.48	1.41	1.6	1.35	1.37	2.16	1.72	1.54	1.39	1.73	1.86	1.33	1.49	1.64	2.15	1.62	1.72	1.29	

Run no: 17
1.79	1.72	2.14	1.8	1.64	1.89	1.87	1.84	2.01	1.7	1.99	1.74	1.99	1.73	1.52	1.75	1.83	1.94	1.99	1.48	1.91	1.96	1.8	1.92	1.78	1.83	1.62	1.88	1.98	1.58	1.71	1.9	2.19	1.9	1.9	1.71	1.82	1.5	2.07	1.56	
1.87	1.75	2.35	2.21	1.38	2.15	1.67	2.23	2.28	2.26	2.18	1.87	2.13	1.78	1.79	1.79	1.71	1.64	1.59	1.38	1.88	2.23	2.37	1.39	1.57	1.32	2.28	2.12	2.16	1.64	1.58	1.88	1.42	1.41	1.39	2.14	2.13	2.32	1.31	1.87	

Run no: 18
2.02	2.0	2.14	1.93	1.79	1.89	2.09	1.76	1.99	1.95	1.76	2.08	2.08	2.01	1.84	2.15	2.15	2.13	1.57	1.73	1.66	1.69	1.89	1.75	1.62	2.03	2.05	1.92	1.94	1.89	2.2	1.68	2.1	1.86	1.94	1.94	2.06	1.88	2.18	1.66	
2.13	2.18	2.37	2.11	2.29	2.02	1.68	1.55	1.91	1.9	1.7	2.42	1.68	1.8	1.72	2.36	2.37	2.01	2.02	1.91	2.29	1.58	1.7	1.67	1.77	1.91	1.95	1.55	2.01	2.01	2.41	1.57	1.6	2.28	1.55	1.9	1.69	1.58	2.29	2.32	

Run no: 19
1.96	1.75	2.12	1.9	1.68	1.85	1.57	2.04	1.84	1.89	1.41	2.01	1.87	1.54	2.04	1.68	1.64	1.78	1.8	1.8	1.96	1.96	2.17	1.86	1.91	1.58	1.82	1.91	1.7	1.73	1.72	1.95	1.98	1.91	1.99	1.37	1.88	1.63	1.78	1.95	
1.9	2.01	1.86	2.2	2.06	1.91	1.79	1.94	1.6	1.3	1.89	2.26	1.62	1.25	1.74	2.13	1.54	1.61	1.71	1.68	1.65	1.26	1.9	1.79	2.01	1.35	1.62	1.3	2.16	1.58	1.73	2.16	2.06	2.15	2.07	2.39	1.72	1.72	1.7	2.18	

Run no: 20
1.83	1.93	1.87	2.01	1.74	1.81	1.95	1.95	1.94	1.61	1.94	1.87	1.83	1.38	1.83	1.72	1.68	1.77	1.89	2.09	1.72	2.07	1.63	1.87	1.43	1.89	1.62	1.91	1.38	1.73	1.64	1.89	1.84	1.59	1.62	2.04	1.35	1.79	1.78	1.74	
1.83	2.01	2.0	1.82	1.8	2.17	1.21	1.45	1.56	2.26	1.65	1.67	2.0	2.26	1.83	2.21	2.26	1.77	1.81	1.59	1.45	1.26	1.57	2.16	1.75	1.82	1.82	1.81	1.82	1.83	1.58	1.61	1.59	1.24	1.44	1.57	2.16	1.23	2.0	2.12	

Run no: 21
1.96	2.25	2.17	2.15	2.36	2.09	1.88	2.16	1.72	2.19	2.13	1.99	2.19	1.62	2.14	1.95	2.36	2.21	2.05	2.37	2.12	2.24	1.73	2.05	1.97	1.86	1.84	2.16	1.9	2.18	2.13	1.66	1.97	1.75	1.85	2.15	2.12	2.07	1.75	2.16	
2.16	1.75	2.56	1.86	2.44	2.16	2.59	2.37	1.6	1.88	2.05	1.64	1.55	2.37	1.88	1.85	1.89	2.05	2.59	2.43	1.75	2.13	2.35	1.59	2.58	2.58	1.85	2.14	2.12	1.75	1.59	2.14	1.85	1.83	1.56	1.86	1.75	2.58	2.31	2.13	

Run no: 22
1.88	1.76	2.14	1.95	2.08	2.13	2.02	1.75	1.92	2.0	1.86	1.79	1.88	1.77	2.14	1.96	2.02	2.1	2.05	2.01	1.78	1.93	1.55	1.68	1.69	2.19	2.08	1.99	1.93	1.54	1.95	2.17	2.02	1.7	1.91	1.96	1.63	2.14	1.65	1.64	
2.14	2.02	1.95	2.14	2.37	1.58	1.56	1.82	2.32	1.68	1.94	1.52	1.95	2.02	2.13	2.14	1.83	1.67	1.93	1.68	1.54	2.32	2.43	2.37	2.09	1.91	2.01	1.93	1.92	1.93	1.68	2.36	1.56	2.24	1.54	1.67	2.11	2.01	2.0	1.91	

Run no: 23
1.84	2.13	2.07	1.55	1.74	1.99	1.43	1.84	1.81	1.82	2.19	2.1	1.94	1.46	1.87	1.92	1.72	1.74	2.24	2.06	1.98	1.88	2.09	1.69	1.88	1.85	2.06	1.93	2.09	1.98	1.74	2.05	1.67	1.94	2.03	1.85	1.71	2.07	1.62	1.73	
2.15	1.48	2.1	1.42	2.29	1.74	1.41	1.74	1.47	1.7	2.22	1.66	1.72	2.15	2.1	2.08	1.3	1.42	2.33	2.34	2.14	1.48	1.74	1.71	1.42	1.48	2.32	1.71	2.37	2.3	1.65	2.15	1.42	1.45	1.48	1.39	1.72	2.35	1.44	2.31	

Run no: 24
2.02	1.93	1.95	2.07	1.85	1.89	1.9	1.96	1.73	1.85	1.98	1.42	1.57	1.82	1.82	1.77	2.07	1.8	1.5	1.7	1.76	1.49	1.87	2.1	1.3	1.79	1.91	1.91	1.96	1.75	1.79	1.52	2.06	2.0	1.73	1.71	1.43	1.81	1.94	1.23	
2.07	1.73	2.36	1.95	2.05	1.2	1.06	1.06	2.21	2.36	1.72	1.74	1.75	1.95	2.04	2.32	2.33	2.25	1.08	1.17	1.03	2.13	1.95	1.94	1.91	2.29	2.25	2.08	2.05	1.06	1.36	1.06	2.3	2.32	2.25	1.35	2.33	1.73	1.27	1.7	

Run no: 25
1.75	1.77	1.28	1.7	1.76	1.77	1.33	1.42	1.66	1.85	1.78	1.34	1.78	1.62	1.8	1.77	1.63	1.67	1.7	1.49	1.63	1.6	1.56	1.71	1.72	1.7	1.59	1.74	1.91	1.62	1.49	1.65	1.52	1.76	1.9	1.66	1.72	1.73	1.75	1.67	
1.85	1.72	2.04	1.62	1.6	1.58	2.14	2.02	2.0	1.49	1.09	1.85	1.38	1.68	1.66	1.38	1.09	1.38	1.58	1.95	1.97	2.04	1.6	1.6	1.7	1.71	1.72	1.71	1.41	1.85	1.85	1.83	1.66	1.53	1.9	1.56	1.48	2.13	1.38	1.94	

Run no: 26
1.81	1.86	1.87	1.9	1.65	1.93	1.82	1.75	1.77	1.86	1.87	1.58	1.5	1.3	1.78	1.85	1.97	1.86	1.3	1.56	1.9	2.04	2.06	1.93	1.7	1.84	1.68	1.91	1.89	1.32	1.57	1.89	1.7	1.85	1.97	1.98	1.69	1.74	1.81	1.99	
1.89	1.69	2.26	1.76	2.19	1.75	1.64	2.25	2.21	1.27	1.35	2.16	1.27	1.25	1.87	1.73	1.35	1.23	1.64	1.68	2.03	2.26	2.21	1.85	1.73	1.87	2.16	2.16	1.83	1.86	1.68	1.68	1.68	1.23	2.22	1.64	1.36	1.34	2.18	1.59	

Run no: 27
1.79	1.5	1.9	1.53	2.01	1.94	1.91	1.59	1.47	1.46	2.01	1.84	1.74	1.51	2.08	1.87	1.9	1.67	1.8	1.91	1.78	1.99	1.77	1.81	1.95	1.76	1.97	1.81	1.86	1.7	1.51	1.58	1.96	1.87	2.12	1.41	1.94	1.72	1.7	1.85	
1.91	1.51	1.87	1.78	1.62	1.47	1.98	2.23	2.24	2.18	1.33	1.41	0.72	2.04	2.14	0.66	1.3	1.91	1.49	1.61	1.78	1.51	1.86	2.05	2.21	2.16	2.22	2.23	1.94	1.98	1.31	1.26	1.86	1.51	1.3	0.66	1.48	2.14	2.11	1.43	

Run no: 28
1.88	1.83	1.96	2.07	1.77	1.47	1.99	1.56	1.86	1.8	1.81	1.91	1.97	1.76	1.88	1.62	1.65	1.57	1.73	1.9	1.59	1.89	1.92	1.92	1.4	1.84	2.08	1.94	1.61	1.88	1.85	1.89	1.79	1.95	1.78	1.43	1.61	1.5	1.78	2.08	
1.96	1.84	1.85	2.33	1.96	1.57	1.71	1.39	1.55	1.32	2.16	1.24	1.16	2.27	2.23	1.55	1.85	1.85	1.85	1.71	1.55	1.3	2.14	2.32	1.39	1.57	1.39	1.19	1.15	1.16	2.23	1.83	1.71	2.33	1.42	2.23	1.64	2.27	1.16	1.08	

Run no: 29
1.73	1.37	1.43	1.63	1.91	1.87	1.83	1.89	1.67	1.33	1.75	1.68	1.6	1.79	1.98	1.64	1.84	1.64	1.81	1.49	1.97	1.85	1.69	1.47	1.89	1.47	1.75	2.01	1.92	1.94	1.85	1.61	1.72	1.85	1.82	1.96	1.84	1.81	1.79	1.6	
1.98	1.47	1.84	1.81	2.36	1.98	2.21	1.7	1.58	2.22	1.17	1.56	1.5	2.25	1.86	1.37	1.84	1.11	1.38	1.38	2.27	1.8	1.69	1.7	2.2	1.63	1.58	2.36	2.21	1.79	1.82	1.56	1.47	2.35	1.37	1.36	2.21	1.84	1.84	1.38	

Run no: 30
2.05	2.13	2.02	1.99	1.96	1.94	1.54	2.12	1.59	1.84	1.66	1.57	1.64	1.84	1.76	1.98	1.75	1.71	2.0	1.96	1.66	1.81	1.33	1.61	1.59	2.17	1.83	1.85	1.66	1.49	1.76	1.75	1.61	1.94	1.98	2.06	1.91	1.5	1.65	2.05	
1.94	1.75	2.26	2.22	2.32	1.58	1.47	2.23	1.3	1.64	2.23	1.24	1.41	1.4	1.48	1.29	1.94	1.48	2.5	1.74	1.45	1.6	1.64	1.21	2.21	2.26	1.39	1.57	1.48	1.75	1.74	1.38	1.94	2.22	1.3	1.27	1.39	1.45	1.6	1.31	
