
Run no: 0
0	1	1000.36865		5806	81.39
1	1	1000.0064		5806	81.39
2	1	1000.00055		61	95.44
3	1	1000.0		61	95.44
4	1	1.0031065		3688	81.48
5	1	0.8443288		174	81.71
6	1	0.4551524		66	88.83
7	1	0.45480427		64	95.22
8	1	0.22249705		109	84.59
9	1	0.11047886		92	85.68
10	1	0.10978261		84	87.22
11	1	0.06848598		97	85.61
12	1	0.06761566		102	84.66
13	1	0.03629893		71	88.02
14	1	0.03629893		68	88.53
15	1	0.032535177		74	87.58
16	1	0.03183892		71	88.02
17	1	0.021700442		66	88.83
18	1	0.021700442		68	88.53
19	1	0.01918611		84	87.22
20	1	0.018141722		83	87.47
21	1	0.016180556		64	95.22
22	1	0.015658364		61	95.44
23	1	0.006374722		92	85.68
24	1	0.006200657		102	84.66
25	1	0.006200657		81	87.51
26	1	0.0058525284		97	85.61
27	1	0.0055043995		74	87.58
28	1	0.003195104		81	87.51
29	1	0.0030210395		83	87.47
30	1	8.70322E-4		102	84.66
31	1	5.221932E-4		68	88.53
32	1	5.221932E-4		71	88.02
33	1	3.4812881E-4		64	95.22
34	1	0.0		97	85.61
35	1	0.0		102	84.66
36	1	0.0		92	85.68
37	1	0.0		97	85.61
38	1	0.0		92	85.68
39	1	0.0		74	87.58


Run no: 1
0	1	2000.0		3825	77.87
1	1	2000.0		70	110.68
2	1	0.80939054		3259	83.2
3	1	0.7290193		549	84.92
4	1	0.4977141		73	94.35
5	1	0.16857995		3791	78.23
6	1	0.15296365		83	87.85
7	1	0.15269735		74	92.86
8	1	0.14855309		3509	80.64
9	1	0.10933977		3365	82.16
10	1	0.10090863		476	85.16
11	1	0.084676206		3509	80.64
12	1	0.07415304		209	85.26
13	1	0.071863785		549	84.92
14	1	0.05992668		3301	82.41
15	1	0.04880109		91	85.86
16	1	0.047809787		74	92.86
17	1	0.04693691		84	87.4
18	1	0.046211917		73	94.35
19	1	0.021080092		209	85.26
20	1	0.021080092		139	85.34
21	1	0.019378815		104	85.46
22	1	0.0137153305		83	87.85
23	1	0.0137153305		84	87.4
24	1	0.0129783265		139	85.34
25	1	0.011123155		95	85.79
26	1	0.006054226		104	85.46
27	1	0.0023968043		95	85.79
28	1	0.0023968043		83	87.85
29	1	0.0021334959		91	85.86
30	1	0.0021334959		95	85.79
31	1	0.0018641811		84	87.4
32	1	0.0010652463		91	85.86
33	1	2.6631157E-4		73	94.35
34	1	2.6631157E-4		84	87.4
35	1	2.6631157E-4		74	92.86
36	1	0.0		73	94.35
37	1	0.0		74	92.86
38	1	0.0		84	87.4
39	1	0.0		73	94.35


Run no: 2
0	1	1000.0		65	89.5
1	1	1000.0		183	82.51
2	1	0.084745765		158	83.86
3	1	0.0		65	89.5
4	1	1000.0		183	82.51
5	1	0.0		65	89.5
6	1	0.052823648		76	88.85
7	1	0.16056837		148	84.39
8	1	0.0		65	89.5
9	1	0.012875536		126	88.36
10	1	0.118644066		126	88.36
11	1	0.07582261		158	83.86
12	1	0.7543949		140	88.01
13	1	0.0		65	89.5
14	1	0.094978295		73	89.35
15	1	0.042918455		158	83.86
16	1	0.0		65	89.5
17	1	0.059322033		158	83.86
18	1	0.40336075		98	88.45
19	1	0.0		65	89.5
20	1	0.09046823		76	88.85
21	1	0.021459227		65	89.5
22	1	0.0		65	89.5
23	1	0.0		65	89.5
24	1	0.0		65	89.5
25	1	0.0		65	89.5
26	1	0.0		65	89.5
27	1	0.30275697		183	82.51
28	1	0.28735965		126	88.36
29	1	0.03840838		73	89.35
30	1	0.24366528		86	88.81
31	1	0.09695449		75	89.16
32	1	0.0		65	89.5
33	1	0.40499747		165	83.56
34	1	0.5856793		148	84.39
35	1	1000.0678		65	89.5
36	2	2000.0		143	88.31
37	2	1001.0		146	88.01
38	2	1001.0		146	88.01
39	2	0.0		146	88.01


Run no: 3
0	1	2000.0		108	80.9
1	1	1000.0		60	91.67
2	1	0.0		108	80.9
3	1	0.0		60	91.67
4	1	0.96239555		74	87.41
5	1	0.5815924		68	91.16
6	1	0.0		97	82.57
7	1	0.0		97	82.57
8	1	0.0		70	87.65
9	1	0.0		60	91.67
10	1	0.1272052		102	82.27
11	1	0.0		102	82.27
12	1	0.125		108	80.9
13	1	0.1272052		108	80.9
14	1	0.105617456		73	87.55
15	1	0.0		102	82.27
16	1	0.0		97	82.57
17	1	0.0		70	87.65
18	1	0.04735376		60	91.67
19	1	0.3884053		70	87.65
20	1	0.0		97	82.57
21	1	0.041666668		70	87.65
22	1	1000.0		60	91.67
23	1	0.44939646		97	82.57
24	1	0.027855154		97	82.57
25	1	0.0		102	82.27
26	1	0.104166664		102	82.27
27	1	0.47916666		97	82.57
28	1	0.0		70	87.65
29	1	0.0		102	82.27
30	1	0.009285051		70	87.65
31	1	0.0		97	82.57
32	1	0.0		70	87.65
33	1	0.0		70	87.65
34	1	0.0		102	82.27
35	1	0.0		60	91.67
36	1	0.16666667		60	91.67
37	1	0.0		97	82.57
38	1	0.104166664		97	82.57
39	1	0.15285516		102	82.27


Run no: 4
0	1	0.63330495		2653	84.19
1	1	2000.0		4482	83.38
2	1	1.3743232		2496	84.2
3	1	0.62567675		4462	83.48
4	1	2000.0		72	87.22
5	2	1000.0		75	99.53
6	2	0.0		75	99.53
7	2	1000.0		75	99.53
8	2	0.6872274		75	99.53
9	2	0.6922162		78	88.5
10	2	0.0		75	99.53
11	2	0.0		75	99.53
12	2	0.0		75	99.53
13	2	0.0		75	99.53
14	2	0.0		75	99.53
15	2	0.0		75	99.53
16	2	0.0		75	99.53
17	2	0.0		75	99.53
18	2	0.0		75	99.53
19	2	0.0		75	99.53
20	2	0.0		75	99.53
21	2	0.0		75	99.53
22	2	0.0		75	99.53
23	2	0.0		75	99.53
24	2	0.0		75	99.53
25	2	0.0		75	99.53
26	2	0.0		75	99.53
27	2	0.0		75	99.53
28	2	0.0		75	99.53
29	2	0.0		75	99.53
30	2	0.0		75	99.53
31	2	1.3120917		86	88.46
32	2	0.0		75	99.53
33	2	6.808897E-4		75	99.53
34	2	2000.0		4481	83.48
35	3	2000.0		79	99.48
36	3	1001.0		80	98.77
37	3	1000.0		80	98.77
38	3	1.0		79	99.48
39	3	1.0		80	98.77


Run no: 5
0	1	2000.0		4261	76.16
1	1	1000.0		70	109.06
2	1	0.33586627		70	109.06
3	1	0.9058813		593	84.13
4	1	0.7806693		3289	79.61
5	1	4.7721306E-4		72	98.01
6	1	1000.0005		70	109.06
7	1	0.05718543		76	96.16
8	1	0.23460491		86	88.52
9	1	0.1080641		3443	79.26
10	1	0.029289206		3289	79.61
11	1	0.115485564		109	84.45
12	1	0.0		3443	79.26
13	1	0.016302483		102	84.9
14	1	0.0078373905		91	86.77
15	1	0.0023860654		76	96.16
16	1	0.056231003		72	98.01
17	1	2.3860653E-4		87	88.27
18	1	0.008314604		90	87.02
19	1	0.018094499		3385	79.4
20	1	0.029289206		3385	79.4
21	1	0.19518015		3443	79.26
22	1	0.0		102	84.9
23	1	0.009726443		109	84.45
24	1	0.05946358		91	86.77
25	1	0.0016702458		109	84.45
26	1	2.3860653E-4		90	87.02
27	1	0.037993923		87	88.27
28	1	0.0075987843		86	88.52
29	1	0.004255319		3443	79.26
30	1	0.0016702458		102	84.9
31	1	0.0		86	88.52
32	1	0.0		76	96.16
33	1	0.013677811		109	84.45
34	1	0.056838907		102	84.9
35	1	0.23221885		76	96.16
36	1	0.3368207		72	98.01
37	1	2.3860653E-4		86	88.52
38	1	0.037993923		90	87.02
39	1	0.008314604		87	88.27


Run no: 6
0	1	2000.0		102	77.48
1	1	1000.1395		59	99.09
2	1	1000.0819		59	99.09
3	1	0.4529234		76	80.09
4	1	0.44471228		69	96.17
5	1	0.40641177		75	88.37
6	1	0.38689023		79	77.76
7	1	0.35168904		70	88.57
8	1	0.28230903		91	77.69
9	1	0.19437599		99	77.66
10	1	0.18604651		91	77.69
11	1	0.13953489		65	97.32
12	1	0.13107626		76	80.09
13	1	0.12553404		75	88.37
14	1	0.11627907		70	88.57
15	1	0.093023255		65	97.32
16	1	0.08190653		65	97.32
17	1	0.07647192		69	96.17
18	1	0.069767445		99	77.66
19	1	0.069767445		79	77.76
20	1	0.053216103		65	97.32
21	1	0.032510787		70	88.57
22	1	0.0032392412		79	77.76
23	1	0.0013882462		91	77.69
24	1	0.0013882462		99	77.66
25	1	0.0		91	77.69
26	1	0.0		70	88.57
27	1	0.0		76	80.09
28	1	0.0		79	77.76
29	1	0.0		76	80.09
30	1	0.0		99	77.66
31	1	0.0		79	77.76
32	1	0.0		65	97.32
33	1	0.0		75	88.37
34	1	0.0		70	88.57
35	1	0.0		99	77.66
36	1	0.0		79	77.76
37	1	0.0		91	77.69
38	1	0.0		65	97.32
39	1	0.0		99	77.66


Run no: 7
0	1	2000.0		3596	79.01
1	1	1000.0		69	84.52
2	1	0.0		69	84.52
3	1	1.2831931		3444	80.74
4	1	0.9109725		231	82.69
5	1	0.19514896		231	82.69
6	1	0.3387521		3511	79.1
7	1	0.3233248		74	83.52
8	1	0.29831833		3451	80.65
9	1	0.0		70	84.22
10	1	0.12704174		70	84.22
11	1	0.054446463		69	84.52
12	1	0.35390198		231	82.69
13	1	0.0019846896		3451	80.65
14	1	0.016333938		3451	80.65
15	1	0.0011341083		70	84.22
16	1	0.054729987		70	84.22
17	1	0.0		69	84.52
18	1	0.0		69	84.52
19	1	0.0		69	84.52
20	1	0.0		69	84.52
21	1	0.0		69	84.52
22	1	0.0		69	84.52
23	1	0.0		69	84.52
24	1	0.0		69	84.52
25	1	0.0		69	84.52
26	1	0.0		69	84.52
27	1	0.0		69	84.52
28	1	0.0		69	84.52
29	1	0.0		69	84.52
30	1	0.0		69	84.52
31	1	0.0		69	84.52
32	1	0.0		69	84.52
33	1	0.0		69	84.52
34	1	0.0		69	84.52
35	1	0.0		69	84.52
36	1	0.0		69	84.52
37	1	0.0		69	84.52
38	1	0.0		69	84.52
39	1	1000.0003		69	84.52


Run no: 8
0	1	2000.0		5318	76.25
1	1	1000.0		72	89.4
2	1	7.6045626E-4		72	89.4
3	1	1.1746103		129	80.44
4	1	0.6926696		3667	77.59
5	1	0.38464144		5077	76.62
6	1	0.34254047		3739	77.35
7	1	0.28365222		126	84.16
8	1	0.005323194		103	85.77
9	1	0.0		101	87.27
10	1	0.0077972137		80	89.3
11	1	0.0076045627		85	87.96
12	1	0.074076645		5318	76.25
13	1	0.07395691		122	84.24
14	1	0.073385045		117	85.2
15	1	0.0019062143		101	87.27
16	1	0.0019062143		91	87.86
17	1	0.0070387865		112	85.7
18	1	0.005895058		115	85.27
19	1	0.23045479		3667	77.59
20	1	0.046010647		91	87.86
21	1	0.0		85	87.96
22	1	0.0077972137		77	89.39
23	1	0.102473006		80	89.3
24	1	0.006846136		122	84.24
25	1	0.0066555142		126	84.16
26	1	0.033271484		112	85.7
27	1	0.006276301		117	85.2
28	1	0.0017155928		103	85.77
29	1	0.0		115	85.27
30	1	0.11444969		101	87.27
31	1	0.0013323205		77	89.39
32	1	0.0076045627		91	87.86
33	1	9.5310714E-4		85	87.96
34	1	0.0		72	89.4
35	1	1000.001		72	89.4
36	1	0.03308086		115	85.27
37	1	0.11444969		103	85.77
38	1	0.04486692		101	87.27
39	1	0.10304487		85	87.96


Run no: 9
0	1	2000.0		5606	76.79
1	1	1000.57794		76	94.82
2	1	0.0		76	94.82
3	1	0.90253496		3336	80.84
4	1	0.0		78	84.4
5	1	0.0		76	94.82
6	1	0.0		78	84.4
7	1	0.44452214		3601	77.73
8	1	0.41470313		5522	76.94
9	1	0.19781037		78	84.4
10	1	0.16708238		3560	79.48
11	1	0.10447456		3576	78.61
12	1	0.0		78	84.4
13	1	0.0		76	94.82
14	1	0.0		76	94.82
15	1	0.5891501		78	84.4
16	1	0.0		76	94.82
17	1	0.5779257		78	84.4
18	1	0.0		76	94.82
19	1	0.0		76	94.82
20	1	0.0		76	94.82
21	1	0.0		76	94.82
22	1	0.0		76	94.82
23	1	0.0		76	94.82
24	1	0.0		76	94.82
25	1	0.0		76	94.82
26	1	0.0		76	94.82
27	1	0.0		76	94.82
28	1	0.0		76	94.82
29	1	0.0		76	94.82
30	1	0.0		76	94.82
31	1	0.0		76	94.82
32	1	0.0		76	94.82
33	1	0.0		76	94.82
34	1	0.0		76	94.82
35	1	0.0		76	94.82
36	1	0.0		76	94.82
37	1	0.0		76	94.82
38	1	0.0		76	94.82
39	1	1000.00037		76	94.82


Run no: 10
0	1	1000.06177		3596	78.01
1	1	2000.0		66	93.96
2	1	0.0043887147		66	93.96
3	1	1.1698704		195	81.29
4	1	1.1690987		3378	78.96
5	1	0.42194358		79	87.13
6	1	0.42392656		76	93.86
7	1	0.25578073		86	84.52
8	1	0.0		85	86.82
9	1	0.09687675		96	82.79
10	1	0.028045326		96	82.79
11	1	0.0		3596	78.01
12	1	1000.0596		3596	78.01
13	1	0.14420062		85	86.82
14	1	0.015047022		84	87.06
15	1	0.0		69	93.89
16	1	0.002730736		76	93.86
17	1	0.002791123		80	87.1
18	1	0.0		96	82.79
19	1	0.0		84	87.06
20	1	0.0030140223		80	87.1
21	1	0.002730736		69	93.89
22	1	2.8328612E-4		79	87.13
23	1	0.002791123		84	87.06
24	1	8.4985833E-4		79	87.13
25	1	0.0		76	93.86
26	1	0.0		69	93.89
27	1	0.0		80	87.1
28	1	0.015330308		85	86.82
29	1	8.4985833E-4		66	93.96
30	1	0.0018808778		79	87.13
31	1	0.0		96	82.79
32	1	0.0		96	82.79
33	1	2.8328612E-4		85	86.82
34	1	0.0011331445		84	87.06
35	1	0.0		80	87.1
36	1	0.0		69	93.89
37	1	0.0		85	86.82
38	1	0.10846395		96	82.79
39	1	0.0063717174		69	93.89


Run no: 11
0	1	2000.0		3773	79.56
1	1	1000.0		70	94.17
2	1	0.0		70	94.17
3	1	1.3541335		178	85.16
4	1	0.020854948		76	85.67
5	1	0.0		70	94.17
6	1	0.021622773		178	85.16
7	1	0.021622773		103	85.18
8	1	8.1015396E-4		100	85.46
9	1	0.0		103	85.18
10	1	0.0		100	85.46
11	1	0.5834136		76	85.67
12	1	0.0064812317		100	85.46
13	1	0.0		76	85.67
14	1	0.0		70	94.17
15	1	8.1015396E-4		103	85.18
16	1	0.0		103	85.18
17	1	0.0		70	94.17
18	1	0.0		76	85.67
19	1	0.0		70	94.17
20	1	0.0		103	85.18
21	1	0.0		76	85.67
22	1	0.014373717		100	85.46
23	1	0.019164955		100	85.46
24	1	0.0		76	85.67
25	1	0.0		70	94.17
26	1	0.0		103	85.18
27	1	0.5817933		70	94.17
28	1	0.0		76	85.67
29	1	0.0		103	85.18
30	1	0.0		76	85.67
31	1	0.0		76	85.67
32	1	0.0		70	94.17
33	1	0.0		103	85.18
34	1	0.0		70	94.17
35	1	0.0		76	85.67
36	1	0.019164955		103	85.18
37	1	0.0		70	94.17
38	1	0.0		70	94.17
39	1	1000.00165		70	94.17


Run no: 12
0	1	2000.0		4203	80.73
1	1	1000.0		66	89.38
2	1	1000.0		66	89.38
3	1	0.88845235		251	85.57
4	1	0.82193655		3262	84.92
5	1	0.4751445		3399	84.84
6	1	0.022238337		3399	84.84
7	1	0.17582762		100	87.08
8	1	0.04971098		103	86.0
9	1	0.016479228		87	88.58
10	1	0.0		93	87.5
11	1	0.0		77	89.26
12	1	4.834421E-4		85	88.71
13	1	0.035774715		103	86.0
14	1	0.048554912		93	87.5
15	1	0.04236434		3307	84.85
16	1	0.19434373		3399	84.84
17	1	0.015028901		85	88.71
18	1	0.12533893		87	88.58
19	1	0.0		66	89.38
20	1	0.06358381		77	89.26
21	1	0.0026589315		77	89.26
22	1	0.0		66	89.38
23	1	0.06358381		85	88.71
24	1	0.013872832		77	89.26
25	1	0.0		87	88.58
26	1	0.0		93	87.5
27	1	0.0		3399	84.84
28	1	0.0		87	88.58
29	1	0.0019337684		85	88.71
30	1	0.016531764		66	89.38
31	1	7.2516315E-4		103	86.0
32	1	0.0011560693		3399	84.84
33	1	0.12485549		103	86.0
34	1	0.0014503263		93	87.5
35	1	0.0		93	87.5
36	1	0.0		85	88.71
37	1	0.0		77	89.26
38	1	0.0019337684		77	89.26
39	1	0.12654755		93	87.5


Run no: 13
0	1	2000.0		5027	73.84
1	1	2000.0		72	93.31
2	1	0.1806447		72	93.31
3	1	0.5443847		594	79.89
4	1	0.50665647		2670	78.78
5	1	0.3047063		4832	75.32
6	1	0.2822027		3956	76.02
7	1	0.27217418		3112	77.23
8	1	0.23247989		3678	76.28
9	1	0.007557903		84	89.84
10	1	0.013208761		428	84.26
11	1	0.13813753		2846	78.31
12	1	0.13117254		438	81.71
13	1	0.09156108		176	87.43
14	1	0.09151454		384	85.59
15	1	0.040565085		377	87.36
16	1	0.0684032		563	81.1
17	1	0.08355414		101	89.74
18	1	0.08900318		132	88.18
19	1	0.061145794		5023	74.28
20	1	0.05965938		2794	78.67
21	1	0.054222777		5023	74.28
22	1	0.0		132	88.18
23	1	0.09090909		377	87.36
24	1	0.023314297		387	84.81
25	1	0.041474346		384	85.59
26	1	0.03652306		388	84.36
27	1	0.025025226		439	81.26
28	1	0.023112481		439	81.26
29	1	0.025130644		438	81.71
30	1	0.040667083		387	84.81
31	1	0.18165378		84	89.84
32	1	0.008419587		439	81.26
33	1	0.0		563	81.1
34	1	0.13298889		428	84.26
35	1	0.044777106		132	88.18
36	1	0.0051361066		101	89.74
37	1	0.033242997		563	81.1
38	1	0.0062563065		101	89.74
39	1	0.0050079892		377	87.36


Run no: 14
0	1	2000.0		4623	77.83
1	1	1000.0		71	97.05
2	1	1000.0		71	97.05
3	1	0.70881426		2891	84.89
4	1	0.66013676		169	85.5
5	1	0.5693908		4617	79.98
6	1	0.557128		73	86.38
7	1	0.5555395		3239	82.93
8	1	0.55515087		71	97.05
9	1	0.16962825		3225	84.78
10	1	0.027055152		73	86.38
11	1	0.027055152		82	85.86
12	1	0.025217215		85	85.73
13	1	0.012625752		85	85.73
14	1	0.008798776		3225	84.78
15	1	0.007422839		82	85.86
16	1	0.001977153		82	85.86
17	1	4.3936732E-4		73	86.38
18	1	4.3936732E-4		71	97.05
19	1	0.0		71	97.05
20	1	0.0		71	97.05
21	1	0.0		73	86.38
22	1	0.0		73	86.38
23	1	0.0		85	85.73
24	1	0.0		3225	84.78
25	1	0.0		82	85.86
26	1	0.0		82	85.86
27	1	0.0		73	86.38
28	1	0.0		71	97.05
29	1	0.0		73	86.38
30	1	0.0		82	85.86
31	1	0.0		73	86.38
32	1	0.0		82	85.86
33	1	0.0		71	97.05
34	1	0.0		71	97.05
35	1	0.0		71	97.05
36	1	0.0		73	86.38
37	1	0.0		71	97.05
38	1	0.0		71	97.05
39	1	0.0		71	97.05


Run no: 15
0	1	2000.0		64	97.63
1	1	2000.0		6747	77.81
2	1	0.77552366		3428	85.37
3	1	0.727402		5866	79.57
4	1	0.3676167		4182	84.62
5	1	0.13017154		122	87.95
6	1	0.0013467006		85	92.69
7	1	0.2898232		4182	84.62
8	1	0.14231887		106	88.7
9	1	0.0		99	91.5
10	1	0.494688		122	87.95
11	1	0.0023941344		122	87.95
12	1	0.0402347		106	88.7
13	1	0.025227044		94	92.19
14	1	0.14231887		99	91.5
15	1	0.035561487		94	92.19
16	1	0.0016459674		85	92.69
17	1	0.0		85	92.69
18	1	0.0		85	92.69
19	1	0.0		94	92.19
20	1	0.0		99	91.5
21	1	0.037840564		122	87.95
22	1	0.0		85	92.69
23	1	0.0		99	91.5
24	1	0.0		85	92.69
25	1	0.025227044		85	92.69
26	1	0.0		99	91.5
27	1	0.0		85	92.69
28	1	7.48167E-4		99	91.5
29	1	0.0013467006		94	92.19
30	1	0.0		94	92.19
31	1	0.0		99	91.5
32	1	0.03481332		99	91.5
33	1	0.0		85	92.69
34	1	0.03531786		85	92.69
35	1	0.2523855		74	93.39
36	2	2000.0		77	97.13
37	2	NaN		77	97.13
38	2	NaN		77	97.13
39	2	NaN		77	97.13


Run no: 16
0	1	2000.0		5572	79.22
1	1	1000.0		73	103.47
2	1	0.79095215		425	87.38
3	1	0.5747986		3545	85.46
4	1	1000.0		73	103.47
5	1	0.46881732		77	92.11
6	1	0.296477		5434	80.12
7	1	0.25411817		4194	80.67
8	1	0.19585004		89	89.4
9	1	0.12892848		4059	82.68
10	1	0.088938385		3783	84.43
11	1	0.0059422236		4184	80.77
12	1	0.06996699		3657	85.03
13	1	0.062208876		5525	79.35
14	1	0.053638842		4001	83.92
15	1	0.037428435		85	90.63
16	1	0.038099296		3591	85.28
17	1	0.0		85	90.63
18	1	0.03688288		80	91.52
19	1	0.0		3976	84.28
20	1	0.10149429		4184	80.77
21	1	0.025979381		4051	83.31
22	1	0.0		4051	83.31
23	1	0.022764927		80	91.52
24	1	0.0		79	92.05
25	1	0.08754042		3545	85.46
26	1	0.0		3976	84.28
27	1	0.04994265		3976	84.28
28	1	0.009092562		4051	83.31
29	1	0.002656078		79	92.05
30	1	7.2740496E-4		77	92.11
31	1	0.026609449		4051	83.31
32	1	0.051630907		85	90.63
33	1	0.0		77	92.11
34	1	0.022219373		79	92.05
35	1	0.0024742268		77	92.11
36	1	0.0		79	92.05
37	1	0.469181		73	103.47
38	1	0.0		3976	84.28
39	1	0.010731848		3976	84.28


Run no: 17
0	1	1000.0		69	109.15
1	1	1000.0		69	109.15
2	1	0.0		82	97.43
3	1	7.8477536E-4		73	105.08
4	1	0.0		73	105.08
5	1	0.0		69	109.15
6	1	0.0		84	84.31
7	1	0.0		3164	81.99
8	1	0.0		73	105.08
9	1	0.5912583		201	82.3
10	1	0.0		84	84.31
11	1	0.0		69	109.15
12	1	0.0		73	105.08
13	1	3.9238768E-4		84	84.31
14	1	0.13044871		69	109.15
15	1	0.2451923		73	105.08
16	1	0.0		69	109.15
17	1	0.48487192		3335	81.87
18	1	0.04348504		3164	81.99
19	1	0.0038461538		3164	81.99
20	1	0.42227855		82	97.43
21	1	0.0		69	109.15
22	1	2000.0		5166	77.95
23	1	0.0		3164	81.99
24	1	0.42051283		84	84.31
25	1	0.08737776		84	84.31
26	1	0.0		3164	81.99
27	1	0.2455847		82	97.43
28	1	0.5813224		3164	81.99
29	1	0.0		73	105.08
30	1	7.8477536E-4		69	109.15
31	1	0.0373953		3335	81.87
32	1	0.0		82	97.43
33	1	0.08737776		201	82.3
34	1	0.13221446		73	105.08
35	2	2000.0		5199	77.98
36	2	2000.0		5185	78.64
37	3	1001.0		284	82.32
38	3	1001.0		284	82.32
39	3	1001.0		5231	78.05


Run no: 18
0	1	2000.0		4807	80.8
1	1	1000.0		57	104.87
2	1	0.006736842		4807	80.8
3	1	0.009140008		57	104.87
4	1	0.15483542		3267	87.96
5	1	0.6769699		354	88.16
6	1	0.38698393		4538	83.75
7	1	0.19791178		3963	86.11
8	1	0.17919078		4775	80.91
9	1	0.17474078		87	95.4
10	1	0.1718158		95	91.31
11	1	0.17181021		69	101.31
12	1	0.056092013		73	97.21
13	1	0.6901223		3267	87.96
14	1	0.09804736		3963	86.11
15	1	0.10844493		69	101.31
16	1	0.108234406		62	103.9
17	1	0.08493753		104	89.81
18	1	0.14652632		3963	86.11
19	1	0.06400245		95	91.31
20	1	0.018285614		75	95.87
21	1	8.4210525E-4		73	97.21
22	1	0.009894737		229	88.86
23	1	0.0326328		62	103.9
24	1	0.031580172		59	104.65
25	1	0.028932894		173	89.17
26	1	0.029081844		229	88.86
27	1	0.024668576		182	89.01
28	1	0.0027144512		80	95.44
29	1	0.05672359		75	95.87
30	1	0.0		161	89.6
31	1	0.011250869		161	89.6
32	1	0.029864563		161	89.6
33	1	0.009771587		59	104.65
34	1	0.0		57	104.87
35	1	0.004570004		4807	80.8
36	1	0.03254761		229	88.86
37	1	0.019338246		80	95.44
38	1	0.17033651		73	97.21
39	1	1000.0004		57	104.87


Run no: 19
0	1	2000.0		5497	75.22
1	1	0.49966022		2517	83.2
2	1	0.47879866		208	84.49
3	1	0.008310768		76	92.05
4	1	0.47560024		3711	79.1
5	1	0.22512494		3224	79.66
6	1	0.13597704		2808	81.23
7	1	0.0		3711	79.1
8	1	0.08697945		80	89.55
9	1	0.14466219		81	85.73
10	1	0.12808962		2808	81.23
11	1	0.10237101		2517	83.2
12	1	0.0018711571		3702	79.63
13	1	0.08697945		78	91.84
14	1	0.14466219		80	89.55
15	1	0.03410396		89	84.98
16	1	0.029839138		81	85.73
17	1	0.017193628		111	84.88
18	1	0.017193628		190	84.63
19	1	0.02001551		3706	79.4
20	1	0.012267086		3708	79.13
21	1	0.01056014		190	84.63
22	1	0.008609314		196	84.56
23	1	0.008698941		3702	79.63
24	1	0.36530572		76	92.05
25	1	3.682563E-4		78	91.84
26	1	0.0011346445		106	84.95
27	1	9.2064077E-4		106	84.95
28	1	0.009455371		111	84.88
29	1	0.088013254		3702	79.63
30	1	0.0		190	84.63
31	1	0.0057776826		106	84.95
32	1	9.2064077E-4		111	84.88
33	1	0.0016870289		3711	79.1
34	1	0.007942512		78	91.84
35	1	2000.0		66	101.66
36	2	2000.0		74	104.53
37	2	1001.0		71	107.62
38	2	1000.0		71	107.62
39	2	1.0		71	107.62


Run no: 20
0	1	2000.0		63	90.24
1	1	2000.0		2962	79.23
2	1	0.9860502		2857	79.25
3	1	0.24466829		817	81.94
4	1	0.38901165		536	85.67
5	1	0.3637986		805	82.92
6	1	0.33572572		101	88.05
7	1	0.0		817	81.94
8	1	0.19089705		92	90.11
9	1	0.14246292		120	86.52
10	1	0.0		533	86.17
11	1	0.038343266		120	86.52
12	1	0.053277478		816	82.17
13	1	0.031789284		533	86.17
14	1	0.04541326		533	86.17
15	1	0.0		120	86.52
16	1	0.03135254		810	82.5
17	1	0.018636825		806	82.69
18	1	0.72458106		817	81.94
19	1	0.019326719		810	82.5
20	1	0.0		806	82.69
21	1	0.0031045189		92	90.11
22	1	0.0062090377		81	90.18
23	1	0.0063578566		81	90.18
24	1	0.0		81	90.18
25	1	0.0		92	90.11
26	1	0.0		81	90.18
27	1	0.0		806	82.69
28	1	0.0		81	90.18
29	1	0.0010348395		533	86.17
30	1	0.14246292		533	86.17
31	1	0.0		533	86.17
32	1	0.0		81	90.18
33	1	0.13896458		120	86.52
34	1	0.0		533	86.17
35	1	3.4494654E-4		806	82.69
36	1	0.0		533	86.17
37	1	0.0208901		806	82.69
38	1	0.0063578566		92	90.11
39	1	0.009244003		81	90.18


Run no: 21
0	1	2000.0		4288	84.11
1	1	1000.0		67	91.72
2	1	0.0		67	91.72
3	1	1.3002847		3944	85.37
4	1	1.1894171		128	87.2
5	1	0.0030798388		70	89.07
6	1	0.0		67	91.72
7	1	0.17747413		4130	84.52
8	1	0.1174252		85	88.71
9	1	0.0		88	87.82
10	1	0.09130837		4144	84.38
11	1	0.046055313		101	87.77
12	1	0.042049933		116	87.52
13	1	0.040132545		85	88.71
14	1	0.0		83	89.01
15	1	0.0028429283		116	87.52
16	1	0.03411514		4288	84.11
17	1	0.03547963		4288	84.11
18	1	0.34893674		70	89.07
19	1	0.0		83	89.01
20	1	0.0		88	87.82
21	1	7.1073207E-4		88	87.82
22	1	0.010964202		83	89.01
23	1	0.007884363		70	89.07
24	1	0.0065703024		88	87.82
25	1	0.0		67	91.72
26	1	4.7382136E-4		83	89.01
27	1	0.348226		67	91.72
28	1	0.0		116	87.52
29	1	0.0		67	91.72
30	1	0.0030798388		88	87.82
31	1	0.03942181		83	89.01
32	1	0.0		116	87.52
33	1	0.0		83	89.01
34	1	0.0		88	87.82
35	1	0.036405172		116	87.52
36	1	0.0		83	89.01
37	1	0.0		70	89.07
38	1	0.116951376		88	87.82
39	1	1000.00073		67	91.72


Run no: 22
0	1	2000.0		73	92.32
1	1	2000.0		178	80.69
2	1	0.44320518		92	87.47
3	1	0.0976211		146	81.05
4	1	0.20054047		89	88.72
5	1	0.01904762		84	90.72
6	1	0.19630677		119	82.67
7	1	0.042394467		108	85.67
8	1	0.3071531		108	85.67
9	1	0.1634361		116	84.46
10	1	0.14140768		73	92.32
11	1	0.1550997		89	88.72
12	1	0.108406015		115	85.61
13	1	0.028571429		116	84.46
14	1	0.013823036		129	81.36
15	1	0.14140768		79	91.34
16	1	0.004299226		128	82.41
17	1	0.30906114		146	81.05
18	1	0.07096589		139	81.1
19	1	0.0		79	91.34
20	1	0.028571429		132	81.31
21	1	0.06666667		139	81.1
22	1	0.065675795		120	82.62
23	1	0.06375957		82	90.82
24	1	0.051852763		124	82.46
25	1	0.01805675		132	81.31
26	1	0.042394467		124	82.46
27	1	0.029431274		112	85.62
28	1	0.03809524		128	82.41
29	1	0.03716988		82	90.82
30	1	0.042394467		112	85.62
31	1	0.07328338		79	91.34
32	1	0.17196904		84	90.72
33	1	0.11885518		129	81.36
34	1	0.029431274		115	85.61
35	1	0.0988822		116	84.46
36	1	0.0562175		84	90.72
37	1	0.09980756		128	82.41
38	1	0.01805675		139	81.1
39	1	0.07096589		132	81.31


Run no: 23
0	1	1000.5397		263	81.83
1	1	1000.17175		74	103.66
2	1	1000.0264		74	103.66
3	1	1000.0		263	81.83
4	1	0.62167984		161	83.29
5	1	0.42329738		132	89.72
6	1	0.23717421		141	85.12
7	1	0.22755443		81	99.34
8	1	0.19823697		79	99.91
9	1	0.1896497		146	85.08
10	1	0.17498855		84	95.52
11	1	0.16495915		110	90.78
12	1	0.12306496		84	95.52
13	1	0.107191935		87	93.18
14	1	0.10423741		88	91.02
15	1	0.10423741		87	93.18
16	1	0.088778846		110	90.78
17	1	0.088778846		94	90.87
18	1	0.07936508		161	83.29
19	1	0.06688044		161	83.29
20	1	0.06688044		263	81.83
21	1	0.04945139		141	85.12
22	1	0.036692865		79	99.91
23	1	0.027371196		88	91.02
24	1	0.026455026		93	91.0
25	1	0.015873017		87	93.18
26	1	0.015873017		84	95.52
27	1	0.011246113		94	90.87
28	1	0.011246113		93	91.0
29	1	9.161704E-4		93	91.0
30	1	0.0		74	103.66
31	1	0.0		263	81.83
32	1	0.0		84	95.52
33	1	0.0		74	103.66
34	1	0.0		87	93.18
35	1	0.0		88	91.02
36	1	0.0		161	83.29
37	1	0.0		87	93.18
38	1	0.0		84	95.52
39	1	0.0		87	93.18


Run no: 24
0	1	2000.0		65	90.12
1	1	2000.0		4259	78.48
2	1	0.36378428		2764	81.36
3	1	0.19830981		242	83.66
4	1	0.41072544		3461	79.76
5	1	0.7387923		2764	81.36
6	1	0.0076299477		97	87.17
7	1	0.0		242	83.66
8	1	0.04059432		130	84.37
9	1	0.19315885		3575	78.83
10	1	0.0068728523		113	86.34
11	1	0.0		3575	78.83
12	1	0.08770138		239	84.2
13	1	0.064432986		105	86.42
14	1	0.0		97	87.17
15	1	0.0		242	83.66
16	1	0.0040534097		130	84.37
17	1	0.0040534097		113	86.34
18	1	0.0019074869		105	86.42
19	1	0.16924399		130	84.37
20	1	0.25343642		97	87.17
21	1	0.0		105	86.42
22	1	0.0		3575	78.83
23	1	0.0		97	87.17
24	1	0.0		242	83.66
25	1	0.0		130	84.37
26	1	0.0		130	84.37
27	1	0.0		242	83.66
28	1	0.0		3575	78.83
29	1	0.17115147		113	86.34
30	1	0.0019074869		105	86.42
31	1	0.0		130	84.37
32	1	0.0068728523		105	86.42
33	1	0.064432986		97	87.17
34	1	0.0		97	87.17
35	1	0.1070786		3575	78.83
36	1	0.0019074869		97	87.17
37	1	0.0		242	83.66
38	1	0.0		242	83.66
39	1	0.64772695		242	83.66


Run no: 25
0	1	2000.0		67	91.52
1	1	2000.0		4242	75.14
2	1	0.9106689		2535	80.71
3	1	0.69288546		3484	80.53
4	1	0.17704518		467	83.61
5	1	0.5106167		4212	75.94
6	1	0.19771416		137	86.62
7	1	0.0		207	83.71
8	1	0.16576093		103	87.86
9	1	0.11590153		69	90.02
10	1	0.08727819		99	89.24
11	1	0.010956694		136	86.67
12	1	0.49532935		467	83.61
13	1	0.06838046		207	83.71
14	1	0.025068399		87	89.7
15	1	0.0023105438		90	89.36
16	1	0.0		87	89.7
17	1	0.0		207	83.71
18	1	0.0		136	86.67
19	1	0.06838046		467	83.61
20	1	0.19442214		207	83.71
21	1	0.0		92	89.33
22	1	0.0		98	89.27
23	1	0.0		136	86.67
24	1	7.1856286E-4		90	89.36
25	1	0.0036630037		92	89.33
26	1	0.0020710228		98	89.27
27	1	0.0014371257		98	89.27
28	1	4.7904192E-4		92	89.33
29	1	0.020757021		90	89.36
30	1	0.0		136	86.67
31	1	0.0		136	86.67
32	1	2.3952096E-4		136	86.67
33	1	0.020254582		87	89.7
34	1	0.0		98	89.27
35	1	0.0		98	89.27
36	1	0.0		92	89.33
37	1	0.072649576		136	86.67
38	1	0.0036630037		98	89.27
39	1	0.0032686274		92	89.33


Run no: 26
0	1	1000.0		57	98.61
1	1	2000.0		4032	78.54
2	1	0.013965837		4026	78.79
3	1	0.0		101	85.11
4	1	0.52450985		75	94.31
5	1	0.0		101	85.11
6	1	0.0		4026	78.79
7	1	0.0		96	88.28
8	1	1000.0		57	98.61
9	1	0.0		99	88.11
10	1	0.315401		101	85.11
11	1	0.0		4026	78.79
12	1	7.54717E-4		96	88.28
13	1	0.14947683		99	88.11
14	1	0.0		96	88.28
15	1	0.0		57	98.61
16	1	1.3023193		4026	78.79
17	1	0.0		99	88.11
18	1	0.9874214		101	85.11
19	1	0.0		57	98.61
20	1	0.30573145		96	88.28
21	1	0.0		101	85.11
22	1	0.0		57	98.61
23	1	0.0		99	88.11
24	1	0.0		99	88.11
25	1	0.0		96	88.28
26	1	0.0		96	88.28
27	1	0.21425012		57	98.61
28	1	7.54717E-4		99	88.11
29	1	0.008470354		96	88.28
30	1	0.0		99	88.11
31	1	0.0		96	88.28
32	1	0.0		99	88.11
33	1	0.0		96	88.28
34	1	0.0		96	88.28
35	1	0.0		99	88.11
36	1	0.0		99	88.11
37	1	0.004528302		57	98.61
38	1	0.14947683		101	85.11
39	1	0.008973499		99	88.11


Run no: 27
0	1	2000.0		4824	76.56
1	1	1000.0		64	92.6
2	1	0.012468828		64	92.6
3	1	0.8179452		2806	82.35
4	1	0.7849221		4824	76.56
5	1	0.15944645		2477	84.9
6	1	0.13528678		160	87.07
7	1	0.584645		2477	84.9
8	1	0.5771637		160	87.07
9	1	0.055955175		2592	83.33
10	1	0.11038318		146	88.52
11	1	0.09727729		128	90.28
12	1	0.0029411765		160	87.07
13	1	0.012895807		133	89.08
14	1	0.07303223		2682	82.82
15	1	0.116787866		2592	83.33
16	1	0.048235502		113	91.11
17	1	0.040381715		73	92.24
18	1	0.02419948		2723	82.6
19	1	0.029105283		107	91.56
20	1	0.029146148		96	91.85
21	1	0.031152686		2723	82.6
22	1	0.0070679393		124	90.61
23	1	0.018093422		145	88.79
24	1	0.007494918		117	90.82
25	1	0.013105891		139	88.89
26	1	0.010605315		67	92.4
27	1	0.076073475		133	89.08
28	1	0.016223097		101	91.8
29	1	0.016223097		102	91.61
30	1	1000.0006		64	92.6
31	1	0.013729332		67	92.4
32	1	0.004167627		96	91.85
33	1	0.007494918		139	88.89
34	1	0.018920137		117	90.82
35	1	0.0070679393		123	90.72
36	1	0.021413902		124	90.61
37	1	0.006444498		145	88.79
38	1	0.007494918		123	90.72
39	1	0.004377711		107	91.56


Run no: 28
0	1	2000.0		3210	78.18
1	1	2000.0		68	94.29
2	1	1.147938		867	84.66
3	1	0.14186601		349	88.57
4	1	0.08553247		149	89.83
5	1	0.13687941		77	91.59
6	1	0.028887767		76	93.79
7	1	0.0050290786		532	85.17
8	1	0.0069386903		853	85.13
9	1	0.08725025		407	86.29
10	1	0.019895049		115	90.33
11	1	0.07017438		111	91.44
12	1	0.026102373		406	86.69
13	1	0.057138998		402	87.59
14	1	0.051502816		402	87.59
15	1	0.011857136		365	88.23
16	1	0.016789213		450	85.51
17	1	0.13133866		853	85.13
18	1	0.033630185		867	84.66
19	1	0.033582773		73	94.24
20	1	0.13687941		76	93.79
21	1	0.05618419		406	86.69
22	1	0.036555648		524	85.23
23	1	0.004376737		454	85.46
24	1	0.020689635		126	89.91
25	1	0.02013212		82	91.5
26	1	0.01957678		123	90.03
27	1	0.071447454		115	90.33
28	1	0.0062705437		524	85.23
29	1	0.049690206		450	85.51
30	1	0.036555648		454	85.46
31	1	0.014340065		357	88.38
32	1	0.012954184		111	91.44
33	1	0.06861958		149	89.83
34	1	0.051502816		365	88.23
35	1	0.011857136		357	88.38
36	1	0.014340065		349	88.57
37	1	0.009994938		123	90.03
38	1	0.0071779354		77	91.59
39	1	0.10588862		532	85.17


Run no: 29
0	1	2000.0		70	106.83
1	1	2000.0		4225	78.88
2	1	1.1349113		3753	81.66
3	1	0.86281586		168	83.31
4	1	0.31866643		71	97.93
5	1	0.23995444		73	91.23
6	1	0.23971377		71	97.93
7	1	0.0720377		76	87.73
8	1	0.07179703		74	89.73
9	1	0.06456949		168	83.31
10	1	0.056314677		129	85.02
11	1	0.05390794		88	86.1
12	1	0.053667262		74	89.73
13	1	0.053667262		87	87.6
14	1	0.053667262		73	91.23
15	1	0.053667262		145	83.52
16	1	0.042998392		118	86.02
17	1	0.039628956		129	85.02
18	1	0.01008247		88	86.1
19	1	0.007513417		145	83.52
20	1	0.007513417		168	83.31
21	1	0.0072985757		76	87.73
22	1	0.005535499		145	83.52
23	1	0.0055096666		118	86.02
24	1	0.0048918366		87	87.6
25	1	0.0038507823		145	83.52
26	1	0.0026474127		87	87.6
27	1	4.813478E-4		73	91.23
28	1	4.813478E-4		71	97.93
29	1	4.813478E-4		74	89.73
30	1	0.0		71	97.93
31	1	0.0		74	89.73
32	1	0.0		87	87.6
33	1	0.0		118	86.02
34	1	0.0		145	83.52
35	1	0.0		87	87.6
36	1	0.0		71	97.93
37	1	0.0		73	91.23
38	1	0.0		74	89.73
39	1	0.0		87	87.6

