
Run no: 0
95.82	
95.82	
95.82	
92.78	
92.78	
92.78	
89.65	
88.34	
88.21	
88.14	
83.33	
83.33	
83.33	
83.33	
81.98	
81.98	
81.98	
81.98	
81.98	
81.98	
81.98	
81.48	
81.48	
81.48	
81.48	
81.48	
81.48	
81.48	
81.39	
81.39	
81.39	

Run no: 1
94.32	
93.84	
85.27	
85.27	
85.27	
85.27	
85.18	
85.18	
85.09	
85.09	
85.09	
83.72	
83.72	
83.72	
83.27	
83.27	
81.39	
81.39	
81.39	
81.39	
81.39	
81.39	
81.39	
81.39	
81.39	
80.18	
80.18	
80.18	
78.33	
78.33	
77.87	

Run no: 2
92.84	
92.84	
92.84	
90.41	
90.41	
90.41	
90.41	
90.41	
90.41	
90.41	
85.48	
85.42	
85.42	
85.42	
85.32	
85.32	
84.73	
84.73	
84.73	
84.61	
84.61	
84.39	
84.39	
84.39	
84.18	
83.68	
83.68	
82.51	
82.51	
82.51	
82.51	

Run no: 3
90.43	
90.43	
90.43	
89.94	
89.94	
89.94	
89.9	
82.57	
82.57	
82.57	
82.57	
82.57	
82.27	
82.27	
82.27	
82.27	
82.27	
82.22	
82.22	
82.22	
82.22	
82.22	
80.9	
80.9	
80.9	
80.9	
80.9	
80.9	
80.9	
80.9	
80.9	

Run no: 4
97.12	
97.12	
97.12	
97.12	
94.47	
94.47	
94.32	
89.38	
89.38	
89.38	
89.18	
89.18	
88.88	
88.88	
88.88	
85.28	
84.34	
84.34	
84.34	
84.34	
84.34	
84.34	
84.34	
84.34	
84.34	
84.28	
84.28	
84.28	
83.48	
83.48	
83.38	

Run no: 5
95.58	
95.58	
95.58	
95.54	
88.52	
86.01	
86.01	
86.01	
86.01	
86.01	
86.01	
86.01	
80.09	
80.09	
80.09	
80.09	
79.72	
79.72	
79.59	
79.59	
79.59	
79.59	
79.59	
76.69	
76.69	
76.69	
76.42	
76.42	
76.16	
76.16	
76.16	

Run no: 6
93.36	
89.11	
89.11	
89.11	
89.11	
89.11	
89.04	
86.86	
84.24	
84.24	
84.24	
84.24	
84.17	
80.09	
80.09	
80.02	
77.66	
77.66	
77.66	
77.66	
77.66	
77.66	
77.66	
77.66	
77.66	
77.66	
77.66	
77.48	
77.48	
77.48	
77.48	

Run no: 7
99.21	
93.4	
88.64	
88.64	
88.59	
88.59	
88.59	
87.05	
84.52	
84.52	
83.9	
83.9	
83.0	
83.0	
83.0	
83.0	
82.46	
80.65	
80.65	
80.65	
80.65	
80.65	
80.65	
80.65	
80.65	
80.65	
80.65	
80.65	
80.65	
79.01	
79.01	

Run no: 8
94.57	
89.4	
89.4	
89.4	
89.4	
89.4	
86.4	
86.4	
81.28	
79.2	
79.16	
79.16	
79.16	
79.16	
79.16	
79.16	
79.16	
79.0	
79.0	
79.0	
77.48	
76.48	
76.29	
76.29	
76.29	
76.29	
76.29	
76.29	
76.25	
76.25	
76.25	

Run no: 9
96.95	
91.46	
91.46	
91.46	
90.71	
90.42	
86.09	
86.09	
85.69	
85.69	
85.69	
79.17	
78.92	
78.92	
78.92	
78.92	
78.84	
78.82	
78.82	
78.82	
78.57	
78.57	
78.57	
78.53	
78.53	
78.53	
78.46	
78.46	
76.94	
76.94	
76.79	

Run no: 10
90.6	
90.25	
90.25	
90.25	
90.25	
88.72	
87.29	
86.94	
86.94	
79.84	
79.84	
79.84	
79.84	
79.84	
79.84	
79.84	
79.04	
79.04	
79.04	
79.04	
79.04	
79.04	
78.69	
78.69	
78.69	
78.69	
78.69	
78.69	
78.69	
78.01	
78.01	

Run no: 11
94.78	
94.78	
94.28	
94.28	
94.28	
93.28	
93.28	
90.57	
90.57	
90.57	
90.57	
90.57	
85.67	
85.67	
85.67	
85.67	
85.67	
85.67	
85.67	
85.55	
85.53	
85.21	
85.21	
79.94	
79.94	
79.64	
79.64	
79.64	
79.64	
79.56	
79.56	

Run no: 12
95.7	
95.7	
92.99	
92.27	
90.61	
90.61	
90.43	
90.43	
90.43	
90.43	
90.24	
89.33	
89.33	
88.58	
88.58	
86.78	
86.78	
86.44	
86.44	
82.12	
82.12	
82.12	
81.91	
81.91	
81.91	
81.78	
81.78	
81.78	
81.78	
80.73	
80.73	

Run no: 13
88.59	
88.59	
88.59	
88.59	
87.75	
87.65	
78.47	
78.47	
78.47	
78.47	
78.47	
78.47	
76.68	
76.58	
76.58	
76.54	
76.54	
76.36	
76.36	
76.36	
74.93	
74.93	
74.93	
74.93	
73.99	
73.99	
73.99	
73.99	
73.84	
73.84	
73.84	

Run no: 14
94.27	
94.27	
92.16	
92.16	
92.16	
92.16	
92.16	
91.59	
91.59	
85.97	
85.95	
85.95	
85.95	
85.95	
85.94	
85.94	
85.86	
85.86	
85.86	
85.86	
85.11	
84.62	
84.62	
81.77	
77.93	
77.93	
77.93	
77.93	
77.93	
77.93	
77.83	

Run no: 15
95.31	
95.31	
94.17	
94.17	
94.17	
87.77	
87.77	
87.77	
86.94	
81.19	
81.19	
81.19	
81.12	
80.75	
80.75	
80.75	
80.75	
80.75	
80.5	
80.5	
80.5	
80.5	
80.25	
80.25	
80.25	
77.83	
77.82	
77.82	
77.82	
77.82	
77.81	

Run no: 16
93.92	
87.32	
87.32	
87.32	
86.87	
86.87	
86.87	
86.87	
86.38	
86.38	
86.38	
86.38	
86.38	
86.38	
86.22	
83.72	
83.62	
83.62	
83.62	
83.52	
83.52	
83.42	
83.31	
80.7	
80.7	
80.7	
79.22	
79.22	
79.22	
79.22	
79.22	

Run no: 17
96.09	
96.09	
87.88	
87.88	
87.82	
87.82	
87.73	
87.73	
87.73	
87.73	
87.73	
87.73	
87.73	
87.73	
87.57	
84.73	
84.73	
84.73	
83.5	
83.12	
83.12	
83.12	
83.12	
83.12	
78.05	
78.05	
78.05	
78.05	
78.05	
77.98	
77.95	

Run no: 18
98.73	
93.87	
93.87	
92.45	
92.45	
92.45	
91.85	
91.85	
91.85	
90.25	
88.12	
88.12	
88.12	
87.82	
80.8	
80.8	
80.8	
80.8	
80.8	
80.8	
80.8	
80.8	
80.8	
80.8	
80.8	
80.8	
80.8	
80.8	
80.8	
80.8	
80.8	

Run no: 19
92.92	
90.57	
90.57	
90.57	
90.24	
89.18	
86.45	
82.39	
82.39	
82.39	
82.39	
82.39	
79.75	
79.75	
79.75	
79.75	
79.75	
79.75	
79.75	
79.75	
79.75	
76.92	
76.92	
76.92	
76.92	
75.32	
75.32	
75.32	
75.32	
75.32	
75.22	

Run no: 20
90.88	
90.88	
90.88	
90.88	
89.87	
88.44	
88.44	
88.44	
87.88	
87.61	
87.61	
86.15	
86.15	
80.29	
80.29	
80.29	
80.29	
79.95	
79.95	
79.95	
79.95	
79.95	
79.95	
79.95	
79.33	
79.33	
79.33	
79.33	
79.23	
79.23	
79.23	

Run no: 21
96.29	
96.29	
94.08	
94.08	
92.07	
92.04	
92.04	
91.02	
91.02	
91.02	
89.21	
89.15	
89.15	
86.97	
86.97	
86.97	
86.97	
86.97	
86.97	
86.97	
86.97	
86.76	
86.76	
86.76	
85.0	
84.11	
84.11	
84.11	
84.11	
84.11	
84.11	

Run no: 22
90.49	
87.1	
87.1	
87.1	
87.1	
87.1	
87.1	
85.61	
85.61	
85.61	
84.7	
84.7	
84.7	
83.67	
83.67	
83.67	
83.67	
83.67	
83.67	
83.16	
81.31	
81.31	
81.31	
81.31	
81.31	
81.1	
81.1	
81.1	
81.05	
80.69	
80.69	

Run no: 23
93.79	
93.79	
93.79	
93.79	
93.04	
93.04	
92.9	
92.47	
92.47	
91.57	
91.57	
91.57	
86.84	
85.22	
85.22	
85.22	
85.22	
85.22	
85.22	
85.22	
83.74	
83.74	
83.74	
83.74	
83.29	
83.29	
83.29	
81.83	
81.83	
81.83	
81.83	

Run no: 24
93.31	
90.17	
90.17	
89.73	
89.73	
89.63	
89.38	
86.78	
86.73	
86.73	
84.96	
84.53	
84.53	
84.15	
84.15	
84.15	
83.79	
83.79	
83.22	
83.22	
83.08	
83.08	
83.08	
83.08	
78.91	
78.91	
78.83	
78.57	
78.57	
78.57	
78.48	

Run no: 25
97.24	
97.24	
91.95	
87.62	
87.62	
84.8	
84.8	
84.8	
84.8	
84.14	
84.14	
84.14	
84.14	
82.18	
82.18	
77.33	
76.88	
76.88	
76.88	
76.88	
76.88	
76.88	
76.88	
76.88	
76.69	
76.69	
76.69	
76.19	
75.14	
75.14	
75.14	

Run no: 26
93.66	
88.58	
88.58	
88.48	
88.48	
88.48	
86.41	
86.41	
86.41	
86.4	
86.4	
86.4	
86.31	
86.31	
86.05	
80.54	
80.54	
80.54	
80.54	
80.51	
80.51	
78.66	
78.66	
78.66	
78.66	
78.66	
78.66	
78.66	
78.66	
78.66	
78.54	

Run no: 27
94.99	
90.98	
90.96	
90.23	
85.68	
85.68	
84.18	
83.43	
83.43	
83.43	
83.36	
83.36	
83.36	
83.36	
83.36	
83.36	
83.36	
83.32	
83.25	
83.25	
83.25	
83.0	
83.0	
82.6	
82.6	
82.6	
76.56	
76.56	
76.56	
76.56	
76.56	

Run no: 28
90.32	
90.32	
90.32	
89.56	
78.88	
78.88	
78.74	
78.74	
78.74	
78.69	
78.65	
78.65	
78.65	
78.53	
78.53	
78.53	
78.53	
78.53	
78.53	
78.53	
78.53	
78.5	
78.43	
78.43	
78.43	
78.43	
78.43	
78.43	
78.43	
78.18	
78.18	

Run no: 29
97.21	
93.93	
93.93	
93.48	
93.43	
88.8	
88.8	
88.8	
88.8	
88.8	
88.8	
88.04	
88.04	
86.77	
81.52	
80.03	
80.03	
79.73	
79.65	
79.65	
79.65	
79.65	
79.2	
79.2	
79.2	
79.2	
79.13	
79.13	
79.13	
79.13	
78.88	
