Instance 1: 
3	5	25.0	40	35	1.57	2.09	2.66	1.09
7	5	37.0	91	86	1.08	2.05	3.02	1.94
10	5	48.5	115	110	0.29	1.69	2.87	2.58
7	5	30.15	56	51	0.38	1.51	2.56	2.18
13	5	60.31	254	249	0.29	2.03	2.97	2.68
8	5	62.88	196	191	0.18	1.43	2.75	2.57
6	5	63.0	99	94	0.27	1.2	2.58	2.31
12	5	31.0	73	68	0.32	1.87	2.82	2.5
10	5	33.1	63	58	0.26	1.54	2.81	2.55
8	5	17.5	53	48	1.72	2.38	2.71	0.99
8	5	29.88	66	61	0.67	1.82	2.44	1.77
9	5	33.12	77	72	0.94	2.11	2.86	1.92
10	5	27.7	98	93	0.1	2.03	2.71	2.61
3	5	10.67	14	9	2.44	2.61	2.81	0.38
12	5	30.25	93	88	0.37	1.82	2.61	2.24
5	5	48.2	116	111	0.12	1.51	2.83	2.71
12	5	34.75	96	91	0.27	1.91	2.87	2.6
10	5	40.2	85	80	0.22	1.58	2.8	2.58
9	5	22.56	59	54	1.28	2.33	2.81	1.53
8	5	30.88	132	127	0.28	2.28	2.89	2.62
9	5	151.78	325	320	0.23	1.46	2.91	2.68
5	5	18.6	58	53	1.34	2.45	2.81	1.47
6	5	133.84	254	249	0.01	1.53	2.82	2.81
10	5	50.7	127	122	0.38	1.59	2.72	2.35
10	5	34.0	79	74	1.01	1.82	2.6	1.59
9	5	35.78	94	89	0.42	2.06	2.85	2.43
8	5	165.13	383	378	0.53	1.79	3.01	2.48
9	5	128.89	334	329	0.08	1.22	2.53	2.45
9	5	18.23	44	39	1.61	2.49	2.82	1.21
7	5	19.29	37	32	1.72	2.35	2.82	1.1
3.0	5.0	10.67	14.0	9.0	0.01	1.2	2.44	0.38
8.4	5.0	49.1	120.37	115.37	0.68	1.89	2.78	2.1
13.0	5.0	165.13	383.0	378.0	2.44	2.61	3.02	2.81
9.0	5.0	33.56	92.0	87.0	0.38	1.85	2.81	2.39
Hyper Volumes reference point R={Pmax,Rmax}:
Run	HV(initialRun,R):	HV(finalRun,R):	
0	310.0	513.3
1	0.0	42.68
2	169.86	218.09
3	419.25	693.33
4	302.0	19.45
5	238.71	535.08
6	673.48	602.92
7	552.08	77.81
8	420.48	81.69
9	522.97	443.3
10	436.09	770.81
11	212.16	76.01
12	365.62	120.6
13	337.6	81.69
14	363.8	232.41
15	382.52	73.91
16	534.65	103.95
17	513.79	670.0
18	278.3	148.21
19	273.6	80.43
20	162.9	189.61
21	449.74	81.69
22	453.12	317.68
23	387.66	116.7
24	164.64	163.38
25	249.2	66.13
26	187.8	27.39
27	176.21	190.62
28	417.78	77.81
29	409.5	77.81
Epsilon Distance Values (A,B):
Run	Iepsilon(finalAgg,finalRun):	Iepsilon(finalRun,finalAgg):	Iepsilon(optimal,finalRun):	Iepsilon(finalRun,optimal):	Iepsilon(finalRun,initRun):	Iepsilon(initRun,finalRun):	
0	1.0	157.0	1.0	157.0	11.22	17.8
1	1.0	108.0	1.0	108.0	0.0	0.0
2	1.0	29.0	1.0	29.0	7.25	67.4
3	1.0	38.0	1.0	38.0	0.63	13.8
4	1.0	29.0	1.0	50.0	1.03	48.6
5	1.0	18.0	1.0	39.2	0.68	35.4
6	1.0	27.0	1.0	27.0	0.99	19.2
7	1.0	32.0	1.0	32.0	0.95	37.6
8	1.0	26.0	1.0	26.0	2.6	21.2
9	1.0	172.0	1.0	172.0	2.82	19.6
10	1.0	67.0	1.0	67.0	1.29	12.0
11	1.0	94.0	1.0	94.0	0.47	37.2
12	1.0	10.0	1.0	19.6	0.91	42.6
13	1.0	244.0	1.0	244.0	10.61	54.6
14	1.0	37.0	1.0	37.0	0.83	10.8
15	1.0	12.0	1.0	23.2	2.0	16.4
16	1.0	27.0	1.0	27.0	2.08	41.8
17	1.0	22.0	1.0	22.0	0.67	37.6
18	1.0	128.0	1.0	128.0	8.54	35.0
19	1.0	28.01	1.0	28.01	1.65	48.2
20	1.0	23.0	1.0	63.2	1.04	23.8
21	1.0	134.0	1.0	134.0	5.59	15.4
22	1.0	4.33	1.0	50.2	1.25	66.0
23	1.0	38.0	1.0	38.0	1.32	33.2
24	1.0	101.0	1.0	101.0	12.63	23.8
25	1.0	42.0	1.0	42.0	1.91	12.2
26	1.0	53.0	1.0	76.6	1.33	36.6
27	1.0	8.0	1.0	63.0	1.03	44.6
28	1.0	161.0	1.0	161.0	1.77	39.2
29	1.0	172.0	1.0	172.0	7.17	17.2
Global minP:	5.0	Global minR:	0.01
Euclidean Distance Values
Run	InitMinDistance	InitAvgDistance	FinalMinDistance	FinalAvgDistance
0	0.4187715985234202	0.7069456988742694	0.5260244102559741	0.6924275405965634
1	5000.0	5000.0	0.4186209366964973	0.6925404487911216
2	0.8535286307532984	0.8535286307532984	0.2793509625361969	0.6072470522810895
3	0.5038674433585416	0.5779273937447126	0.17971876363172742	0.5142026442552742
4	0.6977984256131237	0.7896634934070813	0.49100988127389356	0.75354622999066
5	0.6631879648347417	0.7321758554209881	0.37816244511662117	0.5478962065439216
6	0.3417749723246318	0.3417749723246318	0.2560240739046022	0.4632626805968898
7	0.48304318935412843	0.48304318935412843	0.2028903728520137	0.6319704406353479
8	0.5767032656194807	0.5882104137634423	0.17067297754259877	0.527490740475373
9	0.4850150314885379	0.553753060995149	0.5813524684286756	0.7877059718484999
10	0.46076715820414754	0.5352025755190924	0.2695719742345424	0.610100391943637
11	0.8084505729814763	0.8084505729814763	0.3601677679533797	0.7043529568136133
12	0.6277629946270777	0.702411568334257	0.24093706727355438	0.7125057114655344
13	0.6928121798587384	0.6928121798587384	0.8076404268724778	0.8617662155557202
14	0.5973360320081187	0.6260335741590867	0.25589149023036245	0.6149798671010981
15	0.5547863679699285	0.6633620638243451	0.2525828170503512	0.5578467309895566
16	0.5259347816090522	0.5259347816090522	0.24649363041086728	0.653602393159742
17	0.5199814290401257	0.5360582389407238	0.2171674278666786	0.5513958080729735
18	0.6703427179113861	0.7265060486323838	0.44417632826148407	0.7720829034283723
19	0.7544679972811944	0.754777358078265	0.3385768016933673	0.7848935211650406
20	0.686913890977003	0.7859817417493197	0.4751688141198008	0.7662939496982379
21	0.5299047820437447	0.5944413869891982	0.4623892921558918	0.8128218310209252
22	0.5505461629277822	0.5505461629277822	0.6401028277634961	0.7613721456772126
23	0.5839599750652137	0.6128496479427057	0.33685404489662124	0.5616271079773807
24	0.49831933481719975	0.6385689555754807	0.38283420556144565	0.6130626430328023
25	0.5810577563901178	0.6886877477456075	0.26626970320553156	0.7043202949968727
26	0.7559324122086403	0.8459485671467184	0.559206964851223	0.8494091799643753
27	0.6005779524155646	0.7189566306419635	0.25887815191594843	0.6816499173669006
28	0.5748795622999683	0.5748795622999683	0.5409335149822243	0.8229769283467222
29	0.5008087820627022	0.5997364754365555	0.574031230327775	0.7781193331124051
Generational Distances:
Run	Initial GD:	Final GD
0	0.43060975348640035	0.408500785154855
1	5000.0	0.27607539086269617
2	0.8535286307532984	0.2070887194908682
3	0.3351704333486069	0.22289873146382896
4	0.562142163291753	0.21265186211351123
5	0.3667254724036771	0.2041454652731237
6	0.3417749723246318	0.2091108167833876
7	0.48304318935412843	0.19513681900579796
8	0.41600715457679754	0.18975742664619502
9	0.3945677186884077	0.2807365188535377
10	0.26856522495781304	0.22211413538263827
11	0.8084505729814763	0.24521498127735353
12	0.4994769368480925	0.23795037976946132
13	0.6928121798587384	0.4984136973520475
14	0.3133061364302534	0.18736612600282485
15	0.38638007731275054	0.27464163118896273
16	0.5259347816090522	0.20334829078372332
17	0.37922084551934254	0.19149258041412304
18	0.36365307359753407	0.2639179774412235
19	0.5337082330129957	0.2855826657582377
20	0.4558102830291384	0.26022156387463635
21	0.29896500072834203	0.3721246518409515
22	0.5505461629277822	0.3150350327456279
23	0.4338313636555492	0.18920587878861297
24	0.37953549208921417	0.2021935821675676
25	0.34717898894256144	0.24838347856429902
26	0.4903800035734665	0.3080507273613988
27	0.5152242949447716	0.2382251739315845
28	0.5748795622999683	0.27736428689955755
29	0.30266787213758883	0.2999475890535221
Aggregate Lists:Euclidean Distance Between GlobalMin and Initial Aggregate(Minimum & Average):	0.3417749723246318	0.5540883115176608
Euclidean Distance Between GlobalMin and Final Aggregate(Minimum & Average):	0.17067297754259877	0.47368008877468587
Aggregate Init GD:	0.17278628397016693	Final GD:	0.10988875988998054
Spacing Value (S):
Run	Initial S:	Final S
0	25.997959321625398	7.160634670815772
1	0.0	10.761153302883631
2	0.0	3.5062385828691123
3	30.141605059378566	3.245933091216308
4	0.0	2.1637981618457625
5	44.29738931359274	30.21045532489539
6	0.0	8.485308872791059
7	0.0	4.430965768191951
8	0.0	3.1483819653911116
9	0.0	11.070634509254653
10	33.55782285846327	7.397747862525459
11	0.0	7.374331524422994
12	0.0	1.6089052178422447
13	0.0	3.3611142332400554
14	10.421308699007051	11.347209519916731
15	66.19933685468457	18.533248608919052
16	0.0	6.642767788270856
17	0.0	4.482824556013765
18	19.93734984269474	7.103027523528259
19	0.0	33.24291989939361
20	82.92476925235037	3.205806460429013
21	34.125	16.995406908926896
22	0.0	14.647028614098566
23	0.0	15.157355178262465
24	28.175848207679962	1.4459183932712107
25	60.26346198153571	4.992938223007114
26	38.141339777202376	9.077526852067145
27	0.0	9.591223354301512
28	0.0	5.03594511585229
29	19.79253820888064	3.000879462927561
Aggregate Lists:Spacing in Aggregate Initial:	10.046101254378396
Spacing in Aggregate Final:	31.47453461610778
Maximum Spread Values (maximum= 1)
Run	InitialSpread	FinalSpread	
0	0.5976476098939544	0.2638472961230216
1	0.0	0.4818091082011376
2	0.0	0.6382226654750924
3	0.3538696565775026	0.5204470661028839
4	0.25389719702667696	0.7753974019824622
5	0.3602869571808363	0.6964528476532443
6	0.0	0.5689285689989295
7	0.0	0.6001647344530101
8	0.4185805115934318	0.6082508515127635
9	0.30181126851849804	0.2483983941326033
10	0.3460383656862997	0.43033765526442813
11	0.0	0.4696494569467863
12	0.27001825414375485	0.6360172005736906
13	0.0	0.08844629560350994
14	0.3122093801377006	0.549994931212735
15	0.5386540627422554	0.6678401950945796
16	0.0	0.6327927599888019
17	0.13205123583126008	0.6232928979755408
18	0.3988544573270406	0.3725888649570549
19	0.29813723007236526	0.6551591791969174
20	0.4870422033182466	0.8571632762814476
21	0.5023990783866017	0.3585181223533671
22	0.0	0.8003924746552713
23	0.2744056864939006	0.5927582261374977
24	0.5119129842929326	0.3970041728313046
25	0.5828989411478849	0.5933352547052513
26	0.40781575441441154	0.9008576355563411
27	0.19940343487182452	0.8300082758238949
28	0.0	0.29295915911427606
29	0.47507585770287397	0.26487702912841454
