
Run no: 0
0	1	2000.0		3836	76.63
1	1	1000.0		70	97.17
2	1	0.0		70	97.17
3	1	0.42652577		442	84.6
4	1	0.90122145		442	84.6
5	1	0.24577047		140	90.37
6	1	0.0		297	88.29
7	1	0.17978159		112	93.91
8	1	0.0		442	84.6
9	1	0.07010711		103	95.35
10	1	0.07010711		112	93.91
11	1	0.0		70	97.17
12	1	7.966012E-4		73	95.85
13	1	0.05182639		257	88.62
14	1	0.024342746		229	89.5
15	1	0.023632502		229	89.5
16	1	0.21815185		297	88.29
17	1	0.17964946		442	84.6
18	1	0.06426485		73	95.85
19	1	7.966012E-4		232	89.0
20	1	0.0023898035		103	95.35
21	1	0.02513883		232	89.0
22	1	0.026687562		297	88.29
23	1	0.024342746		103	95.35
24	1	0.0		232	89.0
25	1	0.0023898035		112	93.91
26	1	0.0		103	95.35
27	1	0.04315298		229	89.5
28	1	0.0		232	89.0
29	1	0.007966012		73	95.85
30	1	0.0		70	97.17
31	1	0.0		112	93.91
32	1	0.007966012		103	95.35
33	1	0.024342746		73	95.85
34	1	0.06426485		70	97.17
35	1	0.0		73	95.85
36	1	0.0		103	95.35
37	1	0.0		232	89.0
38	1	0.024342746		232	89.0
39	1	1000.0008		70	97.17


Run no: 1
0	1	2000.0		245	83.16
1	1	1000.0		76	96.54
2	1	1000.0		76	96.54
3	1	0.8406612		212	85.62
4	1	0.719585		101	88.09
5	1	0.37987018		212	85.62
6	1	0.27503738		78	93.11
7	1	0.27503738		85	89.43
8	1	0.25635275		78	93.11
9	1	0.25635275		76	96.54
10	1	0.18460388		101	88.09
11	1	0.07878932		85	89.43
12	1	0.07692308		85	89.43
13	1	0.07692308		98	88.93
14	1	0.06278027		98	88.93
15	1	0.055120688		98	88.93
16	1	0.041420117		78	93.11
17	1	0.01775148		101	88.09
18	1	0.01183432		78	93.11
19	1	0.01183432		76	96.54
20	1	0.0		212	85.62
21	1	0.0		85	89.43
22	1	0.0		76	96.54
23	1	0.0		101	88.09
24	1	0.0		98	88.93
25	1	0.0		101	88.09
26	1	0.0		85	89.43
27	1	0.0		101	88.09
28	1	0.0		98	88.93
29	1	0.0		78	93.11
30	1	0.0		76	96.54
31	1	0.0		76	96.54
32	1	0.0		98	88.93
33	1	0.0		98	88.93
34	1	0.0		85	89.43
35	1	0.0		76	96.54
36	1	0.0		76	96.54
37	1	0.0		98	88.93
38	1	0.0		85	89.43
39	1	0.0		98	88.93


Run no: 2
0	1	1000.09705		5171	79.04
1	1	1000.01306		5171	79.04
2	1	1000.0008		71	91.31
3	1	1000.0		71	91.31
4	1	1.3789046		4599	81.78
5	1	1.3439279		603	86.32
6	1	0.225367		4676	79.2
7	1	0.18744907		588	88.62
8	1	0.11009876		4676	79.2
9	1	0.08196078		499	90.06
10	1	0.08196078		81	90.38
11	1	0.06129009		80	91.12
12	1	0.060309697		81	90.38
13	1	0.04761254		586	89.12
14	1	0.041141953		588	88.62
15	1	0.041092575		551	89.52
16	1	0.039720025		527	89.94
17	1	0.03730572		551	89.52
18	1	0.032599837		586	89.12
19	1	0.026275948		81	90.38
20	1	0.026079869		499	90.06
21	1	0.01545424		75	91.3
22	1	0.014866005		80	91.12
23	1	0.009779952		527	89.94
24	1	0.009779952		499	90.06
25	1	0.005490196		499	90.06
26	1	0.004705882		527	89.94
27	1	0.0029411765		588	88.62
28	1	0.0017953882		75	91.3
29	1	8.149959E-4		71	91.31
30	1	3.9215686E-4		586	89.12
31	1	0.0		71	91.31
32	1	0.0		5171	79.04
33	1	0.0		5171	79.04
34	1	0.0		81	90.38
35	1	0.0		588	88.62
36	1	0.0		80	91.12
37	1	0.0		75	91.3
38	1	0.0		71	91.31
39	1	0.0		71	91.31


Run no: 3
0	1	2000.0		3018	76.15
1	1	2000.0		65	108.02
2	1	1.2586274		2871	79.85
3	1	0.008785692		106	87.01
4	1	0.14663224		69	96.66
5	1	0.0		106	87.01
6	1	0.0		69	96.66
7	1	0.0		70	92.03
8	1	0.031098017		82	88.13
9	1	0.029494822		74	91.09
10	1	0.0		2999	78.12
11	1	0.052400377		2999	78.12
12	1	0.009413241		3012	76.45
13	1	0.04334575		2999	78.12
14	1	0.008785692		96	87.29
15	1	0.0		74	91.09
16	1	0.0		70	92.03
17	1	0.0027091093		82	88.13
18	1	0.0		3012	76.45
19	1	0.9363359		106	87.01
20	1	0.0		96	87.29
21	1	0.0047409413		96	87.29
22	1	0.0		82	88.13
23	1	0.0044023027		2999	78.12
24	1	0.002031832		3012	76.45
25	1	0.22804908		106	87.01
26	1	0.09287731		82	88.13
27	1	0.0013545547		74	91.09
28	1	0.05680268		3012	76.45
29	1	0.0		69	96.66
30	1	0.09287731		74	91.09
31	1	3.3863867E-4		70	92.03
32	1	0.1452777		70	92.03
33	1	0.0		69	96.66
34	1	0.3567867		69	96.66
35	1	0.030849377		70	92.03
36	1	0.0027091093		74	91.09
37	1	0.0		2999	78.12
38	1	0.054283027		2999	78.12
39	1	0.029743463		96	87.29


Run no: 4
0	1	2000.0		5758	79.59
1	1	1000.0		71	102.13
2	1	0.0		71	102.13
3	1	0.6148377		3239	80.42
4	1	0.0		147	87.35
5	1	0.0		3199	83.71
6	1	5.275189E-4		77	98.09
7	1	0.0027457976		80	92.84
8	1	0.0034491562		87	92.79
9	1	0.012146431		93	87.6
10	1	0.2339743		77	98.09
11	1	1000.0		71	102.13
12	1	0.5366626		3199	83.71
13	1	0.16149068		147	87.35
14	1	0.12839234		3200	83.31
15	1	0.017746229		3199	83.71
16	1	0.0		3200	83.31
17	1	0.0		93	87.6
18	1	0.00949534		147	87.35
19	1	0.00949534		93	87.6
20	1	0.0		3200	83.31
21	1	0.0		80	92.84
22	1	0.23131236		87	92.79
23	1	0.0012308775		80	92.84
24	1	0.0		87	92.79
25	1	0.0		87	92.79
26	1	0.23025732		93	87.6
27	1	0.17923692		71	102.13
28	1	0.006857746		3200	83.31
29	1	0.0		3199	83.71
30	1	0.547754		147	87.35
31	1	0.0		3200	83.31
32	1	0.17923692		77	98.09
33	1	0.23291926		80	92.84
34	1	0.0		3199	83.71
35	1	0.0		147	87.35
36	1	0.017746229		3200	83.31
37	1	0.0		80	92.84
38	1	0.0010550378		71	102.13
39	1	0.16166653		3199	83.71


Run no: 5
0	1	1000.0784		3727	79.45
1	1	1000.00464		3727	79.45
2	1	1000.0		65	94.88
3	1	1000.0		65	94.88
4	1	1.3700941		3428	82.06
5	1	1.2842764		214	87.07
6	1	0.1733126		92	87.82
7	1	0.17303954		91	90.49
8	1	0.16773944		3710	80.66
9	1	0.11447498		88	92.21
10	1	0.11174423		91	90.49
11	1	0.083060935		3710	80.66
12	1	0.08192174		92	87.82
13	1	0.077770576		72	94.41
14	1	0.077770576		77	93.21
15	1	0.064808816		77	93.21
16	1	0.064808816		88	92.21
17	1	0.031825516		72	94.41
18	1	0.030460143		65	94.88
19	1	0.003003823		77	93.21
20	1	0.0019115238		72	94.41
21	1	0.0019115238		65	94.88
22	1	0.0013653741		77	93.21
23	1	8.1922446E-4		91	90.49
24	1	8.1922446E-4		88	92.21
25	1	0.0		88	92.21
26	1	0.0		72	94.41
27	1	0.0		92	87.82
28	1	0.0		72	94.41
29	1	0.0		77	93.21
30	1	0.0		72	94.41
31	1	0.0		65	94.88
32	1	0.0		77	93.21
33	1	0.0		65	94.88
34	1	0.0		72	94.41
35	1	0.0		77	93.21
36	1	0.0		65	94.88
37	1	0.0		65	94.88
38	1	0.0		65	94.88
39	1	0.0		77	93.21


Run no: 6
0	1	1000.0		4070	87.82
1	1	1000.0		4070	87.82
2	1	1000.0		63	94.13
3	1	1000.0		63	94.13
4	1	1.2574967		82	87.97
5	1	0.9952583		4070	87.82
6	1	0.2873454		77	90.59
7	1	0.28684628		68	92.4
8	1	0.27416798		63	94.13
9	1	0.27416798		68	92.4
10	1	0.23846659		79	89.47
11	1	0.17974211		77	90.59
12	1	0.17749603		79	89.47
13	1	0.02377179		4070	87.82
14	1	0.0022460695		68	92.4
15	1	0.0012478164		68	92.4
16	1	0.0012478164		63	94.13
17	1	4.991265E-4		79	89.47
18	1	0.0		63	94.13
19	1	0.0		4070	87.82
20	1	0.0		77	90.59
21	1	0.0		68	92.4
22	1	0.0		63	94.13
23	1	0.0		79	89.47
24	1	0.0		77	90.59
25	1	0.0		63	94.13
26	1	0.0		77	90.59
27	1	0.0		68	92.4
28	1	0.0		77	90.59
29	1	0.0		77	90.59
30	1	0.0		63	94.13
31	1	0.0		77	90.59
32	1	0.0		77	90.59
33	1	0.0		68	92.4
34	1	0.0		68	92.4
35	1	0.0		77	90.59
36	1	0.0		68	92.4
37	1	0.0		63	94.13
38	1	0.0		63	94.13
39	1	0.0		63	94.13


Run no: 7
0	1	2000.0		5463	81.99
1	1	1000.0		67	100.67
2	1	1000.0		67	100.67
3	1	1.0608759		96	91.66
4	1	0.82044995		3619	87.18
5	1	0.44775057		4246	82.13
6	1	0.24409111		3619	87.18
7	1	0.21471849		3642	84.05
8	1	0.1675589		3642	84.05
9	1	0.16648822		87	94.77
10	1	0.16381156		75	94.82
11	1	0.16381156		73	97.88
12	1	0.14668094		67	100.67
13	1	0.14668094		70	97.93
14	1	0.0042624166		3642	84.05
15	1	0.003232627		70	97.93
16	1	0.003232627		73	97.88
17	1	0.0026766595		87	94.77
18	1	0.0026766595		75	94.82
19	1	0.0022238696		87	94.77
20	1	0.0022238696		75	94.82
21	1	0.0016679021		87	94.77
22	1	5.559674E-4		70	97.93
23	1	5.559674E-4		67	100.67
24	1	3.7064494E-4		75	94.82
25	1	3.7064494E-4		73	97.88
26	1	0.0		73	97.88
27	1	0.0		70	97.93
28	1	0.0		75	94.82
29	1	0.0		73	97.88
30	1	0.0		87	94.77
31	1	0.0		87	94.77
32	1	0.0		73	97.88
33	1	0.0		67	100.67
34	1	0.0		70	97.93
35	1	0.0		67	100.67
36	1	0.0		75	94.82
37	1	0.0		73	97.88
38	1	0.0		75	94.82
39	1	0.0		73	97.88


Run no: 8
0	1	1000.0		67	99.56
1	1	1000.0		6457	80.76
2	1	1000.0		67	99.56
3	1	0.0		6457	80.76
4	1	0.895286		3312	84.89
5	1	0.787736		102	88.47
6	1	0.41702127		84	91.72
7	1	0.0		6281	81.02
8	1	0.04992175		3834	81.64
9	1	0.03176839		3515	81.68
10	1	9.3896716E-4		90	90.22
11	1	0.002660407		84	91.72
12	1	0.07978723		90	90.22
13	1	0.3829421		6281	81.02
14	1	0.0		3834	81.64
15	1	0.17074469		3515	81.68
16	1	0.05204941		3515	81.68
17	1	0.032978725		3834	81.64
18	1	0.0		6457	80.76
19	1	0.0		6281	81.02
20	1	0.0		6457	80.76
21	1	0.41702127		67	99.56
22	1	0.0		90	90.22
23	1	9.3896716E-4		84	91.72
24	1	0.0018779343		90	90.22
25	1	0.0		67	99.56
26	1	0.0		67	99.56
27	1	0.07978723		84	91.72
28	1	0.032978725		6281	81.02
29	1	0.013829787		6281	81.02
30	1	0.0		3834	81.64
31	1	0.0021276595		3834	81.64
32	1	0.027543036		6457	80.76
33	1	0.0		6457	80.76
34	1	0.0930851		90	90.22
35	1	0.0		6457	80.76
36	1	0.002660407		67	99.56
37	1	0.3829421		3834	81.64
38	1	0.027543036		6281	81.02
39	1	1000.01385		6457	80.76


Run no: 9
0	1	2000.0		6532	83.44
1	1	1000.0008		65	94.47
2	1	1000.0		65	94.47
3	1	0.57812935		3672	85.18
4	1	0.4874675		543	86.28
5	1	0.451386		6532	83.44
6	1	0.4124014		3865	83.87
7	1	0.390064		86	93.76
8	1	0.36446056		89	89.74
9	1	0.24752797		535	86.32
10	1	0.24660018		529	89.04
11	1	0.14861082		3856	84.14
12	1	0.12818016		3672	85.18
13	1	0.09972802		543	86.28
14	1	0.06448121		89	89.74
15	1	0.06448121		506	89.26
16	1	0.04417854		70	94.01
17	1	0.043981574		89	89.74
18	1	0.04351768		506	89.26
19	1	0.041704442		65	94.47
20	1	0.03898459		3865	83.87
21	1	0.025870375		3865	83.87
22	1	0.022665458		70	94.01
23	1	0.019699847		513	89.07
24	1	0.018308166		506	89.26
25	1	0.0051939543		529	89.04
26	1	0.0038022734		513	89.07
27	1	0.0036264732		535	86.32
28	1	0.0012370496		535	86.32
29	1	0.0012370496		543	86.28
30	1	9.277872E-4		529	89.04
31	1	7.73156E-4		70	94.01
32	1	0.0		506	89.26
33	1	0.0		89	89.74
34	1	0.0		3865	83.87
35	1	0.0		70	94.01
36	1	0.0		506	89.26
37	1	0.0		65	94.47
38	1	0.0		89	89.74
39	1	0.0		70	94.01


Run no: 10
0	1	1000.2686		5918	78.99
1	1	1000.0		5918	78.99
2	1	2000.0		69	98.05
3	1	0.0		69	98.05
4	1	0.6687371		3904	83.23
5	1	0.65929013		72	97.6
6	1	0.64769083		131	83.26
7	1	0.6343127		77	85.51
8	1	0.16544205		4347	81.27
9	1	0.0		5918	78.99
10	1	0.119622245		5918	78.99
11	1	0.31528756		4347	81.27
12	1	0.06550012		117	83.31
13	1	0.0		110	84.44
14	1	0.00564199		110	84.44
15	1	0.056993358		77	85.51
16	1	0.046694648		4079	82.16
17	1	0.0		4079	82.16
18	1	0.03081387		4061	82.57
19	1	0.024122562		69	98.05
20	1	0.0010493179		4033	82.99
21	1	0.014750371		3978	83.05
22	1	3.4193878E-4		4071	82.37
23	1	0.045819797		4079	82.16
24	1	0.0027825134		3982	83.01
25	1	6.8387756E-4		3978	83.05
26	1	0.030755116		4033	82.99
27	1	0.012385594		4071	82.37
28	1	0.008211823		4069	82.52
29	1	0.00564199		77	85.51
30	1	0.059286464		110	84.44
31	1	0.0039675487		131	83.26
32	1	0.0047871433		4033	82.99
33	1	0.00399105		4069	82.52
34	1	0.009768758		3982	83.01
35	1	0.009443861		3978	83.05
36	1	0.012385594		4079	82.16
37	1	0.0		4069	82.52
38	1	0.007869884		4071	82.37
39	1	0.057335295		110	84.44


Run no: 11
0	1	2000.0		3209	81.93
1	1	1000.65295		72	99.22
2	1	1000.0		72	99.22
3	1	1.2522522		3131	82.15
4	1	1.2146636		206	87.03
5	1	0.6555288		74	87.93
6	1	0.037588637		3209	81.93
7	1	0.02313476		82	87.53
8	1	0.02313476		147	87.13
9	1	0.02313476		74	87.93
10	1	0.02313476		82	87.53
11	1	0.020720433		147	87.13
12	1	0.020720433		82	87.53
13	1	0.014344916		161	87.1
14	1	0.014344916		206	87.03
15	1	0.0085114455		161	87.1
16	1	0.0044628624		147	87.13
17	1	0.004048583		206	87.03
18	1	0.0025502073		82	87.53
19	1	0.001735107		147	87.13
20	1	0.001735107		161	87.1
21	1	6.375518E-4		74	87.93
22	1	6.375518E-4		72	99.22
23	1	0.0		72	99.22
24	1	0.0		3209	81.93
25	1	0.0		206	87.03
26	1	0.0		74	87.93
27	1	0.0		82	87.53
28	1	0.0		82	87.53
29	1	0.0		206	87.03
30	1	0.0		161	87.1
31	1	0.0		74	87.93
32	1	0.0		72	99.22
33	1	0.0		206	87.03
34	1	0.0		74	87.93
35	1	0.0		147	87.13
36	1	0.0		147	87.13
37	1	0.0		74	87.93
38	1	0.0		82	87.53
39	1	0.0		72	99.22


Run no: 12
0	1	1000.016		3514	79.48
1	1	0.0		3514	79.48
2	1	1000.01324		73	95.31
3	1	1000.0		73	95.31
4	1	0.33373025		3091	81.21
5	1	0.16890721		410	84.8
6	1	0.23221554		3459	80.43
7	1	0.22678459		410	84.8
8	1	0.20700729		127	87.58
9	1	0.038483944		80	92.41
10	1	0.17051174		78	95.1
11	1	0.0		410	84.8
12	1	0.0		407	87.46
13	1	0.8284075		3091	81.21
14	1	0.018117703		96	89.57
15	1	0.0		88	91.81
16	1	0.0		99	89.32
17	1	0.008452383		407	87.46
18	1	0.0		3514	79.48
19	1	0.17225541		80	92.41
20	1	0.0		88	91.81
21	1	0.015792798		99	89.32
22	1	0.0		3514	79.48
23	1	0.0		96	89.57
24	1	0.014719017		78	95.1
25	1	0.0		73	95.31
26	1	0.24940707		407	87.46
27	1	0.110789716		99	89.32
28	1	0.04022762		88	91.81
29	1	0.14150347		88	91.81
30	1	8.718396E-4		96	89.57
31	1	0.0		73	95.31
32	1	0.14150347		96	89.57
33	1	0.001453066		73	95.31
34	1	0.779134		410	84.8
35	1	0.0		96	89.57
36	1	0.0023249055		88	91.81
37	1	0.0		99	89.32
38	1	0.008137169		99	89.32
39	1	1000.06		3514	79.48


Run no: 13
0	1	1001.0		70	100.38
1	1	1000.0		70	100.38
2	1	1000.0		71	84.61
3	1	1000.0		71	84.61
4	1	1.0		71	84.61
5	1	1.0		70	100.38
6	1	1.0		71	84.61
7	1	0.0		70	100.38
8	1	0.0		71	84.61
9	1	0.0		71	84.61
10	1	0.0		70	100.38
11	1	0.0		70	100.38
12	1	0.0		71	84.61
13	1	0.0		71	84.61
14	1	0.0		71	84.61
15	1	0.0		70	100.38
16	1	0.0		70	100.38
17	1	0.0		70	100.38
18	1	0.0		70	100.38
19	1	0.0		70	100.38
20	1	0.0		70	100.38
21	1	0.0		70	100.38
22	1	0.0		70	100.38
23	1	0.0		70	100.38
24	1	0.0		70	100.38
25	1	0.0		70	100.38
26	1	0.0		70	100.38
27	1	0.0		70	100.38
28	1	0.0		70	100.38
29	1	0.0		70	100.38
30	1	0.0		70	100.38
31	1	0.0		70	100.38
32	1	0.0		70	100.38
33	1	0.0		70	100.38
34	1	0.0		70	100.38
35	1	0.0		70	100.38
36	1	0.0		70	100.38
37	1	0.0		70	100.38
38	1	0.0		70	100.38
39	1	0.0		70	100.38


Run no: 14
0	1	2000.0		67	100.05
1	1	2000.0		4439	83.67
2	1	0.7488597		162	87.74
3	1	0.7451967		3420	87.68
4	1	0.44204515		4166	84.15
5	1	0.386138		3550	87.58
6	1	0.37538052		70	93.92
7	1	0.24244443		70	93.92
8	1	0.24175824		75	89.96
9	1	0.106671154		155	89.24
10	1	0.093176186		162	87.74
11	1	0.03583968		3420	87.68
12	1	0.024420025		89	89.56
13	1	0.024420025		75	89.96
14	1	0.022738215		89	89.56
15	1	0.021137118		155	89.24
16	1	0.015096066		89	89.56
17	1	0.0036630037		3420	87.68
18	1	0.0032021957		75	89.96
19	1	0.0011436413		75	89.96
20	1	0.0		75	89.96
21	1	0.0		70	93.92
22	1	0.0		155	89.24
23	1	0.0		3420	87.68
24	1	0.0		155	89.24
25	1	0.0		155	89.24
26	1	0.0		3420	87.68
27	1	0.0		3420	87.68
28	1	0.0		70	93.92
29	1	0.0		70	93.92
30	1	0.0		3420	87.68
31	1	0.0		70	93.92
32	1	0.0		75	89.96
33	1	0.0		155	89.24
34	1	0.0		3420	87.68
35	1	0.0		75	89.96
36	1	0.0		155	89.24
37	1	0.0		75	89.96
38	1	0.0		3420	87.68
39	1	0.0		155	89.24


Run no: 15
0	1	1000.13727		115	85.86
1	1	1000.0		64	110.51
2	1	1000.0		115	85.86
3	1	1000.0		64	110.51
4	1	0.61149424		75	101.92
5	1	0.60730225		76	90.58
6	1	0.5294118		103	88.66
7	1	0.46004057		76	90.58
8	1	0.38701826		66	102.42
9	1	0.34888437		108	88.61
10	1	0.32819474		64	110.51
11	1	0.13184585		69	102.27
12	1	0.111561865		115	85.86
13	1	0.100067616		103	88.66
14	1	0.07789046		103	88.66
15	1	0.05882353		69	102.27
16	1	0.04530088		66	102.42
17	1	0.039215688		64	110.51
18	1	0.019607844		76	90.58
19	1	0.006085193		69	102.27
20	1	0.0		64	110.51
21	1	0.0		76	90.58
22	1	0.0		103	88.66
23	1	0.0		66	102.42
24	1	0.0		64	110.51
25	1	0.0		115	85.86
26	1	0.0		103	88.66
27	1	0.0		76	90.58
28	1	0.0		66	102.42
29	1	0.0		66	102.42
30	1	0.0		69	102.27
31	1	0.0		103	88.66
32	1	0.0		115	85.86
33	1	0.0		64	110.51
34	1	0.0		66	102.42
35	1	0.0		103	88.66
36	1	0.0		76	90.58
37	1	0.0		66	102.42
38	1	0.0		76	90.58
39	1	0.0		66	102.42


Run no: 16
0	1	2000.0		66	89.82
1	1	2000.0		3810	78.94
2	1	1.0821393		3052	82.28
3	1	1.0821393		81	85.42
4	1	0.50944257		3052	82.28
5	1	0.40272278		70	89.79
6	1	0.40165442		81	85.42
7	1	0.0056953873		70	89.79
8	1	0.0029380342		81	85.42
9	1	0.002757353		66	89.82
10	1	0.0010683761		66	89.82
11	1	0.0		66	89.82
12	1	0.0		81	85.42
13	1	0.0		66	89.82
14	1	0.0		81	85.42
15	1	0.0		81	85.42
16	1	0.0		66	89.82
17	1	0.0		66	89.82
18	1	0.0		66	89.82
19	1	0.0		66	89.82
20	1	0.0		66	89.82
21	1	0.0		66	89.82
22	1	0.0		66	89.82
23	1	0.0		66	89.82
24	1	0.0		66	89.82
25	1	0.0		66	89.82
26	1	0.0		66	89.82
27	1	0.0		66	89.82
28	1	0.0		66	89.82
29	1	0.0		66	89.82
30	1	0.0		66	89.82
31	1	0.0		66	89.82
32	1	0.0		66	89.82
33	1	0.0		66	89.82
34	1	0.0		66	89.82
35	1	0.0		66	89.82
36	1	0.0		66	89.82
37	1	0.0		66	89.82
38	1	0.0		66	89.82
39	1	0.0		66	89.82


Run no: 17
0	1	1000.0		65	103.92
1	1	1000.0843		6423	78.43
2	1	0.0		65	103.92
3	1	0.0		6423	78.43
4	1	0.005884661		70	103.77
5	1	6.2912866E-4		74	84.89
6	1	0.024536017		258	81.99
7	1	0.6901279		3915	79.06
8	1	0.08548017		5887	79.03
9	1	0.0011769321		3915	79.06
10	1	0.0		258	81.99
11	1	0.0		3915	79.06
12	1	0.0		258	81.99
13	1	0.33369908		5887	79.03
14	1	1000.0		6423	78.43
15	1	0.0		102	83.94
16	1	0.006043732		102	83.94
17	1	0.0		6423	78.43
18	1	0.74241275		74	84.89
19	1	0.014284046		85	84.39
20	1	0.0017301039		96	84.07
21	1	0.019615535		85	84.39
22	1	0.0		70	103.77
23	1	0.013497636		96	84.07
24	1	0.019615535		74	84.89
25	1	0.0		85	84.39
26	1	0.0017301039		85	84.39
27	1	0.0051000393		96	84.07
28	1	0.31016043		3915	79.06
29	1	0.07650059		102	83.94
30	1	0.741469		70	103.77
31	1	1000.0		65	103.92
32	1	0.0066710715		65	103.92
33	1	6.2912866E-4		70	103.77
34	1	0.114947036		258	81.99
35	1	0.0		3915	79.06
36	1	0.0		3915	79.06
37	1	0.023538643		6423	78.43
38	1	0.024536017		102	83.94
39	1	0.6516815		258	81.99


Run no: 18
0	1	2000.0		4893	82.52
1	1	1000.24207		71	92.64
2	1	0.0		71	92.64
3	1	1.6125154		4419	82.62
4	1	0.66007906		348	89.3
5	1	0.0		348	89.3
6	1	0.24209486		84	90.19
7	1	0.0		71	92.64
8	1	0.14269373		111	90.0
9	1	0.0		348	89.3
10	1	0.04914973		348	89.3
11	1	0.018774703		84	90.19
12	1	0.0026959768		84	90.19
13	1	0.0		71	92.64
14	1	0.0		348	89.3
15	1	0.8442555		348	89.3
16	1	0.0		71	92.64
17	1	0.0		348	89.3
18	1	0.0055993362		84	90.19
19	1	0.0		71	92.64
20	1	0.06916996		348	89.3
21	1	0.0		71	92.64
22	1	0.0		71	92.64
23	1	0.0		71	92.64
24	1	0.0		71	92.64
25	1	0.0		71	92.64
26	1	0.0		71	92.64
27	1	0.0		71	92.64
28	1	0.0		71	92.64
29	1	0.0		71	92.64
30	1	0.0		71	92.64
31	1	0.0		71	92.64
32	1	0.0		71	92.64
33	1	0.0		71	92.64
34	1	0.0		71	92.64
35	1	0.0		71	92.64
36	1	0.0		71	92.64
37	1	0.0		71	92.64
38	1	0.0		71	92.64
39	1	1000.0027		71	92.64


Run no: 19
0	1	2000.0		67	95.0
1	1	1000.0028		125	87.95
2	1	1000.0		125	87.95
3	1	0.5952311		93	88.97
4	1	0.5460993		73	94.95
5	1	0.5460993		76	91.1
6	1	0.30212766		76	91.1
7	1	0.29310346		76	91.1
8	1	0.21191		110	88.22
9	1	0.2048178		97	88.89
10	1	0.17622891		102	88.62
11	1	0.15517241		119	87.97
12	1	0.13793103		110	88.22
13	1	0.10628516		119	87.97
14	1	0.10344828		125	87.95
15	1	0.0862069		102	88.62
16	1	0.074639276		73	94.95
17	1	0.07038396		69	94.99
18	1	0.06896552		93	88.97
19	1	0.056737587		102	88.62
20	1	0.05172414		76	91.1
21	1	0.05172414		73	94.95
22	1	0.040156517		69	94.99
23	1	0.0359012		67	95.0
24	1	0.035460994		110	88.22
25	1	0.035460994		119	87.97
26	1	0.011347517		93	88.97
27	1	0.0		125	87.95
28	1	0.0		67	95.0
29	1	0.0		76	91.1
30	1	0.0		93	88.97
31	1	0.0		102	88.62
32	1	0.0		76	91.1
33	1	0.0		69	94.99
34	1	0.0		93	88.97
35	1	0.0		69	94.99
36	1	0.0		76	91.1
37	1	0.0		119	87.97
38	1	0.0		102	88.62
39	1	0.0		110	88.22


Run no: 20
0	1	1000.03864		3540	73.2
1	1	1000.0656		72	92.4
2	1	0.0		72	92.4
3	1	1.4011948		116	79.56
4	1	0.0		3406	75.76
5	1	8.6505193E-4		86	90.64
6	1	0.33112925		91	84.31
7	1	0.2546046		91	84.31
8	1	0.17197232		3406	75.76
9	1	1000.13336		3540	73.2
10	1	0.9486736		3406	75.76
11	1	8.6505193E-4		75	91.14
12	1	0.0		3406	75.76
13	1	0.006594219		78	91.03
14	1	0.0072916667		83	90.78
15	1	0.0		83	90.78
16	1	0.0		86	90.64
17	1	0.0		91	84.31
18	1	0.0144625865		78	91.03
19	1	0.005729167		75	91.14
20	1	8.6505193E-4		83	90.78
21	1	0.0		91	84.31
22	1	0.0072916667		86	90.64
23	1	0.0		75	91.14
24	1	0.33112925		86	90.64
25	1	1000.0		72	92.4
26	1	0.0		75	91.14
27	1	0.0		72	92.4
28	1	0.0		91	84.31
29	1	0.0		91	84.31
30	1	0.0		75	91.14
31	1	8.6505193E-4		72	92.4
32	1	0.19791667		3406	75.76
33	1	0.0014417531		83	90.78
34	1	0.0		83	90.78
35	1	0.0		75	91.14
36	1	0.0		83	90.78
37	1	0.013020833		83	90.78
38	1	0.0		75	91.14
39	1	0.066490054		75	91.14


Run no: 21
0	1	1000.0		4198	77.38
1	1	1000.0		66	96.2
2	1	1000.0		66	96.2
3	1	1000.0		4198	77.38
4	1	0.93886703		3077	87.18
5	1	0.7943212		3039	90.47
6	1	0.79201984		4198	77.38
7	1	0.7605514		94	91.46
8	1	0.14684719		3074	89.93
9	1	0.10782205		77	95.69
10	1	0.09139214		79	94.23
11	1	0.09139214		81	92.51
12	1	0.078061074		79	94.23
13	1	0.052603614		94	91.46
14	1	0.048547506		91	92.36
15	1	0.028987616		3049	89.97
16	1	0.02709883		66	96.2
17	1	0.008454272		81	92.51
18	1	0.007970245		91	92.36
19	1	0.006050339		3074	89.93
20	1	0.006050339		3049	89.97
21	1	0.002662149		66	96.2
22	1	0.0024201355		81	92.51
23	1	0.0024201355		91	92.36
24	1	0.0021253985		3049	89.97
25	1	0.0021253985		3074	89.93
26	1	7.260407E-4		94	91.46
27	1	4.840271E-4		79	94.23
28	1	0.0		4198	77.38
29	1	0.0		4198	77.38
30	1	0.0		3074	89.93
31	1	0.0		66	96.2
32	1	0.0		94	91.46
33	1	0.0		3049	89.97
34	1	0.0		66	96.2
35	1	0.0		81	92.51
36	1	0.0		91	92.36
37	1	0.0		3074	89.93
38	1	0.0		79	94.23
39	1	0.0		91	92.36


Run no: 22
0	1	2000.0		4657	84.18
1	1	1000.0		59	99.22
2	1	1000.0		59	99.22
3	1	1.08881		107	85.59
4	1	0.6646637		61	99.19
5	1	0.66422874		65	89.2
6	1	0.13181669		72	87.69
7	1	0.1313817		85	85.75
8	1	0.07710279		72	87.69
9	1	0.07601536		66	88.83
10	1	0.024601065		66	88.83
11	1	0.024601065		65	89.2
12	1	0.012365749		97	85.64
13	1	0.0066489363		96	85.74
14	1	0.003057238		96	85.74
15	1	0.0028646244		61	99.19
16	1	0.0028273163		85	85.75
17	1	0.0019946808		59	99.22
18	1	0.0013049152		66	88.83
19	1	8.6994347E-4		65	89.2
20	1	6.648936E-4		85	85.75
21	1	4.3497173E-4		59	99.22
22	1	2.1748587E-4		65	89.2
23	1	2.1748587E-4		96	85.74
24	1	0.0		66	88.83
25	1	0.0		61	99.19
26	1	0.0		61	99.19
27	1	0.0		59	99.22
28	1	0.0		65	89.2
29	1	0.0		66	88.83
30	1	0.0		65	89.2
31	1	0.0		96	85.74
32	1	0.0		65	89.2
33	1	0.0		66	88.83
34	1	0.0		66	88.83
35	1	0.0		65	89.2
36	1	0.0		96	85.74
37	1	0.0		59	99.22
38	1	0.0		61	99.19
39	1	0.0		61	99.19


Run no: 23
0	1	2000.0		5399	83.04
1	1	1000.0		58	96.73
2	1	1000.0		58	96.73
3	1	0.8241696		105	88.89
4	1	0.8241696		2287	83.2
5	1	0.59434974		5399	83.04
6	1	0.5826624		2287	83.2
7	1	0.27051288		64	93.85
8	1	0.21037254		72	92.31
9	1	0.21037254		58	96.73
10	1	0.21037254		77	89.43
11	1	0.057706356		71	93.06
12	1	0.054971743		72	92.31
13	1	0.054784514		71	93.06
14	1	0.03526778		77	89.43
15	1	0.034331627		103	88.96
16	1	0.0116873635		2287	83.2
17	1	0.009981223		103	88.96
18	1	0.0051132212		105	88.89
19	1	0.004868002		77	89.43
20	1	0.001310616		71	93.06
21	1	0.0011233852		58	96.73
22	1	9.361543E-4		72	92.31
23	1	3.744617E-4		105	88.89
24	1	3.744617E-4		103	88.96
25	1	1.8723085E-4		71	93.06
26	1	0.0		58	96.73
27	1	0.0		2287	83.2
28	1	0.0		77	89.43
29	1	0.0		103	88.96
30	1	0.0		77	89.43
31	1	0.0		105	88.89
32	1	0.0		103	88.96
33	1	0.0		58	96.73
34	1	0.0		72	92.31
35	1	0.0		105	88.89
36	1	0.0		103	88.96
37	1	0.0		58	96.73
38	1	0.0		103	88.96
39	1	0.0		71	93.06


Run no: 24
0	1	2000.0		5154	79.82
1	1	1000.00195		71	101.32
2	1	1000.0		71	101.32
3	1	0.8007063		197	87.36
4	1	0.6621016		3527	84.23
5	1	0.40605274		5072	82.08
6	1	0.37061524		3662	83.63
7	1	0.34550974		81	93.9
8	1	0.3451163		71	101.32
9	1	0.1455814		3527	84.23
10	1	0.1121999		91	91.5
11	1	0.11062603		83	93.87
12	1	0.066690154		91	91.5
13	1	0.06609995		101	90.1
14	1	0.06543691		167	88.64
15	1	0.06269846		139	88.93
16	1	0.059534885		197	87.36
17	1	0.056564473		5090	80.94
18	1	0.042790696		5152	80.74
19	1	0.037209302		106	89.73
20	1	0.033339128		3661	84.08
21	1	0.026362384		3527	84.23
22	1	0.021499848		5090	80.94
23	1	0.021499848		5152	80.74
24	1	0.020930232		3661	84.08
25	1	0.01899693		167	88.64
26	1	0.017209303		101	90.1
27	1	0.017209303		106	89.73
28	1	0.006492229		106	89.73
29	1	0.0059020263		197	87.36
30	1	0.003362691		81	93.9
31	1	0.0029692226		83	93.87
32	1	0.001967342		101	90.1
33	1	9.83671E-4		106	89.73
34	1	3.9346842E-4		5152	80.74
35	1	1.9673421E-4		3661	84.08
36	1	0.0		71	101.32
37	1	0.0		91	91.5
38	1	0.0		101	90.1
39	1	0.0		106	89.73


Run no: 25
0	1	2000.0		4887	82.05
1	1	1000.0		74	99.56
2	1	1000.0		74	99.56
3	1	0.9955385		726	87.16
4	1	0.69163316		3692	83.37
5	1	0.29191214		448	89.0
6	1	0.24828589		3692	83.37
7	1	0.23591743		78	93.27
8	1	0.23550189		75	97.39
9	1	0.23415191		447	93.1
10	1	0.21644774		3692	83.37
11	1	0.124136955		74	99.56
12	1	0.12392918		75	97.39
13	1	0.10529058		448	89.0
14	1	0.075628504		442	93.25
15	1	0.075628504		78	93.27
16	1	0.008774304		447	93.1
17	1	0.008566533		442	93.25
18	1	0.0011422045		442	93.25
19	1	0.0011422045		78	93.27
20	1	0.0010388531		447	93.1
21	1	0.0010388531		442	93.25
22	1	6.2331185E-4		75	97.39
23	1	0.0		78	93.27
24	1	0.0		75	97.39
25	1	0.0		442	93.25
26	1	0.0		78	93.27
27	1	0.0		3692	83.37
28	1	0.0		447	93.1
29	1	0.0		78	93.27
30	1	0.0		447	93.1
31	1	0.0		74	99.56
32	1	0.0		75	97.39
33	1	0.0		78	93.27
34	1	0.0		448	89.0
35	1	0.0		75	97.39
36	1	0.0		74	99.56
37	1	0.0		442	93.25
38	1	0.0		447	93.1
39	1	0.0		442	93.25


Run no: 26
0	1	2000.0		4322	78.71
1	1	1000.07794		60	97.96
2	1	0.0		60	97.96
3	1	1.2091455		207	83.4
4	1	7.038949E-4		79	93.82
5	1	0.039664935		82	86.03
6	1	0.0011731582		207	83.4
7	1	0.002580948		74	93.92
8	1	0.0		63	96.46
9	1	0.13194805		63	96.46
10	1	0.0		60	97.96
11	1	0.40467533		82	86.03
12	1	0.004927264		85	85.28
13	1	0.019354977		202	83.75
14	1	0.023896104		151	84.7
15	1	0.023896104		160	84.24
16	1	0.004927264		106	84.98
17	1	0.02756623		160	84.24
18	1	0.035309073		202	83.75
19	1	0.0		207	83.4
20	1	0.01628831		85	85.28
21	1	0.02614284		106	84.98
22	1	0.025103878		151	84.7
23	1	0.009854528		160	84.24
24	1	0.0063679633		74	93.92
25	1	0.005194805		79	93.82
26	1	0.038961038		85	85.28
27	1	0.014545455		106	84.98
28	1	7.038949E-4		63	96.46
29	1	0.0021116848		151	84.7
30	1	0.0		74	93.92
31	1	7.038949E-4		82	86.03
32	1	0.0		63	96.46
33	1	0.0		60	97.96
34	1	1000.00073		60	97.96
35	1	0.40584847		79	93.82
36	1	0.0		82	86.03
37	1	0.018181818		207	83.4
38	1	0.13194805		74	93.92
39	1	0.080503024		63	96.46


Run no: 27
0	1	2000.0		2969	79.4
1	1	1000.00415		75	96.54
2	1	1000.0		75	96.54
3	1	1.30673		2451	83.24
4	1	0.9890527		170	85.22
5	1	0.27187866		75	96.54
6	1	0.27187866		87	91.88
7	1	0.23337223		87	91.88
8	1	0.23337223		127	87.88
9	1	0.08051342		156	86.6
10	1	0.07124103		139	87.78
11	1	0.06709451		144	86.63
12	1	0.019656006		127	87.88
13	1	0.0138217		87	91.88
14	1	0.007562018		139	87.78
15	1	0.004837595		156	86.6
16	1	0.00414651		87	91.88
17	1	0.00414651		156	86.6
18	1	0.00414651		127	87.88
19	1	0.00414651		144	86.63
20	1	0.0017502917		144	86.63
21	1	0.0017502917		156	86.6
22	1	0.0017277125		144	86.63
23	1	0.0		75	96.54
24	1	0.0		75	96.54
25	1	0.0		127	87.88
26	1	0.0		144	86.63
27	1	0.0		127	87.88
28	1	0.0		87	91.88
29	1	0.0		156	86.6
30	1	0.0		75	96.54
31	1	0.0		144	86.63
32	1	0.0		87	91.88
33	1	0.0		87	91.88
34	1	0.0		127	87.88
35	1	0.0		144	86.63
36	1	0.0		127	87.88
37	1	0.0		87	91.88
38	1	0.0		75	96.54
39	1	0.0		75	96.54


Run no: 28
0	1	1000.0		66	103.67
1	1	2000.0		4552	85.61
2	1	1000.0		66	103.67
3	1	0.0		4552	85.61
4	1	0.014396456		106	87.37
5	1	0.8047258		3716	87.11
6	1	0.41672775		88	95.33
7	1	0.024916943		91	87.82
8	1	0.24663097		72	99.24
9	1	0.24529347		66	103.67
10	1	0.0		4552	85.61
11	1	0.006090808		3749	86.33
12	1	0.0761962		84	96.69
13	1	0.0013374945		78	98.29
14	1	0.08993107		84	96.69
15	1	6.6874723E-4		88	95.33
16	1	0.0013374945		72	99.24
17	1	0.08993107		78	98.29
18	1	0.040758774		3749	86.33
19	1	0.003343736		91	87.82
20	1	0.0		106	87.37
21	1	0.0069824713		3745	86.44
22	1	0.0		3739	86.84
23	1	0.020077229		3716	87.11
24	1	0.01628766		3739	86.84
25	1	0.023485888		3745	86.44
26	1	0.17900133		3749	86.33
27	1	0.027275456		3739	86.84
28	1	0.41650486		91	87.82
29	1	0.003343736		106	87.37
30	1	0.052602436		72	99.24
31	1	0.0		3745	86.44
32	1	0.052602436		78	98.29
33	1	0.0		3739	86.84
34	1	0.0		84	96.69
35	1	0.07530454		88	95.33
36	1	0.21886843		4552	85.61
37	1	0.0013374945		66	103.67
38	1	0.014396456		3716	87.11
39	1	0.8296428		106	87.37


Run no: 29
0	1	1000.0		4664	82.25
1	1	1000.0004		57	104.93
2	1	0.0		57	104.93
3	1	0.90471023		496	82.69
4	1	1000.0		4664	82.25
5	1	0.20942204		72	93.53
6	1	0.08553792		68	102.98
7	1	0.0030864198		468	85.14
8	1	0.08836651		59	104.92
9	1	0.001953549		68	102.98
10	1	0.24646357		468	85.14
11	1	0.04470892		483	83.64
12	1	0.019400353		496	82.69
13	1	0.03262107		479	84.92
14	1	0.024684563		481	84.19
15	1	0.024684563		483	83.64
16	1	4.34122E-4		481	84.19
17	1	0.9241106		4664	82.25
18	1	0.41753492		72	93.53
19	1	0.0076990617		479	84.92
20	1	0.007916123		474	85.07
21	1	0.0013023659		468	85.14
22	1	0.0030864198		474	85.07
23	1	0.04470892		496	82.69
24	1	0.001085305		474	85.07
25	1	1000.0004		57	104.93
26	1	0.41753492		68	102.98
27	1	0.032186948		481	84.19
28	1	0.45588562		76	88.8
29	2	2000.0		112	90.24
30	2	1000.0833		88	93.44
31	2	1000.05		88	93.44
32	2	0.940625		90	93.28
33	2	0.940625		101	90.27
34	2	0.46770835		101	90.27
35	2	0.46770835		112	90.24
36	2	0.45833334		101	90.27
37	2	0.45833334		90	93.28
38	2	0.13333334		90	93.28
39	2	0.0		112	90.24

