
Run no: 0
350		435		583		
350		513		4442		
350		493		4442		
70		368		406		
70		345		406		
70		429		3980		
70		404		3980		
70		387		3980		
70		441		3980		
70		472		3980		
70		81		369		
70		215		4757		
70		227		4600		
70		237		4600		
70		478		4600		
70		711		4600		
70		270		4468		
70		274		4295		
70		577		4295		
70		890		4295		
70		382		4178		
70		519		4178		
70		508		4178		
70		799		4178		
70		1300		4178		
70		706		3965		
70		479		3965		
70		527		3965		
70		655		3965		
70		941		3965		
70		270		3836		

Run no: 1
365		436		673		
365		397		545		
81		379		417		
76		373		417		
76		392		434		
76		382		434		
76		358		434		
76		318		429		
76		252		429		
76		103		429		
76		81		98		
76		159		3205		
76		262		4146		
76		341		4146		
76		504		4146		
76		243		3470		
76		242		3470		
76		314		3470		
76		386		3470		
76		543		3470		
76		941		3470		
76		1027		3470		
76		1183		3470		
76		677		3470		
76		169		3402		
76		168		3402		
76		334		3402		
76		250		3332		
76		494		3332		
76		736		3332		
76		100		245		

Run no: 2
299		425		598		
99		383		450		
76		352		427		
76		321		427		
71		236		390		
71		112		390		
71		181		4094		
71		176		4094		
71		174		4094		
71		272		4094		
71		372		4094		
71		473		4094		
71		775		4094		
71		1106		5260		
71		1337		5260		
71		1319		5227		
71		1479		5227		
71		459		5227		
71		556		5210		
71		931		5210		
71		1381		5210		
71		2068		5236		
71		2196		5236		
71		2151		5236		
71		1800		5236		
71		683		5236		
71		969		5236		
71		991		5171		
71		1165		5171		
71		1218		5171		
71		1131		5171		

Run no: 3
353		430		567		
353		407		516		
75		378		432		
75		372		432		
75		344		432		
75		279		432		
75		208		388		
75		311		3550		
69		382		3550		
69		478		3550		
69		163		3474		
69		160		3358		
69		326		3358		
69		655		3358		
69		735		3358		
69		164		3152		
69		165		3067		
69		317		3067		
69		463		3067		
69		232		2999		
69		288		2999		
69		434		2999		
69		727		2999		
69		1019		3019		
69		1314		3019		
69		1245		3019		
69		1313		3018		
69		1168		3018		
69		1243		3018		
65		954		3018		
65		954		3018		

Run no: 4
341		425		591		
89		409		591		
89		389		508		
89		395		515		
89		498		3556		
89		607		3556		
89		520		3517		
89		488		3517		
89		556		3517		
89		431		3517		
89		90		96		
80		90		96		
77		90		96		
77		88		93		
77		88		93		
77		86		93		
77		85		93		
77		87		93		
77		86		93		
77		163		3217		
71		162		3200		
71		240		3200		
71		395		3200		
71		555		3200		
71		558		3200		
71		480		3200		
71		560		3200		
71		637		3200		
71		935		5776		
71		1283		5776		
71		1245		5758		

Run no: 5
353		431		574		
74		401		508		
74		372		454		
74		353		454		
74		351		454		
74		316		465		
74		188		465		
74		88		465		
74		107		465		
74		117		465		
74		138		470		
72		140		470		
72		304		4163		
72		295		4163		
72		542		4163		
72		743		4163		
72		341		4017		
72		426		4017		
72		440		4017		
72		642		4017		
72		365		3919		
72		285		3919		
65		387		3919		
65		762		3919		
65		763		3919		
65		1002		3919		
65		1023		3919		
65		648		3728		
65		968		3728		
65		994		3728		
65		528		3727		

Run no: 6
324		427		566		
324		406		502		
324		471		3777		
324		388		464		
99		393		464		
86		400		490		
86		418		490		
86		505		4256		
86		564		4256		
86		622		4256		
86		681		4256		
63		775		4256		
63		898		4256		
63		1189		4256		
63		497		4122		
63		489		4122		
63		470		4122		
63		551		4122		
63		231		4050		
63		337		4050		
63		367		4050		
63		454		4050		
63		610		4050		
63		643		4050		
63		681		4050		
63		1064		4050		
63		360		4070		
63		453		4070		
63		843		4070		
63		469		4070		
63		570		4070		

Run no: 7
326		428		607		
326		498		3871		
326		687		4532		
97		1159		4624		
70		1613		4569		
70		2208		4692		
70		1091		4692		
70		1667		4692		
70		2178		4659		
70		318		4429		
70		549		4429		
70		1040		6587		
70		1478		6587		
70		1699		6587		
70		1944		6587		
70		1815		4641		
70		2148		4641		
70		2151		4698		
70		368		3923		
70		174		3861		
70		547		3861		
70		882		5806		
70		602		5806		
70		841		5806		
67		886		5806		
67		305		5487		
67		303		5487		
67		391		5487		
67		480		5487		
67		569		5487		
67		758		5463		

Run no: 8
318		433		695		
87		387		609		
87		350		416		
87		334		435		
87		247		435		
87		137		344		
87		185		4023		
87		382		4023		
85		481		4023		
85		184		3972		
85		269		3826		
85		474		4535		
85		744		4535		
85		749		4535		
85		468		4535		
84		1023		4535		
84		2390		4535		
84		2523		6583		
84		2467		6583		
84		2449		6583		
84		2478		6583		
84		3081		6583		
84		2939		6583		
84		2858		6583		
67		1856		6457		
67		2108		6457		
67		2053		6457		
67		2188		6457		
67		2212		6457		
67		2253		6457		
67		3187		6457		

Run no: 9
350		426		588		
350		400		481		
76		388		481		
76		381		481		
76		389		481		
76		382		481		
76		334		481		
76		294		481		
75		235		481		
75		186		521		
75		186		521		
75		198		521		
75		190		507		
75		200		507		
75		228		507		
75		219		506		
65		237		506		
65		442		4420		
65		516		4420		
65		718		4420		
65		442		4118		
65		457		4118		
65		518		4118		
65		518		4118		
65		1112		6618		
65		1128		6618		
65		1189		6618		
65		1623		6618		
65		1417		6618		
65		982		6532		
65		1231		6532		

Run no: 10
362		428		569		
104		397		569		
104		476		4259		
88		553		4267		
88		693		4267		
88		978		4267		
84		2197		4267		
84		2280		4267		
84		1966		4267		
84		1861		4267		
84		1759		4267		
84		2013		6176		
84		1481		6176		
74		902		6176		
74		1312		6176		
74		1465		6176		
74		2023		6176		
74		3039		6176		
74		1353		5921		
74		1802		5921		
74		1273		5921		
74		1773		5921		
74		2490		5921		
74		2669		5921		
69		2360		5918		
69		2573		5918		
69		2356		5918		
69		2219		5918		
69		2220		5918		
69		2561		5918		
69		2859		5918		

Run no: 11
359		436		649		
87		390		563		
87		371		476		
87		345		476		
87		421		4554		
87		502		4554		
87		635		4554		
87		968		4554		
87		374		3500		
87		645		3500		
82		758		3500		
82		1213		3500		
82		560		3500		
82		771		3500		
82		949		3500		
82		851		3500		
82		1032		3500		
72		2033		3500		
72		2895		3500		
72		2295		3497		
72		2122		3497		
72		977		5219		
72		758		5219		
72		175		3179		
72		183		3179		
72		266		3179		
72		255		3179		
72		410		3179		
72		731		3209		
72		732		3209		
72		426		3209		

Run no: 12
348		433		693		
91		394		480		
91		378		492		
91		320		480		
74		249		421		
74		264		378		
74		244		378		
74		244		378		
74		228		378		
74		227		378		
74		224		378		
74		167		378		
74		235		382		
74		209		382		
74		82		382		
74		90		382		
73		106		382		
73		222		3425		
73		348		3425		
73		409		3702		
73		563		3702		
73		721		3702		
73		1027		3702		
73		438		3518		
73		620		3524		
73		1069		3524		
73		825		3524		
73		392		3514		
73		394		3514		
73		589		3514		
73		807		3514		

Run no: 13
345		419		573		
345		399		573		
345		380		454		
345		381		454		
82		379		454		
82		383		454		
82		372		454		
71		352		454		
70		408		467		
70		362		467		
70		298		467		
70		131		467		
70		181		3994		
70		278		3994		
70		378		3994		
70		674		3994		
70		868		3994		
70		274		3977		
70		364		3977		
70		632		3977		
70		168		3337		
70		249		3337		
70		331		3337		
70		573		3337		
70		657		3337		
70		658		3337		
70		412		3337		
70		243		3337		
70		70		71		
70		70		71		
70		70		71		

Run no: 14
315		429		595		
112		379		435		
78		358		455		
78		354		449		
74		299		406		
73		246		385		
73		304		385		
73		232		385		
73		113		384		
73		78		109		
73		79		109		
73		81		109		
73		83		109		
73		83		109		
73		85		167		
73		86		167		
73		86		167		
73		87		167		
70		92		167		
70		105		167		
70		125		167		
70		115		167		
70		171		3557		
70		160		3557		
70		248		3557		
70		417		3557		
70		712		4756		
67		1070		4689		
67		1657		4689		
67		1646		4452		
67		1146		4439		

Run no: 15
351		428		627		
87		380		519		
87		377		492		
66		345		423		
66		316		423		
66		394		3226		
64		517		3226		
64		587		3240		
64		530		3981		
64		684		3981		
64		825		3896		
64		1049		3896		
64		1087		3896		
64		1013		3896		
64		857		3208		
64		860		3208		
64		931		3208		
64		570		3081		
64		622		3081		
64		686		3081		
64		283		3079		
64		244		3079		
64		141		3079		
64		141		3041		
64		143		3041		
64		72		115		
64		76		115		
64		79		115		
64		80		115		
64		81		115		
64		81		115		

Run no: 16
351		424		573		
351		479		3760		
83		483		3760		
83		579		3761		
83		705		3761		
75		625		3660		
75		1475		3660		
75		701		3516		
75		1173		3516		
75		1623		3516		
75		335		3478		
75		674		3478		
75		1013		3478		
75		1349		3478		
71		337		3367		
71		509		3367		
71		830		3367		
71		995		3367		
71		1316		3367		
71		2610		3367		
71		2042		3367		
66		1294		3361		
66		1945		3361		
66		652		3361		
66		320		3296		
66		476		3296		
66		309		3222		
66		141		3052		
66		142		3052		
66		142		3052		
66		311		3810		

Run no: 17
368		440		641		
74		403		510		
74		383		525		
74		339		525		
74		247		419		
74		85		419		
74		74		85		
74		74		85		
74		199		5065		
65		324		5065		
65		449		5065		
65		699		5065		
65		951		5065		
65		1201		5065		
65		1484		6710		
65		605		6710		
65		962		6710		
65		1779		6710		
65		2196		6710		
65		2123		6514		
65		2385		6514		
65		2767		6514		
65		3549		6514		
65		3552		6514		
65		2287		6514		
65		1552		6514		
65		749		6423		
65		949		6423		
65		1256		6423		
65		1103		6423		
65		1761		6423		

Run no: 18
343		446		712		
343		411		712		
79		379		429		
79		353		429		
79		320		467		
79		302		467		
79		371		4290		
79		451		4290		
79		645		4290		
79		976		4290		
79		558		4080		
79		750		4080		
79		926		4080		
71		1206		4080		
71		1463		4080		
71		1329		4080		
71		1102		3699		
71		2057		3699		
71		1614		4895		
71		821		4895		
71		596		4895		
71		838		4895		
71		1156		4895		
71		1746		4895		
71		1644		4895		
71		1666		4895		
71		2487		4895		
71		438		4894		
71		665		4894		
71		1146		4894		
71		357		4893		

Run no: 19
352		427		527		
352		410		527		
352		482		4100		
94		548		4100		
94		540		4100		
94		718		4100		
74		950		4132		
74		1184		4083		
67		791		4126		
67		97		144		
67		96		119		
67		99		126		
67		101		122		
67		79		122		
67		76		107		
67		77		107		
67		77		110		
67		80		110		
67		82		110		
67		85		110		
67		87		110		
67		87		110		
67		89		110		
67		89		110		
67		90		119		
67		87		119		
67		89		119		
67		90		125		
67		93		125		
67		93		125		
67		92		125		

Run no: 20
344		421		554		
344		391		552		
343		382		432		
72		365		423		
72		372		423		
72		351		423		
72		419		4071		
72		408		4071		
72		557		4071		
72		641		4071		
72		825		4071		
72		1183		4071		
72		486		3754		
72		530		4325		
72		727		4325		
72		994		4325		
72		1065		4256		
72		893		4256		
72		1498		4256		
72		1791		4256		
72		485		4256		
72		365		3893		
72		270		3728		
72		281		3728		
72		467		3728		
72		931		3728		
72		1178		3728		
72		1356		3728		
72		1320		3728		
72		668		3540		
72		670		3540		

Run no: 21
350		425		582		
92		399		507		
92		456		3332		
92		534		3332		
92		781		4354		
82		1176		4360		
81		1732		4360		
81		2760		4360		
81		1957		4359		
81		1788		4359		
81		896		4359		
81		858		4260		
81		1024		4260		
81		1078		4260		
81		929		4260		
81		1217		4260		
81		971		4261		
81		1922		4261		
81		2119		4261		
79		1205		4261		
66		474		4259		
66		757		4259		
66		990		4259		
66		1899		4259		
66		485		4198		
66		661		4198		
66		987		4198		
66		1062		4198		
66		1268		4198		
66		1387		4198		
66		1415		4198		

Run no: 22
347		424		619		
347		396		437		
347		477		4185		
116		366		403		
65		355		403		
65		362		410		
65		361		410		
65		319		410		
65		244		410		
61		84		410		
61		64		65		
61		64		65		
61		64		65		
61		64		65		
61		68		229		
61		72		229		
61		64		97		
61		64		66		
61		63		66		
61		63		66		
61		63		66		
59		63		66		
59		63		66		
59		63		66		
59		63		96		
59		64		96		
59		65		96		
59		67		96		
59		67		96		
59		71		97		
59		186		4657		

Run no: 23
338		422		506		
82		389		506		
82		380		531		
71		365		532		
71		293		532		
71		217		414		
71		78		83		
71		76		104		
71		71		77		
71		72		81		
71		162		3638		
65		163		3638		
65		252		3638		
65		430		3638		
65		519		3638		
65		520		3638		
65		699		3638		
65		659		5517		
58		796		5517		
58		932		5517		
58		928		5517		
58		1343		5517		
58		826		5517		
58		282		5481		
58		552		5481		
58		280		5455		
58		537		5455		
58		536		5455		
58		323		5399		
58		379		5399		
58		567		5399		

Run no: 24
336		425		576		
97		375		488		
97		350		457		
88		312		457		
88		288		457		
83		287		457		
83		463		5516		
83		627		5516		
83		604		5510		
83		703		5510		
83		1029		5510		
81		1664		5510		
81		462		5368		
81		729		5368		
81		1217		5368		
81		1294		5368		
81		1097		5321		
81		1388		5321		
81		1854		5321		
81		2103		5303		
81		2355		7082		
81		2033		7082		
81		2590		7082		
81		2310		7079		
81		2471		7079		
81		2581		7079		
71		2508		7079		
71		2416		7079		
71		3181		7079		
71		3124		7079		
71		1599		5154		

Run no: 25
351		426		580		
104		395		476		
104		382		476		
104		473		4071		
104		581		4075		
104		583		4075		
104		494		4427		
104		560		4427		
104		532		4166		
104		540		4166		
98		787		4166		
82		1206		4166		
74		1148		4166		
74		1245		4166		
74		1306		4166		
74		1174		4079		
74		1023		4079		
74		1195		4079		
74		1047		4079		
74		1187		4076		
74		1230		4076		
74		696		3707		
74		786		3707		
74		1164		5125		
74		1352		5125		
74		1579		5125		
74		2153		5125		
74		2204		5125		
74		1313		5125		
74		1231		5125		
74		721		4887		

Run no: 26
336		430		784		
100		381		541		
74		354		541		
74		343		541		
74		316		541		
74		344		541		
74		301		541		
74		199		4044		
74		278		4044		
74		76		151		
74		78		151		
74		79		151		
74		81		151		
74		83		151		
74		166		3297		
74		247		3305		
74		415		3305		
60		98		202		
60		104		202		
60		108		202		
60		114		202		
60		113		207		
60		118		207		
60		116		207		
60		215		4327		
60		220		4327		
60		323		4327		
60		326		4327		
60		434		4327		
60		221		4322		
60		213		4322		

Run no: 27
327		421		619		
327		405		619		
92		372		487		
92		480		4388		
92		444		4388		
92		765		4388		
92		1166		4388		
87		580		4354		
75		963		4354		
75		1239		4354		
75		1228		4354		
75		1442		4354		
75		334		4034		
75		465		4304		
75		570		4304		
75		836		4304		
75		674		4304		
75		458		4300		
75		655		4300		
75		1020		4300		
75		599		4300		
75		972		4300		
75		771		4357		
75		1245		4357		
75		1075		4357		
75		1339		4357		
75		1487		4357		
75		1062		4174		
75		1218		4173		
75		314		3000		
75		246		2969		

Run no: 28
360		434		646		
360		405		601		
78		390		427		
78		384		428		
78		488		3919		
78		671		3919		
78		757		3919		
78		671		3919		
78		832		3919		
78		1162		3919		
78		546		4361		
78		460		4246		
78		544		4246		
78		715		4246		
78		410		3962		
78		510		3962		
78		610		3962		
78		769		3962		
66		764		3962		
66		398		3739		
66		376		3739		
66		356		3739		
66		535		3739		
66		536		3745		
66		719		3745		
66		811		3745		
66		904		3745		
66		1088		3745		
66		1384		4552		
66		1607		4552		
66		1718		4552		

Run no: 29
356		434		681		
85		392		468		
76		371		468		
76		364		468		
76		333		468		
76		371		468		
57		361		479		
57		333		490		
57		304		490		
57		246		490		
57		248		501		
57		339		501		
57		270		501		
57		378		4758		
57		504		4758		
57		368		4745		
57		476		4745		
57		572		4745		
57		710		4745		
57		701		4745		
57		933		4745		
57		376		4664		
57		582		4664		
57		804		4664		
57		931		4664		
57		920		4664		
57		586		4664		
57		605		4664		
57		575		4664		
57		566		4664		
57		585		4664		
