
Run no: 0
93.2	
93.2	
93.2	
93.2	
93.2	
90.31	
90.31	
90.31	
90.31	
90.31	
89.15	
85.14	
84.63	
84.63	
84.63	
84.63	
84.47	
79.91	
79.91	
79.91	
79.87	
79.87	
79.87	
79.87	
79.87	
76.63	
76.63	
76.63	
76.63	
76.63	
76.63	

Run no: 1
93.84	
93.84	
93.84	
93.84	
92.81	
91.42	
89.43	
89.43	
89.43	
89.43	
88.93	
88.54	
85.92	
85.92	
83.54	
83.54	
83.54	
83.54	
83.54	
83.54	
83.54	
83.54	
83.54	
83.54	
83.45	
83.45	
83.45	
83.45	
83.45	
83.45	
83.16	

Run no: 2
95.4	
94.37	
91.62	
91.62	
91.31	
91.31	
87.9	
87.9	
87.9	
87.9	
87.9	
87.9	
87.9	
80.29	
80.29	
80.29	
80.29	
80.29	
79.48	
79.48	
79.48	
79.31	
79.31	
79.31	
79.31	
79.16	
79.16	
79.04	
79.04	
79.04	
79.04	

Run no: 3
91.62	
91.62	
91.62	
91.62	
91.62	
91.62	
91.62	
81.62	
81.62	
81.62	
81.42	
81.42	
81.42	
81.42	
81.42	
81.12	
80.29	
80.29	
80.29	
78.12	
78.12	
78.12	
78.12	
76.45	
76.45	
76.45	
76.15	
76.15	
76.15	
76.15	
76.15	

Run no: 4
93.93	
93.93	
93.93	
93.18	
90.64	
87.8	
87.8	
87.8	
87.8	
87.8	
87.76	
87.76	
87.6	
87.6	
87.6	
87.6	
87.6	
87.6	
87.6	
84.13	
83.31	
83.31	
83.31	
83.31	
83.31	
83.31	
83.31	
83.31	
80.69	
80.69	
79.59	

Run no: 5
94.72	
94.72	
92.27	
92.27	
92.27	
90.8	
90.8	
90.8	
90.8	
90.8	
90.25	
90.25	
80.6	
80.6	
80.6	
80.6	
80.6	
80.6	
80.6	
80.6	
80.6	
80.6	
80.6	
80.6	
80.6	
80.6	
80.6	
79.45	
79.45	
79.45	
79.45	

Run no: 6
91.29	
91.29	
91.29	
91.29	
91.29	
90.45	
90.45	
88.51	
88.51	
88.51	
88.51	
88.51	
88.51	
88.51	
88.51	
88.51	
88.51	
88.51	
88.31	
88.31	
88.31	
88.31	
88.31	
88.31	
88.31	
88.31	
87.82	
87.82	
87.82	
87.82	
87.82	

Run no: 7
96.43	
95.12	
93.08	
93.08	
93.08	
92.67	
92.67	
91.33	
91.33	
91.33	
91.33	
91.06	
91.06	
91.06	
91.06	
90.25	
90.25	
86.96	
86.96	
85.81	
85.81	
83.89	
83.89	
83.89	
83.89	
82.09	
82.09	
82.09	
82.09	
82.09	
81.99	

Run no: 8
96.74	
92.83	
92.0	
92.0	
92.0	
92.0	
86.57	
86.57	
86.57	
86.54	
86.49	
82.06	
82.06	
82.06	
82.06	
82.06	
82.06	
80.76	
80.76	
80.76	
80.76	
80.76	
80.76	
80.76	
80.76	
80.76	
80.76	
80.76	
80.76	
80.76	
80.76	

Run no: 9
90.22	
90.22	
90.22	
90.22	
90.22	
90.22	
90.22	
90.22	
90.22	
90.07	
90.07	
90.07	
89.7	
89.7	
89.7	
89.26	
89.26	
83.97	
83.97	
83.97	
83.89	
83.89	
83.89	
83.89	
83.74	
83.74	
83.74	
83.74	
83.74	
83.44	
83.44	

Run no: 10
91.75	
91.75	
82.77	
82.47	
82.47	
82.47	
82.47	
82.47	
82.47	
82.47	
82.47	
78.99	
78.99	
78.99	
78.99	
78.99	
78.99	
78.99	
78.99	
78.99	
78.99	
78.99	
78.99	
78.99	
78.99	
78.99	
78.99	
78.99	
78.99	
78.99	
78.99	

Run no: 11
93.61	
93.61	
93.21	
93.21	
88.27	
88.27	
88.27	
87.41	
87.41	
87.41	
87.41	
87.41	
85.61	
85.61	
85.61	
85.61	
85.61	
85.61	
85.61	
85.12	
85.12	
85.01	
82.15	
82.15	
82.15	
82.15	
82.15	
82.15	
81.93	
81.93	
81.93	

Run no: 12
89.89	
89.89	
89.89	
89.89	
89.89	
89.89	
89.89	
89.89	
89.89	
89.89	
89.89	
89.89	
89.4	
89.4	
89.4	
89.4	
89.4	
84.27	
84.27	
80.44	
80.44	
80.44	
80.44	
79.68	
79.48	
79.48	
79.48	
79.48	
79.48	
79.48	
79.48	

Run no: 13
94.84	
94.84	
94.84	
94.84	
94.84	
94.84	
94.84	
94.84	
94.71	
94.71	
94.33	
94.33	
88.15	
88.15	
88.15	
88.15	
88.15	
87.79	
87.79	
85.13	
85.13	
85.13	
85.13	
85.13	
85.13	
84.61	
84.61	
84.61	
84.61	
84.61	
84.61	

Run no: 14
94.24	
94.24	
94.24	
94.24	
94.24	
94.24	
94.24	
94.24	
92.13	
92.13	
92.13	
92.13	
92.13	
92.13	
90.19	
90.19	
90.19	
90.19	
90.19	
90.19	
89.96	
89.96	
87.58	
87.58	
87.58	
87.58	
84.02	
84.02	
84.02	
83.74	
83.67	

Run no: 15
94.53	
93.27	
93.27	
93.27	
93.27	
91.74	
91.74	
91.42	
89.64	
89.39	
89.39	
89.39	
89.39	
89.32	
88.89	
88.89	
87.41	
87.41	
87.41	
87.41	
87.41	
87.41	
87.41	
87.16	
87.16	
85.86	
85.86	
85.86	
85.86	
85.86	
85.86	

Run no: 16
93.29	
90.25	
90.25	
90.25	
85.31	
85.31	
85.31	
85.26	
85.26	
85.26	
85.26	
85.26	
85.26	
85.26	
85.21	
85.21	
85.21	
85.21	
85.21	
85.21	
85.21	
83.21	
83.21	
82.56	
82.56	
82.28	
82.28	
82.28	
82.28	
82.28	
78.94	

Run no: 17
95.86	
84.89	
84.89	
84.89	
84.39	
84.39	
84.39	
84.39	
82.48	
82.48	
82.48	
82.48	
82.48	
82.48	
82.01	
82.01	
82.01	
82.01	
79.36	
78.77	
78.77	
78.77	
78.77	
78.77	
78.77	
78.77	
78.43	
78.43	
78.43	
78.43	
78.43	

Run no: 18
95.32	
95.32	
95.32	
95.32	
95.08	
95.08	
91.44	
91.44	
91.44	
91.28	
91.28	
91.28	
91.28	
91.28	
91.16	
91.16	
91.16	
91.16	
82.52	
82.52	
82.52	
82.52	
82.52	
82.52	
82.52	
82.52	
82.52	
82.52	
82.52	
82.52	
82.52	

Run no: 19
96.12	
96.12	
93.3	
93.25	
93.25	
93.25	
93.25	
91.81	
91.81	
91.81	
88.97	
88.97	
88.97	
88.72	
88.72	
88.72	
88.22	
88.22	
88.22	
88.22	
88.22	
88.22	
88.22	
88.22	
87.97	
87.97	
87.97	
87.95	
87.95	
87.95	
87.95	

Run no: 20
86.87	
86.87	
86.87	
86.87	
86.87	
86.87	
84.77	
84.77	
84.77	
84.77	
84.77	
84.77	
84.77	
82.83	
82.83	
82.83	
82.83	
82.83	
82.83	
82.83	
82.83	
75.41	
75.41	
75.41	
75.41	
75.41	
75.41	
75.41	
73.2	
73.2	
73.2	

Run no: 21
93.53	
93.07	
90.28	
90.28	
78.74	
77.99	
77.99	
77.99	
77.99	
77.99	
77.89	
77.89	
77.89	
77.89	
77.89	
77.89	
77.49	
77.49	
77.49	
77.49	
77.49	
77.49	
77.49	
77.49	
77.38	
77.38	
77.38	
77.38	
77.38	
77.38	
77.38	

Run no: 22
91.68	
91.68	
91.68	
91.68	
89.2	
89.2	
89.2	
89.2	
89.2	
89.2	
89.2	
89.2	
89.2	
89.2	
89.18	
89.18	
89.0	
88.83	
88.83	
88.83	
88.83	
88.83	
88.83	
88.83	
85.74	
85.74	
85.74	
85.74	
85.74	
85.64	
84.18	

Run no: 23
93.16	
93.16	
93.16	
93.06	
90.64	
90.64	
90.64	
90.64	
90.64	
90.57	
87.01	
87.01	
87.01	
87.01	
87.01	
87.01	
87.01	
83.14	
83.14	
83.14	
83.14	
83.14	
83.14	
83.14	
83.14	
83.14	
83.14	
83.14	
83.04	
83.04	
83.04	

Run no: 24
88.22	
88.22	
88.22	
88.22	
88.22	
88.22	
80.76	
80.76	
80.76	
80.76	
80.76	
80.76	
80.71	
80.71	
80.71	
80.71	
80.71	
80.71	
80.71	
80.36	
79.92	
79.92	
79.92	
79.82	
79.82	
79.82	
79.82	
79.82	
79.82	
79.82	
79.82	

Run no: 25
93.25	
93.25	
93.25	
92.56	
92.39	
92.39	
89.71	
89.14	
84.48	
84.48	
84.48	
84.48	
84.48	
84.48	
84.48	
84.48	
84.48	
84.48	
84.48	
84.48	
84.48	
83.37	
83.37	
82.65	
82.65	
82.65	
82.65	
82.65	
82.65	
82.65	
82.05	

Run no: 26
90.92	
90.92	
90.92	
90.92	
86.54	
86.54	
86.54	
84.7	
84.7	
84.7	
84.7	
84.7	
84.7	
84.7	
84.1	
83.89	
83.89	
83.75	
83.75	
83.75	
83.75	
83.4	
83.4	
83.4	
78.71	
78.71	
78.71	
78.71	
78.71	
78.71	
78.71	

Run no: 27
97.94	
97.94	
94.65	
91.5	
91.5	
82.29	
82.29	
82.29	
82.29	
82.29	
82.29	
82.29	
82.18	
81.23	
81.23	
81.23	
81.23	
81.13	
81.13	
81.13	
81.13	
81.13	
80.83	
80.83	
80.83	
80.83	
80.83	
80.83	
79.54	
79.54	
79.4	

Run no: 28
91.53	
91.53	
91.53	
91.06	
90.22	
90.22	
90.22	
90.22	
90.22	
90.22	
87.41	
87.41	
87.41	
87.41	
86.9	
86.9	
86.9	
86.9	
86.9	
86.84	
86.84	
86.84	
86.84	
86.44	
86.44	
86.44	
86.44	
86.44	
85.61	
85.61	
85.61	

Run no: 29
85.14	
85.14	
85.14	
85.14	
85.14	
85.14	
85.07	
83.64	
83.64	
83.64	
83.57	
83.57	
83.57	
82.58	
82.58	
82.35	
82.35	
82.35	
82.35	
82.35	
82.35	
82.25	
82.25	
82.25	
82.25	
82.25	
82.25	
82.25	
82.25	
82.25	
82.25	
