
Run no: 0
0	1	2000.0		3116	80.03
1	1	1000.0		65	93.32
2	1	0.0		65	93.32
3	1	1.0815727		3095	80.73
4	1	0.05643341		149	81.48
5	1	0.0		68	87.56
6	1	0.0		65	93.32
7	1	0.15671656		115	83.53
8	1	0.007538512		138	81.53
9	1	0.0		68	87.56
10	1	0.0		69	86.06
11	1	0.08880262		115	83.53
12	1	0.0030097817		96	84.61
13	1	0.0		149	81.48
14	1	0.031505786		88	85.06
15	1	0.0		74	85.7
16	1	0.0		94	84.65
17	1	0.03327851		86	85.31
18	1	0.003933137		74	85.7
19	1	0.0		69	86.06
20	1	0.019466659		86	85.31
21	1	0.020777704		88	85.06
22	1	0.0037622273		138	81.53
23	1	0.08191963		96	84.61
24	1	0.0		149	81.48
25	1	0.15048909		138	81.53
26	1	0.0		94	84.65
27	1	0.0		94	84.65
28	1	0.0		74	85.7
29	1	0.0		69	86.06
30	1	0.1138501		68	87.56
31	1	0.0		65	93.32
32	1	0.0036653045		94	84.65
33	1	0.0062274663		96	84.61
34	1	0.0		69	86.06
35	1	1000.0		65	93.32
36	1	0.0		149	81.48
37	1	0.0036053753		138	81.53
38	1	0.43373635		68	87.56
39	1	0.027088037		69	86.06
40	1	0.0		96	84.61
41	1	0.0019665684		94	84.65
42	1	0.028726842		74	85.7
43	1	3.277614E-4		69	86.06
44	1	0.029345373		74	85.7
45	1	0.0		96	84.61
46	1	0.0		74	85.7
47	1	0.96558505		149	81.48
48	1	0.0073676025		149	81.48
49	1	0.0		74	85.7
50	1	0.0		69	86.06
51	1	0.4334086		65	93.32
52	1	0.0		69	86.06
53	1	0.0		65	93.32
54	1	0.0		68	87.56
55	1	0.0		65	93.32
56	1	0.0		69	86.06
57	1	9.832842E-4		65	93.32
58	1	0.030850263		94	84.65
59	1	0.114505626		69	86.06


Run no: 1
0	1	1000.4663		61	101.96
1	1	0.0		61	101.96
2	1	0.013874224		427	84.56
3	1	0.0		61	101.96
4	1	0.0		61	101.96
5	1	0.15809771		93	87.69
6	1	0.0		61	101.96
7	1	2000.0		3904	75.41
8	1	0.041861717		3697	80.46
9	1	0.0		61	101.96
10	1	0.9914492		3586	80.93
11	1	0.07118644		68	89.58
12	1	0.0		61	101.96
13	1	0.0		61	101.96
14	1	0.20480204		427	84.56
15	1	0.0		61	101.96
16	1	1000.0		61	101.96
17	1	0.0		68	89.58
18	1	0.12439611		93	87.69
19	1	0.0018214936		68	89.58
20	1	0.0		61	101.96
21	1	0.0		61	101.96
22	1	0.0		61	101.96
23	1	0.0		93	87.69
24	1	0.0		68	89.58
25	1	0.9587372		434	84.24
26	1	0.046586134		3697	80.46
27	1	0.0		61	101.96
28	1	0.0018214936		61	101.96
29	1	0.2022096		3759	77.11
30	1	0.14231025		3758	79.77
31	1	0.47279537		68	89.58
32	2	2000.0		3878	77.47
33	2	0.56133384		3855	77.49
34	2	1.0649586		3803	79.6
35	2	2000.0		3574	84.24
36	2	0.8564293		3803	79.6
37	3	2000.0		3698	80.86
38	4	1000.0		3894	77.49
39	4	0.0021058174		3894	77.49
40	4	1.8176494		444	87.44
41	4	0.93189		3886	77.79
42	4	2000.0		95	89.09
43	4	0.83189654		3886	77.79
44	4	0.13816136		223	87.69
45	4	0.15438274		132	88.09
46	4	0.0		3894	77.49
47	4	0.0021058174		3886	77.79
48	4	1000.0259		3894	77.49
49	5	1.8807602		3731	84.11
50	5	2000.0		3815	79.94
51	5	1.4759845		426	87.93
52	5	2000.0		133	88.26
53	6	1000.0		70	101.46
54	6	0.5497455		70	101.46
55	6	0.7113476		71	89.58
56	6	1000.00024		70	101.46
57	6	2000.0		3861	79.85
58	6	1.2886524		3861	79.85
59	6	1.4499907		423	88.1


Run no: 2
0	1	1000.01556		3984	79.74
1	1	1000.06116		3984	79.74
2	1	1000.0016		64	92.49
3	1	1000.0		64	92.49
4	1	1.2333283		3136	83.78
5	1	0.8406612		518	85.17
6	1	0.5331893		3923	80.52
7	1	0.0		96	89.45
8	1	0.012160865		91	92.08
9	1	0.17137255		517	85.98
10	1	0.0		115	88.12
11	1	0.0		123	86.12
12	1	0.10758804		126	86.08
13	1	0.079706885		110	89.12
14	1	0.0		115	88.12
15	1	0.0035714286		96	89.45
16	1	0.0		110	89.12
17	1	0.0		69	92.47
18	1	0.028631452		71	92.17
19	1	7.653061E-4		126	86.08
20	1	0.0		91	92.08
21	1	0.0		71	92.17
22	1	0.0		71	92.17
23	1	0.0		91	92.08
24	1	0.0		126	86.08
25	1	0.025882352		110	89.12
26	1	0.027157864		96	89.45
27	1	0.0		123	86.12
28	1	0.0031372549		123	86.12
29	1	0.15686275		115	88.12
30	1	5.1020406E-4		69	92.47
31	1	0.0		64	92.49
32	1	0.0		115	88.12
33	1	0.20627451		91	92.08
34	1	0.0		69	92.47
35	1	0.0		64	92.49
36	1	0.0020408162		123	86.12
37	1	0.0075690276		71	92.17
38	1	0.0012755102		69	92.47
39	1	0.0		64	92.49
40	1	0.0012755102		91	92.08
41	1	0.20627451		96	89.45
42	1	0.0		126	86.08
43	1	0.079706885		115	88.12
44	1	0.0		110	89.12
45	1	0.0015686274		69	92.47
46	1	0.0		91	92.08
47	1	0.0031372549		126	86.08
48	1	0.0035714286		110	89.12
49	1	0.0		123	86.12
50	1	0.0		123	86.12
51	1	0.0		64	92.49
52	1	0.023529412		69	92.47
53	1	0.0		69	92.47
54	1	0.0		115	88.12
55	1	0.0		110	89.12
56	1	0.0		123	86.12
57	1	0.0012755102		64	92.49
58	1	0.0020408162		115	88.12
59	1	0.15762804		123	86.12


Run no: 3
0	1	2000.0		77	79.75
1	1	1000.0		65	103.38
2	1	0.0		65	103.38
3	1	1000.0		65	103.38
4	1	0.40703908		66	87.07
5	1	0.019043589		71	80.2
6	1	0.05035971		68	81.39
7	1	0.7735576		66	87.07
8	1	0.0		71	80.2
9	1	0.0		66	87.07
10	1	0.0		68	81.39
11	1	0.0		65	103.38
12	1	0.0		68	81.39
13	1	0.0		71	80.2
14	1	0.0		65	103.38
15	1	0.25		71	80.2
16	1	0.0		68	81.39
17	1	0.0		65	103.38
18	1	0.16666667		68	81.39
19	1	0.5503597		71	80.2
20	1	0.6902243		65	103.38
21	1	0.0		65	103.38
22	1	0.0		68	81.39
23	1	0.0		68	81.39
24	1	0.0		68	81.39
25	1	0.0		68	81.39
26	1	0.0		65	103.38
27	1	0.083333336		65	103.38
28	1	0.0		68	81.39
29	1	0.0		68	81.39
30	1	0.0		68	81.39
31	1	0.0		68	81.39
32	1	0.0		68	81.39
33	1	0.0		68	81.39
34	1	0.0		68	81.39
35	1	0.0		68	81.39
36	1	0.0		68	81.39
37	1	0.0		68	81.39
38	1	0.0		68	81.39
39	1	0.0		68	81.39
40	1	0.0		68	81.39
41	1	0.0		68	81.39
42	1	0.0		68	81.39
43	1	0.0		68	81.39
44	1	0.0		68	81.39
45	1	0.0		68	81.39
46	1	0.0		68	81.39
47	1	0.0		68	81.39
48	1	0.0		68	81.39
49	1	0.0		68	81.39
50	1	0.0		68	81.39
51	1	0.0		68	81.39
52	1	0.0		68	81.39
53	1	0.0		68	81.39
54	1	0.0		68	81.39
55	1	0.0		68	81.39
56	1	0.0		68	81.39
57	1	0.0		68	81.39
58	1	0.0		68	81.39
59	1	0.49037242		68	81.39


Run no: 4
0	1	1000.0		64	91.81
1	1	1000.0		64	91.81
2	1	0.009509875		510	87.08
3	1	0.01746462		3145	81.47
4	1	0.18288222		3145	81.47
5	1	0.0		510	87.08
6	1	0.0		64	91.81
7	1	0.0		64	91.81
8	1	0.0		3087	81.53
9	1	0.047505103		499	87.21
10	1	0.0043891734		3087	81.53
11	1	0.0033122553		510	87.08
12	1	0.005765443		71	91.76
13	1	0.7759711		3087	81.53
14	1	0.0		64	91.81
15	1	0.26480818		85	90.31
16	1	2000.0		3385	78.14
17	1	0.42346317		3087	81.53
18	1	0.26739615		122	88.35
19	1	0.11028729		71	91.76
20	1	0.7759711		510	87.08
21	1	0.16223134		492	88.33
22	1	0.12816647		3254	78.23
23	1	0.40599853		510	87.08
24	1	0.0036576444		64	91.81
25	1	0.0048178257		3145	81.47
26	1	0.0		3087	81.53
27	1	0.0021077988		64	91.81
28	1	0.2698368		3161	78.97
29	1	0.0043891734		3145	81.47
30	1	0.08403903		498	87.68
31	2	2000.0		86	90.31
32	2	1000.0		3311	78.23
33	2	0.012403101		3311	78.23
34	2	1.5169305		3231	80.13
35	2	9.302326E-4		501	87.23
36	2	0.17173417		484	89.98
37	2	0.16140972		3252	79.21
38	2	0.11609605		498	87.96
39	2	0.0994204		3271	78.33
40	2	0.06239617		486	88.98
41	2	0.06239617		485	89.73
42	2	1.4342599		501	87.23
43	2	0.054735355		487	88.58
44	2	0.03342266		486	88.98
45	2	0.0		487	88.58
46	2	0.0		485	89.73
47	2	1000.0083		3311	78.23
48	2	0.0		487	88.58
49	2	0.060430463		501	87.23
50	2	0.0		485	89.73
51	2	0.0		485	89.73
52	2	0.03342266		487	88.58
53	2	0.0		485	89.73
54	2	0.0		485	89.73
55	2	0.0		485	89.73
56	2	0.0		485	89.73
57	2	0.0		485	89.73
58	2	0.0		485	89.73
59	2	0.021005442		485	89.73


Run no: 5
0	1	1000.01447		552	82.36
1	1	1000.0		69	100.05
2	1	0.0		69	100.05
3	1	0.7847704		508	84.79
4	1	0.031055901		168	85.66
5	1	0.0028264555		79	95.44
6	1	0.18570574		515	83.36
7	1	0.19443908		70	98.55
8	1	0.08686406		70	98.55
9	1	0.08479367		69	100.05
10	1	0.04918033		508	84.79
11	1	0.33050454		91	93.94
12	1	0.0020703934		90	94.97
13	1	0.06029538		91	93.94
14	1	0.03561334		168	85.66
15	1	0.022795394		88	95.3
16	1	0.004140787		90	94.97
17	1	0.7039338		168	85.66
18	1	0.0		79	95.44
19	1	0.0011305823		84	95.39
20	1	0.0		87	95.37
21	1	0.010351967		84	95.39
22	1	0.018654607		90	94.97
23	1	0.19443908		79	95.44
24	1	0.0		87	95.37
25	1	0.0011305823		87	95.37
26	1	0.0062111802		84	95.39
27	1	1000.0		69	100.05
28	1	0.42160183		92	88.13
29	1	0.13313366		545	82.86
30	1	0.0		508	84.79
31	1	0.0		90	94.97
32	1	0.18967682		153	86.29
33	1	0.016202671		92	88.13
34	1	0.010168218		87	95.37
35	1	0.0028264555		84	95.39
36	1	0.04918033		168	85.66
37	1	0.0020703934		69	100.05
38	1	0.058224987		90	94.97
39	1	0.010351967		79	95.44
40	1	0.006027431		88	95.3
41	1	0.0		508	84.79
42	1	0.23030756		137	87.88
43	1	0.0020703934		87	95.37
44	1	0.014492754		508	84.79
45	1	1000.02826		552	82.36
46	2	2000.0		549	82.94
47	2	1.0		549	82.94
48	2	1.0		549	82.94
49	2	2000.0		155	86.49
50	3	2000.0		92	93.02
51	3	1000.04285		162	86.49
52	3	0.52006125		92	93.02
53	3	1000.1914		162	86.49
54	3	0.84856707		159	87.74
55	3	0.053576898		113	89.19
56	3	0.8791949		113	89.19
57	3	0.36646247		110	89.26
58	3	0.83294684		106	90.93
59	3	0.2649092		159	87.74


Run no: 6
0	1	2000.0		68	94.37
1	1	2000.0		4374	79.03
2	1	0.78572696		701	82.4
3	1	0.7746121		3144	79.79
4	1	0.053617917		3327	79.71
5	1	4.6446818E-4		70	91.06
6	1	0.0011611704		483	84.6
7	1	0.0899079		109	88.61
8	1	0.084875956		614	82.83
9	1	0.08083442		605	83.36
10	1	0.0		149	85.54
11	1	0.07640502		478	85.53
12	1	0.056893717		114	87.49
13	1	0.034550197		605	83.36
14	1	0.0		478	85.53
15	1	0.08083442		483	84.6
16	1	0.057170764		78	90.51
17	1	0.056893717		126	86.66
18	1	0.0		114	87.49
19	1	6.967023E-4		91	89.94
20	1	0.020253416		94	89.13
21	1	0.028031291		136	85.97
22	1	0.047302783		126	86.66
23	1	0.0		3327	79.71
24	1	0.037381817		103	88.83
25	1	0.03715776		91	89.94
26	1	0.034513257		3287	79.73
27	1	0.031050334		149	85.54
28	1	0.0023223408		136	85.97
29	1	0.054893237		94	89.13
30	1	0.016993964		73	90.81
31	1	0.0		70	91.06
32	1	0.0		75	90.76
33	1	0.013200706		3287	79.73
34	1	0.2431491		3327	79.71
35	1	0.0		73	90.81
36	1	0.0032594525		75	90.76
37	1	0.05582217		91	89.94
38	1	0.047999486		136	85.97
39	1	0.07705691		149	85.54
40	1	0.0020901067		605	83.36
41	1	0.088958375		483	84.6
42	1	0.07417291		114	87.49
43	1	0.0		478	85.53
44	1	4.6446818E-4		75	90.76
45	1	0.0037239206		73	90.81
46	1	0.21577574		70	91.06
47	1	0.060625814		478	85.53
48	1	0.0		70	91.06
49	1	0.0		73	90.81
50	1	0.016297262		75	90.76
51	1	0.0		605	83.36
52	1	0.0		478	85.53
53	1	0.0		478	85.53
54	1	0.02833256		605	83.36
55	1	0.016993964		70	91.06
56	1	6.967023E-4		75	90.76
57	1	0.0		478	85.53
58	1	0.0013037809		3327	79.71
59	1	0.001813061		478	85.53


Run no: 7
0	1	2000.0		3080	79.19
1	1	2000.0		75	94.06
2	1	0.0		372	86.13
3	1	6.655574E-4		93	92.11
4	1	0.09087679		372	86.13
5	1	0.7917508		2509	80.42
6	1	0.13712654		91	93.79
7	1	0.035642233		93	92.11
8	1	0.0		93	92.11
9	1	0.0		2720	79.68
10	1	0.022670576		2664	79.83
11	1	0.020174848		443	85.13
12	1	0.033957526		480	84.56
13	1	0.023627289		443	85.13
14	1	0.041666713		2509	80.42
15	1	0.0		2614	80.32
16	1	0.028473504		449	84.83
17	1	0.036120474		2720	79.68
18	1	0.0019966722		449	84.83
19	1	0.020174848		449	84.83
20	1	0.0		2720	79.68
21	1	0.029901745		2617	80.3
22	1	0.0013449899		2614	80.32
23	1	0.0		2720	79.68
24	1	0.0672495		443	85.13
25	1	0.0		2614	80.32
26	1	0.0		2614	80.32
27	1	0.0		93	92.11
28	1	0.36732727		372	86.13
29	1	0.0		93	92.11
30	1	0.0		93	92.11
31	1	0.0019966722		443	85.13
32	1	9.983361E-4		2614	80.32
33	1	0.034941763		2614	80.32
34	1	0.0067249495		2614	80.32
35	1	0.023398573		2664	79.83
36	1	0.0		449	84.83
37	1	0.12766998		96	91.58
38	1	0.0		2614	80.32
39	1	0.15275258		2878	79.42
40	1	0.0		443	85.13
41	1	0.0		443	85.13
42	1	0.0		2720	79.68
43	1	0.91966337		538	82.44
44	1	0.0		2664	79.83
45	1	0.16187009		481	84.06
46	1	0.45835668		123	90.36
47	1	0.0		443	85.13
48	1	0.002343326		2617	80.3
49	1	0.06266646		2720	79.68
50	1	0.047247864		2624	79.89
51	1	0.0		443	85.13
52	1	0.0		443	85.13
53	1	0.0		372	86.13
54	1	0.028473504		480	84.56
55	1	0.11397749		93	92.11
56	2	2000.0		105	91.66
57	2	2000.0		3097	79.24
58	2	1.2025595		2497	82.49
59	2	1.5377905		583	83.74


Run no: 8
0	1	2000.0		2775	80.33
1	1	1000.0		68	104.59
2	1	1000.0		68	104.59
3	1	1.0724674		2182	82.34
4	1	0.8270706		201	83.28
5	1	0.39141995		68	104.59
6	1	0.39141995		72	95.13
7	1	0.2943116		76	87.99
8	1	0.2943116		72	95.13
9	1	0.11284475		125	83.97
10	1	0.06324935		112	85.22
11	1	0.061830174		84	87.52
12	1	0.061830174		85	86.02
13	1	0.024304183		95	85.87
14	1	0.020610057		110	85.37
15	1	0.019373454		76	87.99
16	1	0.019373454		84	87.52
17	1	0.011724207		110	85.37
18	1	0.0061830175		85	86.02
19	1	0.0061830175		95	85.87
20	1	0.0055411896		95	85.87
21	1	0.0036941264		85	86.02
22	1	0.002955301		76	87.99
23	1	0.002955301		84	87.52
24	1	0.0014776505		72	95.13
25	1	0.0014776505		76	87.99
26	1	7.3882524E-4		110	85.37
27	1	3.6941262E-4		84	87.52
28	1	3.6941262E-4		85	86.02
29	1	0.0		68	104.59
30	1	0.0		68	104.59
31	1	0.0		72	95.13
32	1	0.0		85	86.02
33	1	0.0		84	87.52
34	1	0.0		95	85.87
35	1	0.0		110	85.37
36	1	0.0		95	85.87
37	1	0.0		76	87.99
38	1	0.0		72	95.13
39	1	0.0		68	104.59
40	1	0.0		85	86.02
41	1	0.0		84	87.52
42	1	0.0		72	95.13
43	1	0.0		85	86.02
44	1	0.0		84	87.52
45	1	0.0		76	87.99
46	1	0.0		72	95.13
47	1	0.0		85	86.02
48	1	0.0		76	87.99
49	1	0.0		84	87.52
50	1	0.0		76	87.99
51	1	0.0		85	86.02
52	1	0.0		72	95.13
53	1	0.0		76	87.99
54	1	0.0		85	86.02
55	1	0.0		85	86.02
56	1	0.0		72	95.13
57	1	0.0		84	87.52
58	1	0.0		76	87.99
59	1	0.0		72	95.13


Run no: 9
0	1	1000.0		65	96.0
1	1	2000.0		3973	80.55
2	1	0.18059511		3973	80.55
3	1	0.46666667		65	96.0
4	1	0.87270784		2539	84.34
5	1	0.0038382804		100	87.41
6	1	0.0		79	88.79
7	1	0.4210101		2648	84.0
8	1	0.0106418505		3299	80.84
9	1	0.1987055		100	87.41
10	1	0.3711121		3299	80.84
11	1	0.01682848		3333	80.81
12	1	0.0		79	88.79
13	1	0.0		85	87.46
14	1	0.16376664		3333	80.81
15	1	0.008700103		3333	80.81
16	1	0.0		100	87.41
17	1	0.0		85	87.46
18	1	0.08966654		79	88.79
19	1	0.0		65	96.0
20	1	0.0070745265		85	87.46
21	1	0.0		85	87.46
22	1	0.0		79	88.79
23	1	1000.0036		65	96.0
24	1	0.0		79	88.79
25	1	0.0019417476		3333	80.81
26	1	0.0		79	88.79
27	1	0.6273406		100	87.41
28	1	0.0		85	87.46
29	1	0.0		79	88.79
30	1	0.0		79	88.79
31	1	0.0		79	88.79
32	1	0.0015353122		85	87.46
33	1	0.0		79	88.79
34	1	0.08608414		85	87.46
35	1	0.0		79	88.79
36	1	0.0		79	88.79
37	1	0.0		79	88.79
38	1	0.0		79	88.79
39	1	0.0		79	88.79
40	1	0.0		79	88.79
41	1	0.0		79	88.79
42	1	0.0		79	88.79
43	1	0.0		79	88.79
44	1	0.0		79	88.79
45	1	0.0		79	88.79
46	1	0.0		79	88.79
47	1	0.0		79	88.79
48	1	0.0		79	88.79
49	1	0.0		79	88.79
50	1	0.0		79	88.79
51	1	0.0		79	88.79
52	1	0.0		79	88.79
53	1	0.0		79	88.79
54	1	0.0		79	88.79
55	1	0.0		79	88.79
56	1	0.0		79	88.79
57	1	0.0		79	88.79
58	1	0.0		79	88.79
59	1	0.46820197		79	88.79


Run no: 10
0	1	2000.0		3912	81.38
1	1	1000.0		75	94.39
2	1	0.0		75	94.39
3	1	0.95929754		3173	84.49
4	1	0.67187905		595	86.15
5	1	0.3033125		417	87.9
6	1	0.18151611		3789	81.58
7	1	0.12759416		595	86.15
8	1	0.17917253		3568	83.75
9	1	0.16947469		3711	83.06
10	1	0.1431899		198	88.75
11	1	0.04639041		595	86.15
12	1	0.09892412		175	89.7
13	1	0.09892412		111	90.77
14	1	0.07916987		77	94.38
15	1	0.07916987		84	93.35
16	1	0.0		84	93.35
17	1	0.074558035		85	92.38
18	1	0.058839686		3646	83.3
19	1	0.05823531		192	89.0
20	1	0.042822856		111	90.77
21	1	0.017678708		103	91.3
22	1	0.04231484		90	92.28
23	1	0.0		99	91.76
24	1	0.034588777		181	89.45
25	1	0.03146514		3598	83.6
26	1	0.019803334		3615	83.5
27	1	0.017678708		100	91.53
28	1	7.8186084E-4		103	91.3
29	1	0.017678708		99	91.76
30	1	0.0		100	91.53
31	1	7.8186084E-4		178	89.66
32	1	0.0		181	89.45
33	1	0.015765624		3615	83.5
34	1	0.008989496		90	92.28
35	1	2.606203E-4		85	92.38
36	1	0.003856419		175	89.7
37	1	0.01614143		178	89.66
38	1	0.002866823		181	89.45
39	1	0.0		77	94.38
40	1	0.0023455825		99	91.76
41	1	0.076382376		84	93.35
42	1	0.0		178	89.66
43	1	0.0		75	94.39
44	1	5.212406E-4		77	94.38
45	1	7.686395E-4		75	94.39
46	1	0.008989496		85	92.38
47	1	0.0		99	91.76
48	1	2.606203E-4		100	91.53
49	1	1000.00055		75	94.39
50	1	0.13451192		595	86.15
51	1	0.0025929816		77	94.38
52	1	0.0		85	92.38
53	1	2.606203E-4		84	93.35
54	1	0.040229876		99	91.76
55	1	7.8186084E-4		181	89.45
56	1	0.01846057		100	91.53
57	1	0.042822856		103	91.3
58	1	0.01614143		181	89.45
59	1	0.003856419		178	89.66


Run no: 11
0	1	2000.0		3628	76.19
1	1	1000.004		61	101.17
2	1	1000.0		61	101.17
3	1	0.76801366		196	82.44
4	1	0.6271327		2393	79.94
5	1	0.40076938		2431	79.66
6	1	0.022988506		3475	76.96
7	1	0.0042052143		83	100.16
8	1	0.0		84	93.23
9	1	0.0028034763		105	86.44
10	1	0.009207366		95	93.0
11	1	0.29468453		3475	76.96
12	1	0.021862177		2431	79.66
13	1	0.11073327		2393	79.94
14	1	0.0		119	84.44
15	1	0.054363985		115	85.77
16	1	0.0		129	83.27
17	1	0.042036097		68	101.02
18	1	0.27742195		83	100.16
19	1	0.029344587		123	83.91
20	1	0.028823059		3557	76.91
21	1	0.034908667		129	83.27
22	1	0.019904682		3557	76.91
23	1	2.8034762E-4		120	83.94
24	1	0.26261008		105	86.44
25	1	0.0		119	84.44
26	1	2.8034762E-4		106	85.94
27	1	0.024990108		3557	76.91
28	1	0.009207366		84	93.23
29	1	0.26261008		95	93.0
30	1	0.0		115	85.77
31	1	0.0056044837		109	85.91
32	1	0.0		61	101.17
33	1	0.0014017381		63	101.07
34	1	0.0028034763		95	93.0
35	1	0.003083824		95	93.0
36	1	0.0025622966		63	101.07
37	1	0.0		109	85.91
38	1	0.0072865696		115	85.77
39	1	0.0		129	83.27
40	1	0.0040032025		63	101.07
41	1	8.410429E-4		109	85.91
42	1	0.020857057		120	83.94
43	1	0.020016013		106	85.94
44	1	0.0		115	85.77
45	1	0.05352294		119	84.44
46	1	0.0020420037		106	85.94
47	1	0.0028830466		109	85.91
48	1	0.0		63	101.07
49	1	0.021137403		119	84.44
50	1	0.0012009607		120	83.94
51	1	0.0		106	85.94
52	1	0.020016013		105	86.44
53	1	0.27770227		84	93.23
54	1	5.6069525E-4		61	101.17
55	1	0.10808647		3475	76.96
56	1	0.03470789		83	100.16
57	1	0.003083824		84	93.23
58	1	2.8034762E-4		105	86.44
59	1	0.044403788		129	83.27


Run no: 12
0	1	1000.0		59	98.23
1	1	2000.0		3036	77.16
2	1	0.30583307		3036	77.16
3	1	0.75629103		83	79.29
4	1	0.105003096		2104	78.21
5	1	0.0		69	92.67
6	1	0.025826065		71	81.47
7	1	0.2672414		66	97.8
8	1	0.30583307		2264	78.14
9	1	0.001007726		69	92.67
10	1	0.055171598		76	80.69
11	1	0.67887133		2104	78.21
12	1	0.0		2264	78.14
13	1	0.003322259		2104	78.21
14	1	0.05374538		2264	78.14
15	1	0.0013436346		80	79.82
16	1	0.0		80	79.82
17	1	0.0		74	80.94
18	1	0.0		71	81.47
19	1	0.0		59	98.23
20	1	0.0		74	80.94
21	1	0.0		2104	78.21
22	1	0.0		2264	78.14
23	1	0.020408163		59	98.23
24	1	0.011865212		74	80.94
25	1	0.0		69	92.67
26	1	0.0		71	81.47
27	1	0.0		80	79.82
28	1	0.53156143		69	92.67
29	1	0.0		71	81.47
30	1	0.001007726		71	81.47
31	1	0.0		2264	78.14
32	1	0.0		69	92.67
33	1	0.025154248		80	79.82
34	1	0.0		71	81.47
35	1	1000.0024		59	98.23
36	1	0.001007726		74	80.94
37	1	0.0		2264	78.14
38	1	0.0		74	80.94
39	1	0.0		80	79.82
40	1	0.0		69	92.67
41	1	0.0		80	79.82
42	1	0.0		71	81.47
43	1	0.0		71	81.47
44	1	6.718173E-4		74	80.94
45	1	0.53156143		71	81.47
46	1	0.0		2264	78.14
47	1	0.0		74	80.94
48	1	0.0		71	81.47
49	1	0.0		69	92.67
50	1	0.001007726		80	79.82
51	1	0.0		71	81.47
52	1	0.0		74	80.94
53	1	0.0		74	80.94
54	1	0.0		74	80.94
55	1	0.0		71	81.47
56	1	0.003322259		2264	78.14
57	1	0.041290935		80	79.82
58	1	0.025154248		74	80.94
59	1	0.24414594		69	92.67


Run no: 13
0	1	2000.0		2868	78.44
1	1	1000.0		71	92.92
2	1	0.0		71	92.92
3	1	1.1756226		344	82.68
4	1	0.88694847		2819	78.47
5	1	0.3082646		2819	78.47
6	1	0.20225918		333	83.62
7	1	0.19753826		79	91.99
8	1	0.0		83	89.14
9	1	0.0038105645		92	84.38
10	1	0.0		91	86.7
11	1	0.13864993		97	84.33
12	1	0.0		83	89.14
13	1	0.0		84	87.64
14	1	0.068849914		344	82.68
15	1	0.160221		91	86.7
16	1	0.06741981		84	87.64
17	1	0.0		77	92.57
18	1	0.0		79	91.99
19	1	0.021124646		72	92.64
20	1	1000.0		71	92.92
21	1	0.00519178		72	92.64
22	1	0.04005525		77	92.57
23	1	0.16200863		92	84.38
24	1	0.0		84	87.64
25	1	0.0		91	86.7
26	1	0.0		79	91.99
27	1	0.0		83	89.14
28	1	0.04005525		79	91.99
29	1	0.0		83	89.14
30	1	0.0		84	87.64
31	1	0.0		91	86.7
32	1	0.0		71	92.92
33	1	0.0		71	92.92
34	1	0.0		91	86.7
35	1	0.19718073		83	89.14
36	1	3.5752592E-4		91	86.7
37	1	0.0		84	87.64
38	1	0.0		79	91.99
39	1	0.0		77	92.57
40	1	0.0		91	86.7
41	1	3.5752592E-4		84	87.64
42	1	0.0017876296		77	92.57
43	1	0.0014301037		79	91.99
44	1	0.0		84	87.64
45	1	0.019337017		71	92.92
46	1	0.10502126		83	89.14
47	1	0.0		83	89.14
48	1	0.0		71	92.92
49	1	0.0		77	92.57
50	1	0.0		84	87.64
51	1	0.0025026815		91	86.7
52	1	0.0		83	89.14
53	1	3.5752592E-4		71	92.92
54	1	0.0		77	92.57
55	1	0.0		84	87.64
56	1	0.064917125		91	86.7
57	1	0.0		83	89.14
58	1	0.10359116		84	87.64
59	1	0.005549306		77	92.57


Run no: 14
0	1	2000.0		4124	76.88
1	1	1000.0		70	97.31
2	1	0.0		70	97.31
3	1	0.739923		2673	83.49
4	1	0.108968355		142	85.56
5	1	0.58333814		3307	81.32
6	1	0.0017266896		90	86.85
7	1	0.0		87	91.51
8	1	0.19922456		85	95.21
9	1	4.933399E-4		87	91.51
10	1	0.06852668		2918	82.72
11	1	0.07326363		111	86.35
12	1	0.0		2918	82.72
13	1	4.933399E-4		74	95.77
14	1	4.933399E-4		72	96.96
15	1	0.6629903		142	85.56
16	1	0.040846758		2804	82.98
17	1	0.04299724		2804	82.98
18	1	0.028120374		2918	82.72
19	1	0.02349486		97	86.83
20	1	0.02488662		2717	83.42
21	1	0.0		2804	82.98
22	1	0.021536956		2717	83.42
23	1	4.933399E-4		72	96.96
24	1	0.0		70	97.31
25	1	4.933399E-4		83	95.56
26	1	0.010853478		2717	83.42
27	1	0.10868099		2918	82.72
28	1	0.012499032		79	95.6
29	1	0.0		74	95.77
30	1	0.0		97	86.83
31	1	0.0		83	95.56
32	1	0.0		97	86.83
33	1	0.0012333498		74	95.77
34	1	7.400099E-4		90	86.85
35	1	0.0034533793		97	86.83
36	1	9.789525E-4		90	86.85
37	1	0.22809593		87	91.51
38	1	7.400099E-4		87	91.51
39	1	9.866798E-4		83	95.56
40	1	0.058247674		72	96.96
41	1	0.01713167		70	97.31
42	1	0.0		70	97.31
43	1	0.0		90	86.85
44	1	0.001957905		83	95.56
45	1	0.0		70	97.31
46	1	0.01713167		72	96.96
47	1	0.0		74	95.77
48	1	0.0017266896		97	86.83
49	1	9.789525E-4		97	86.83
50	1	0.0		90	86.85
51	1	0.0		90	86.85
52	1	0.01713167		83	95.56
53	1	0.008321096		74	95.77
54	1	0.0		87	91.51
55	1	0.0		87	91.51
56	1	0.22809593		90	86.85
57	1	0.18110621		87	91.51
58	1	0.058247674		74	95.77
59	1	1000.0005		70	97.31


Run no: 15
0	1	2000.0		3752	76.62
1	1	1000.0		77	106.66
2	1	0.123834886		77	106.66
3	1	0.95562583		198	78.42
4	1	0.89145386		3314	77.66
5	1	2.7210885E-4		79	102.94
6	1	0.059254326		80	96.18
7	1	0.1355411		3575	77.51
8	1	1000.0		77	106.66
9	1	0.2255775		79	102.94
10	1	0.12074631		93	92.59
11	1	0.0065362286		132	85.9
12	1	0.025745627		134	82.33
13	1	0.0		99	89.02
14	1	0.08270714		196	80.88
15	1	0.07901356		104	88.43
16	1	0.07601375		3375	77.61
17	1	2.7210885E-4		80	96.18
18	1	0.060614873		85	94.4
19	1	0.0010884354		108	86.72
20	1	0.0		86	92.69
21	1	0.0		85	94.4
22	1	0.039394096		193	80.96
23	1	0.0249293		165	81.81
24	1	0.119385764		134	82.33
25	1	0.03673098		165	81.81
26	1	0.118841544		99	89.02
27	1	0.0		111	86.65
28	1	0.0		123	86.08
29	1	0.12129053		132	85.9
30	1	0.0059920107		123	86.08
31	1	0.0032073336		196	80.88
32	1	0.0033288947		93	92.59
33	1	0.05719621		86	92.69
34	1	0.018974701		111	86.65
35	1	0.0		123	86.08
36	1	0.0032653061		111	86.65
37	1	0.0		123	86.08
38	1	0.0023302264		108	86.72
39	1	0.0		86	92.69
40	1	0.0016326531		93	92.59
41	1	0.021001024		99	89.02
42	1	0.0016326531		99	89.02
43	1	0.05719621		85	94.4
44	1	0.0		108	86.72
45	1	0.0		79	102.94
46	1	0.123834886		79	102.94
47	1	0.0		80	96.18
48	1	0.0052336566		86	92.69
49	1	0.22503328		80	96.18
50	1	5.442177E-4		77	106.66
51	1	0.0		93	92.59
52	1	0.0		85	94.4
53	1	0.0024489795		123	86.08
54	1	0.022240007		123	86.08
55	1	8.1632653E-4		111	86.65
56	1	0.0		93	92.59
57	1	0.0013605442		80	96.18
58	1	0.0023302264		111	86.65
59	1	0.057740428		108	86.72


Run no: 16
0	1	2000.0		3241	81.37
1	1	1000.0		71	99.86
2	1	0.0		71	99.86
3	1	1.0321512		452	85.53
4	1	1.0087574		3024	82.96
5	1	0.0		71	99.86
6	1	0.0		72	89.94
7	1	0.1471463		437	88.34
8	1	0.09603981		3199	81.41
9	1	0.08062726		3132	82.51
10	1	0.056787454		174	89.78
11	1	0.08062726		190	88.73
12	1	0.0		443	86.99
13	1	0.08021797		251	88.64
14	1	0.0013971232		438	87.01
15	1	0.040829983		79	89.84
16	1	0.0		3132	82.51
17	1	0.0		3132	82.51
18	1	0.01825166		241	88.68
19	1	0.0050473185		174	89.78
20	1	0.0		72	89.94
21	1	0.0058587384		241	88.68
22	1	0.002658953		443	86.99
23	1	0.07350806		438	87.01
24	1	0.0789616		443	86.99
25	1	0.53650624		72	89.94
26	1	0.53650624		71	99.86
27	1	0.0		71	99.86
28	1	0.0028391166		443	86.99
29	1	0.0		3132	82.51
30	1	0.03321345		174	89.78
31	1	0.0076165306		72	89.94
32	1	3.154574E-4		72	89.94
33	1	0.0		443	86.99
34	1	0.0		71	99.86
35	1	0.0		71	99.86
36	1	0.0		71	99.86
37	1	0.0		443	86.99
38	1	0.0		71	99.86
39	1	0.0		71	99.86
40	1	0.05840688		3132	82.51
41	1	0.0		71	99.86
42	1	0.0		71	99.86
43	1	0.0		71	99.86
44	1	0.0		71	99.86
45	1	0.0		71	99.86
46	1	0.0		71	99.86
47	1	0.0		71	99.86
48	1	0.0		71	99.86
49	1	0.0		71	99.86
50	1	0.0		71	99.86
51	1	0.0		71	99.86
52	1	0.0		71	99.86
53	1	0.0		71	99.86
54	1	0.0		71	99.86
55	1	0.0		71	99.86
56	1	0.0		71	99.86
57	1	0.0		71	99.86
58	1	0.0		71	99.86
59	1	1000.0003		71	99.86


Run no: 17
0	1	2000.0		3958	82.49
1	1	1000.011		60	96.18
2	1	1000.0		60	96.18
3	1	0.9551327		3000	82.65
4	1	0.8760673		494	83.4
5	1	0.22352082		89	93.28
6	1	0.0046177525		97	90.22
7	1	0.21641204		125	89.08
8	1	0.0033350436		138	86.2
9	1	0.19844624		72	94.68
10	1	0.17531045		482	85.8
11	1	0.112533785		461	85.86
12	1	0.004361211		89	93.28
13	1	0.007561144		70	95.93
14	1	0.102763645		143	86.15
15	1	0.043827612		123	89.11
16	1	0.0		118	89.71
17	1	0.042640846		115	89.73
18	1	0.22557315		97	90.22
19	1	0.0		143	86.15
20	1	0.0		60	96.18
21	1	0.0023088763		69	96.03
22	1	0.091820605		70	95.93
23	1	0.003078502		482	85.8
24	1	0.010956903		69	96.03
25	1	0.0		482	85.8
26	1	0.0		89	93.28
27	1	0.003652301		138	86.2
28	1	0.0		143	86.15
29	1	0.21037254		138	86.2
30	1	0.0		69	96.03
31	1	0.0034740895		123	89.11
32	1	0.0		97	90.22
33	1	0.0		89	93.28
34	1	0.0		118	89.71
35	1	5.1308365E-4		123	89.11
36	1	0.00493501		143	86.15
37	1	0.0012827091		138	86.2
38	1	0.0027436295		118	89.71
39	1	7.696255E-4		118	89.71
40	1	0.0		123	89.11
41	1	2.5654183E-4		69	96.03
42	1	0.0		60	96.18
43	1	0.03579255		97	90.22
44	1	0.0		89	93.28
45	1	0.0		482	85.8
46	1	0.0		89	93.28
47	1	0.0		143	86.15
48	1	0.043827612		118	89.71
49	1	0.0		143	86.15
50	1	0.0		60	96.18
51	1	0.007304602		69	96.03
52	1	0.0		69	96.03
53	1	0.005387378		482	85.8
54	1	0.0		482	85.8
55	1	0.0		60	96.18
56	1	0.0		69	96.03
57	1	0.0023088763		60	96.18
58	1	0.004382761		482	85.8
59	1	0.10431676		89	93.28


Run no: 18
0	1	2000.0		3684	78.24
1	1	2000.0		69	93.14
2	1	0.0		69	93.14
3	1	0.0020134228		193	86.39
4	1	0.006362379		173	88.58
5	1	0.0055325036		193	86.39
6	1	0.0966443		69	93.14
7	1	0.0046979864		149	88.66
8	1	0.026174497		109	91.55
9	1	0.006639004		109	91.55
10	1	0.009405256		149	88.66
11	1	0.14697987		173	88.58
12	1	0.0046979864		150	88.59
13	1	0.0		193	86.39
14	1	0.0		173	88.58
15	1	0.0		149	88.66
16	1	0.0		150	88.59
17	1	0.006362379		150	88.59
18	1	0.0		173	88.58
19	1	0.0		149	88.66
20	1	6.7114097E-4		150	88.59
21	1	6.7114097E-4		173	88.58
22	1	0.010067114		109	91.55
23	1	0.0		149	88.66
24	1	0.0		149	88.66
25	1	0.0		150	88.59
26	1	0.0		150	88.59
27	1	0.0		150	88.59
28	1	0.0		149	88.66
29	1	0.0		150	88.59
30	1	0.1032833		85	91.7
31	1	0.0		149	88.66
32	1	1.2538323		202	86.36
33	1	0.0		193	86.39
34	1	0.0		173	88.58
35	1	2.766252E-4		150	88.59
36	1	0.014493117		85	91.7
37	1	0.032885905		149	88.66
38	1	0.0		173	88.58
39	1	0.25884598		3413	78.47
40	1	0.0055325036		173	88.58
41	1	0.0		85	91.7
42	1	0.0		173	88.58
43	1	0.0		173	88.58
44	1	0.0		150	88.59
45	1	0.16273357		111	91.16
46	1	0.004426003		69	93.14
47	1	5.532504E-4		109	91.55
48	1	0.178297		115	89.15
49	1	1.4177736		3168	79.97
50	1	0.0		150	88.59
51	1	2.766252E-4		149	88.66
52	1	0.1494695		193	86.39
53	2	1000.99756		3415	78.47
54	2	1000.1576		112	91.16
55	2	1000.00244		112	91.16
56	2	0.0		3415	78.47
57	2	0.16002646		120	89.16
58	2	1.8399736		120	89.16
59	2	1000.8424		3415	78.47


Run no: 19
0	1	1000.0116		3340	76.62
1	1	1000.0141		3340	76.62
2	1	1000.0		56	98.56
3	1	0.038286235		56	98.56
4	1	0.9277792		573	78.31
5	1	0.9195983		3302	76.93
6	1	0.0027405603		65	97.72
7	1	0.27560076		66	91.68
8	1	0.022033017		402	85.76
9	1	0.09268024		420	83.08
10	1	0.0		415	85.08
11	1	0.0015225335		144	87.7
12	1	0.08158809		420	83.08
13	1	9.135201E-4		423	81.31
14	1	0.08842297		144	87.7
15	1	0.003958587		436	80.0
16	1	0.056372322		82	89.76
17	1	0.056973565		98	88.51
18	1	0.08067457		423	81.31
19	1	0.056372322		72	90.93
20	1	0.06184567		82	89.76
21	1	0.04322052		493	79.18
22	1	0.27560076		65	97.72
23	1	1000.0		56	98.56
24	1	0.036011178		72	90.93
25	1	0.036011178		571	79.04
26	1	0.036011178		66	91.68
27	1	0.0021276607		566	79.1
28	1	0.025524156		133	87.95
29	1	0.010657734		98	88.51
30	1	0.1669857		402	85.76
31	1	0.022033017		407	85.31
32	1	0.009268995		438	79.55
33	1	0.020510484		436	80.0
34	1	0.0		454	79.3
35	1	0.0036501943		139	87.91
36	1	0.001978322		412	85.3
37	1	0.030396264		98	88.51
38	1	0.0036501943		133	87.95
39	1	0.0109408675		415	85.08
40	1	0.0063888114		450	79.36
41	1	0.0		144	87.7
42	1	0.0036540804		438	79.55
43	1	0.009878009		450	79.36
44	1	0.0042572645		567	79.06
45	1	0.06366688		423	81.31
46	1	0.020510484		438	79.55
47	1	0.010657734		133	87.95
48	1	0.011094092		139	87.91
49	1	0.038286235		65	97.72
50	1	0.0027405603		56	98.56
51	1	0.017345224		454	79.3
52	1	0.025875298		566	79.1
53	1	0.091157705		415	85.08
54	1	0.0109408675		412	85.3
55	1	0.08813429		144	87.7
56	1	0.001978322		407	85.31
57	1	0.003952758		454	79.3
58	1	0.0015225335		415	85.08
59	1	0.060317308		436	80.0


Run no: 20
0	1	2000.0		97	82.79
1	1	1000.0		66	98.74
2	1	1000.0		66	98.74
3	1	0.14915563		77	93.89
4	1	0.047021944		83	83.67
5	1	0.50678533		85	82.92
6	1	0.39524722		97	82.79
7	1	0.16818687		69	98.29
8	1	0.1630094		74	95.69
9	1	0.0		83	83.67
10	1	0.83430076		77	93.89
11	1	0.19526747		69	98.29
12	1	0.18950349		74	95.69
13	1	0.028213166		75	95.24
14	1	0.0		77	93.89
15	1	0.0		77	93.89
16	1	0.021316614		68	98.4
17	1	0.0846395		75	95.24
18	1	0.0		83	83.67
19	1	0.0		83	83.67
20	1	0.0		75	95.24
21	1	0.0068965517		68	98.4
22	1	0.06451613		75	95.24
23	1	0.0		74	95.69
24	1	0.0		68	98.4
25	1	0.0		66	98.74
26	1	0.06451613		68	98.4
27	1	0.0		66	98.74
28	1	0.0		77	93.89
29	1	0.0		83	83.67
30	1	0.0		77	93.89
31	1	0.0		74	95.69
32	1	0.0		74	95.69
33	1	0.0		75	95.24
34	1	0.0		75	95.24
35	1	0.0		68	98.4
36	1	0.0		83	83.67
37	1	0.0		66	98.74
38	1	0.19354838		83	83.67
39	1	0.0		74	95.69
40	1	0.0		74	95.69
41	1	0.0		68	98.4
42	1	0.085832745		66	98.74
43	1	0.0		83	83.67
44	1	0.0		75	95.24
45	1	0.0		83	83.67
46	1	0.0		74	95.69
47	1	0.032258064		75	95.24
48	1	0.0		74	95.69
49	1	0.032258064		68	98.4
50	1	0.0		83	83.67
51	1	0.0		74	95.69
52	1	0.0		74	95.69
53	1	0.0		83	83.67
54	1	0.0		74	95.69
55	1	0.0		74	95.69
56	1	0.0		75	95.24
57	1	0.0		83	83.67
58	1	0.032258064		74	95.69
59	1	0.7052685		83	83.67


Run no: 21
0	1	2000.0		3325	77.36
1	1	1000.0		60	94.85
2	1	0.0		60	94.85
3	1	0.13150372		119	79.66
4	1	0.60548884		75	92.47
5	1	0.0		78	81.88
6	1	0.0		119	79.66
7	1	0.0024502296		75	92.47
8	1	0.0024502296		67	94.23
9	1	9.1883616E-4		81	80.94
10	1	0.0		78	81.88
11	1	0.01656024		106	79.88
12	1	0.0		99	80.72
13	1	0.0		67	94.23
14	1	0.0		60	94.85
15	1	0.018091634		91	80.87
16	1	0.0		106	79.88
17	1	0.98192954		119	79.66
18	1	0.0		99	80.72
19	1	0.0		81	80.94
20	1	0.0		119	79.66
21	1	0.102772884		67	94.23
22	1	0.050171394		99	80.72
23	1	0.0		67	94.23
24	1	0.050171394		106	79.88
25	1	0.0		99	80.72
26	1	1000.0		60	94.85
27	1	0.0		78	81.88
28	1	0.053744998		81	80.94
29	1	0.0		60	94.85
30	1	9.1883616E-4		78	81.88
31	1	0.0		75	92.47
32	1	0.0		119	79.66
33	1	0.0030627872		81	80.94
34	1	0.0		78	81.88
35	1	0.0		106	79.88
36	1	0.0		99	80.72
37	1	0.0		60	94.85
38	1	0.004002287		81	80.94
39	1	0.0		106	79.88
40	1	0.0024502296		99	80.72
41	1	0.0		99	80.72
42	1	0.0		119	79.66
43	1	0.035448827		60	94.85
44	1	0.053744998		78	81.88
45	1	0.0		60	94.85
46	1	0.01656024		119	79.66
47	1	0.10154777		75	92.47
48	1	0.0		67	94.23
49	1	0.0		78	81.88
50	1	0.0		99	80.72
51	1	0.035448827		67	94.23
52	1	0.0		99	80.72
53	1	0.0		99	80.72
54	1	0.0		67	94.23
55	1	0.008576329		99	80.72
56	1	0.0		78	81.88
57	1	0.0		78	81.88
58	1	0.002143951		60	94.85
59	1	0.6064077		78	81.88


Run no: 22
0	1	1000.47406		76	88.88
1	1	1000.0		76	88.88
2	1	0.3335979		102	87.6
3	1	0.092857145		76	88.88
4	1	1.4330688		145	86.95
5	1	2000.0		356	86.18
6	1	0.0		102	87.6
7	1	0.6276455		102	87.6
8	2	2000.0		147	86.95
9	2	2000.0		3531	86.21
10	2	2.0		3518	86.66
11	4	0.9849203		3575	86.73
12	4	0.0011418784		131	88.54
13	4	0.0		135	88.48
14	4	0.98201543		135	88.48
15	4	0.12708788		135	88.48
16	4	1000.0		77	100.46
17	4	0.0		77	100.46
18	4	0.09773343		88	88.88
19	4	0.0		77	100.46
20	4	0.0		77	100.46
21	4	0.0		77	100.46
22	4	0.0		77	100.46
23	4	0.0		77	100.46
24	4	0.7574437		77	100.46
25	4	0.0		77	100.46
26	4	0.0		77	100.46
27	4	0.0		77	100.46
28	4	0.0		77	100.46
29	4	0.0		77	100.46
30	4	0.0		77	100.46
31	4	0.0		77	100.46
32	4	0.0		77	100.46
33	4	0.0		77	100.46
34	4	0.0		77	100.46
35	4	0.84409875		78	90.03
36	4	0.0		77	100.46
37	4	0.03696655		110	88.81
38	4	0.01035216		131	88.54
39	4	0.0		77	100.46
40	4	2000.0		3580	86.69
41	4	0.12851521		3575	86.73
42	4	0.0		77	100.46
43	4	0.0		77	100.46
44	4	0.0054991767		135	88.48
45	4	0.0		77	100.46
46	4	0.0		77	100.46
47	4	0.0		77	100.46
48	4	0.0		77	100.46
49	4	0.0		77	100.46
50	4	0.019607844		131	88.54
51	4	1000.0003		77	100.46
52	5	2000.0		3582	86.69
53	5	1000.00116		81	93.65
54	5	1000.0		81	93.65
55	5	1.9902368		93	88.88
56	5	0.6790092		85	93.59
57	5	0.00976322		85	93.59
58	5	0.00862069		81	93.65
59	5	0.0		85	93.59


Run no: 23
0	1	1000.0173		4240	78.6
1	1	1000.0214		4240	78.6
2	1	1000.394		73	93.55
3	1	1000.0		73	93.55
4	1	0.8267106		669	84.21
5	1	0.16336785		3329	82.6
6	1	0.0020066889		75	87.66
7	1	0.0		73	93.55
8	1	0.2078213		3561	80.42
9	1	0.16453597		3875	79.0
10	1	0.16401091		3697	79.69
11	1	0.78416836		3329	82.6
12	1	0.11876064		344	84.25
13	1	0.11434884		4168	78.92
14	1	0.075140476		3579	80.39
15	1	0.06405032		159	85.42
16	1	0.013377926		235	84.98
17	1	0.005555355		125	85.91
18	1	0.035451505		92	86.73
19	1	0.0		333	84.78
20	1	9.599232E-4		81	87.26
21	1	0.0038396928		92	86.73
22	1	7.199424E-4		108	86.35
23	1	0.002639789		81	87.26
24	1	0.003155547		113	85.95
25	1	4.799616E-4		111	86.32
26	1	0.0		77	87.63
27	1	0.024554932		194	85.2
28	1	0.058969624		333	84.78
29	1	0.023115048		194	85.2
30	1	0.014715719		235	84.98
31	1	0.0		333	84.78
32	1	0.040935267		125	85.91
33	1	0.0098392125		235	84.98
34	1	0.0063263434		3579	80.39
35	1	0.027628934		113	85.95
36	1	0.02541806		108	86.35
37	1	0.028057849		92	86.73
38	1	0.0		333	84.78
39	1	0.0		81	87.26
40	1	0.0020066889		111	86.32
41	1	0.0020066889		77	87.63
42	1	0.0058463817		108	86.35
43	1	4.799616E-4		75	87.66
44	1	0.024749164		81	87.26
45	1	0.024749164		77	87.63
46	1	0.025469106		111	86.32
47	1	0.0		108	86.35
48	1	0.0		113	85.95
49	1	4.799616E-4		77	87.63
50	1	4.799616E-4		73	93.55
51	1	0.39397994		75	87.66
52	1	0.0		333	84.78
53	1	4.799616E-4		75	87.66
54	1	0.035451505		81	87.26
55	1	0.0		108	86.35
56	1	9.599232E-4		77	87.63
57	1	0.0		235	84.98
58	1	0.023518119		235	84.98
59	1	0.016017715		333	84.78


Run no: 24
0	1	2000.0		3717	81.63
1	1	1000.0		70	102.78
2	1	1000.0		70	102.78
3	1	0.9898547		107	86.73
4	1	0.31362635		75	96.17
5	1	0.31252956		70	102.78
6	1	0.27202758		88	87.55
7	1	0.2463445		107	86.73
8	1	0.22695035		84	92.35
9	1	0.17130956		79	95.95
10	1	0.17021276		84	92.35
11	1	0.038770687		107	86.73
12	1	0.010401892		79	95.95
13	1	0.010401892		75	96.17
14	1	0.0013709898		84	92.35
15	1	0.0013709898		79	95.95
16	1	0.0013709898		75	96.17
17	1	0.0013709898		70	102.78
18	1	0.0010967919		84	92.35
19	1	0.0		70	102.78
20	1	0.0		75	96.17
21	1	0.0		75	96.17
22	1	0.0		84	92.35
23	1	0.0		75	96.17
24	1	0.0		84	92.35
25	1	0.0		70	102.78
26	1	0.0		75	96.17
27	1	0.0		84	92.35
28	1	0.0		75	96.17
29	1	0.0		75	96.17
30	1	0.0		84	92.35
31	1	0.0		75	96.17
32	1	0.0		70	102.78
33	1	0.0		75	96.17
34	1	0.0		75	96.17
35	1	0.0		70	102.78
36	1	0.0		70	102.78
37	1	0.0		70	102.78
38	1	0.0		75	96.17
39	1	0.0		75	96.17
40	1	0.0		70	102.78
41	1	0.0		70	102.78
42	1	0.0		75	96.17
43	1	0.0		75	96.17
44	1	0.0		84	92.35
45	1	0.0		84	92.35
46	1	0.0		84	92.35
47	1	0.0		75	96.17
48	1	0.0		84	92.35
49	1	0.0		70	102.78
50	1	0.0		70	102.78
51	1	0.0		75	96.17
52	1	0.0		75	96.17
53	1	0.0		75	96.17
54	1	0.0		75	96.17
55	1	0.0		70	102.78
56	1	0.0		75	96.17
57	1	0.0		75	96.17
58	1	0.0		70	102.78
59	1	0.0		70	102.78


Run no: 25
0	1	2000.0		565	82.77
1	1	1000.0		67	99.17
2	1	0.0		67	99.17
3	1	1.138444		129	86.16
4	1	0.004016064		69	99.02
5	1	0.0		74	92.49
6	1	0.14020227		112	88.61
7	1	0.056234695		118	86.72
8	1	0.06466598		81	91.66
9	1	0.0030487804		84	89.94
10	1	0.110902146		81	91.66
11	1	0.057454206		86	89.89
12	1	0.0		74	92.49
13	1	0.0502106		108	88.69
14	1	0.1272921		118	86.72
15	1	0.0		95	89.36
16	1	0.029268293		104	89.17
17	1	0.0		69	99.02
18	1	0.0		95	89.36
19	1	0.39817074		74	92.49
20	1	0.0		99	89.22
21	1	0.0		99	89.22
22	1	0.0		104	89.17
23	1	0.014056225		74	92.49
24	1	0.0		67	99.17
25	1	0.0030487804		99	89.22
26	1	0.018072288		95	89.36
27	1	0.0		104	89.17
28	1	0.0		84	89.94
29	1	0.110902146		84	89.94
30	1	0.0		69	99.02
31	1	0.01004016		104	89.17
32	1	0.39817074		69	99.02
33	1	0.0		74	92.49
34	1	0.032317072		95	89.36
35	1	0.016568713		95	89.36
36	1	0.0		69	99.02
37	1	0.0		74	92.49
38	1	0.0		67	99.17
39	1	0.008032128		104	89.17
40	1	0.0		99	89.22
41	1	0.0		104	89.17
42	1	0.0		69	99.02
43	1	1000.0		67	99.17
44	1	0.008032128		99	89.22
45	1	0.0		67	99.17
46	1	0.009146341		69	99.02
47	1	0.060649917		74	92.49
48	1	0.0		99	89.22
49	1	0.0030487804		104	89.17
50	1	0.009146341		67	99.17
51	1	0.0		67	99.17
52	1	0.0		69	99.02
53	1	0.0		67	99.17
54	1	0.004016064		67	99.17
55	1	0.0		99	89.22
56	1	0.0		99	89.22
57	1	0.01004016		69	99.02
58	1	0.004016064		84	89.94
59	1	0.018576745		99	89.22


Run no: 26
0	1	2000.0		2854	77.72
1	1	1000.1456		75	99.14
2	1	1000.0		75	99.14
3	1	1.1359555		2582	80.02
4	1	0.18907563		160	84.07
5	1	0.24337645		78	96.02
6	1	7.1968336E-4		80	90.83
7	1	0.003238575		160	84.07
8	1	0.029635197		91	89.45
9	1	0.003238575		102	85.95
10	1	0.0		75	99.14
11	1	7.1968336E-4		78	96.02
12	1	0.07160849		2781	79.94
13	1	0.058764733		2799	78.82
14	1	0.010211977		2781	79.94
15	1	0.0017992083		111	85.1
16	1	0.1633987		102	85.95
17	1	0.052461624		2841	78.57
18	1	0.0017992083		85	90.0
19	1	0.0		80	90.83
20	1	0.0023342671		2847	77.77
21	1	0.025676938		85	90.0
22	1	0.026784685		2799	78.82
23	1	0.013830385		2841	78.57
24	1	0.00215905		91	89.45
25	1	0.0017992083		116	84.8
26	1	0.017244177		111	85.1
27	1	0.01415142		126	84.54
28	1	0.014919317		129	84.26
29	1	0.011564324		116	84.8
30	1	0.011564324		117	84.56
31	1	0.0051059886		151	84.11
32	1	0.052287582		2781	79.94
33	1	0.001079525		129	84.26
34	1	0.013071896		129	84.26
35	1	0.007916517		151	84.11
36	1	0.00215905		2847	77.77
37	1	0.0		102	85.95
38	1	0.1633987		91	89.45
39	1	0.0		111	85.1
40	1	0.0		126	84.54
41	1	0.0436408		102	85.95
42	1	0.87153655		160	84.07
43	1	0.0		117	84.56
44	1	0.039867163		2847	77.77
45	1	0.0018674136		160	84.07
46	1	0.007002801		151	84.11
47	1	0.040907882		85	90.0
48	1	0.0		116	84.8
49	1	0.038748834		80	90.83
50	1	0.03968254		111	85.1
51	1	0.004172282		117	84.56
52	1	0.003238575		126	84.54
53	1	0.0		75	99.14
54	1	9.337068E-4		126	84.54
55	1	0.14565827		78	96.02
56	1	0.0		80	90.83
57	1	0.014005602		116	84.8
58	1	0.001079525		75	99.14
59	1	0.24409613		80	90.83


Run no: 27
0	1	2000.0		3869	83.15
1	1	1000.00055		70	91.38
2	1	1000.0		70	91.38
3	1	1.4378328		210	84.0
4	1	1.0664289		3821	83.45
5	1	0.42049083		122	87.27
6	1	0.25230852		84	90.22
7	1	0.25151885		88	88.15
8	1	0.09096786		118	88.01
9	1	0.09096786		122	87.27
10	1	0.04358025		84	90.22
11	1	0.04252734		81	90.57
12	1	0.03888214		70	91.38
13	1	0.03888214		72	91.06
14	1	0.03776814		72	91.06
15	1	0.037504915		77	90.76
16	1	0.024402406		77	90.76
17	1	0.02308627		81	90.57
18	1	0.017010937		88	88.15
19	1	0.017010937		118	88.01
20	1	0.0078968145		118	88.01
21	1	0.0078968145		88	88.15
22	1	0.0010529087		81	90.57
23	1	0.0010529087		88	88.15
24	1	7.896815E-4		81	90.57
25	1	5.2645436E-4		72	91.06
26	1	0.0		70	91.38
27	1	0.0		88	88.15
28	1	0.0		81	90.57
29	1	0.0		70	91.38
30	1	0.0		72	91.06
31	1	0.0		88	88.15
32	1	0.0		118	88.01
33	1	0.0		72	91.06
34	1	0.0		72	91.06
35	1	0.0		70	91.38
36	1	0.0		118	88.01
37	1	0.0		81	90.57
38	1	0.0		70	91.38
39	1	0.0		72	91.06
40	1	0.0		72	91.06
41	1	0.0		81	90.57
42	1	0.0		118	88.01
43	1	0.0		72	91.06
44	1	0.0		81	90.57
45	1	0.0		70	91.38
46	1	0.0		70	91.38
47	1	0.0		70	91.38
48	1	0.0		81	90.57
49	1	0.0		72	91.06
50	1	0.0		70	91.38
51	1	0.0		81	90.57
52	1	0.0		70	91.38
53	1	0.0		72	91.06
54	1	0.0		70	91.38
55	1	0.0		72	91.06
56	1	0.0		81	90.57
57	1	0.0		70	91.38
58	1	0.0		70	91.38
59	1	0.0		72	91.06


Run no: 28
0	1	2000.0		3685	76.45
1	1	2000.0		74	102.78
2	1	0.19521458		74	102.78
3	1	0.23210055		2947	79.63
4	1	0.027725028		459	80.36
5	1	0.8097806		2947	79.63
6	1	0.3251503		3685	76.45
7	1	0.30344814		93	85.86
8	1	0.2118227		85	91.99
9	1	0.23502973		85	91.99
10	1	0.21320735		84	97.56
11	1	0.0		74	102.78
12	1	0.0		78	97.64
13	1	0.022740051		256	82.35
14	1	0.008031016		122	84.27
15	1	0.054500517		141	83.43
16	1	0.0011393847		417	81.43
17	1	0.0019385212		417	81.43
18	1	0.0		163	82.49
19	1	0.06038739		122	84.27
20	1	0.0		459	80.36
21	1	0.027598394		435	81.09
22	1	0.004707837		139	83.75
23	1	0.0		178	82.38
24	1	0.07952712		256	82.35
25	1	0.02148213		450	80.59
26	1	5.538632E-4		139	83.75
27	1	0.0024923843		459	80.36
28	1	0.0019385212		424	81.4
29	1	0.012889257		450	80.59
30	1	0.004177744		434	81.2
31	1	0.041793216		163	82.49
32	1	0.0		122	84.27
33	1	0.004177744		163	82.49
34	1	0.007595898		434	81.2
35	1	0.0052933586		178	82.38
36	1	0.0		450	80.59
37	1	0.004153974		163	82.49
38	1	0.0		178	82.38
39	1	2.769316E-4		84	97.56
40	1	0.19687617		78	97.64
41	1	0.002769316		434	81.2
42	1	0.0011393847		424	81.4
43	1	0.0030383593		84	97.56
44	1	0.0011077264		78	97.64
45	1	0.010365214		424	81.4
46	1	0.0030383593		78	97.64
47	1	0.0		74	102.78
48	1	0.019749336		139	83.75
49	1	0.0		85	91.99
50	1	2.769316E-4		434	81.2
51	1	0.6977411		459	80.36
52	1	0.0		85	91.99
53	1	0.0011077264		74	102.78
54	1	0.07952712		417	81.43
55	1	0.012153437		139	83.75
56	1	0.024457172		122	84.27
57	1	0.0		178	82.38
58	1	0.0		178	82.38
59	1	0.02577841		178	82.38


Run no: 29
0	1	1000.13196		2852	80.85
1	1	1000.0		2852	80.85
2	1	1000.0		63	95.96
3	1	0.0		63	95.96
4	1	1.0144916		2469	84.78
5	1	0.038909595		284	85.15
6	1	0.39741787		2484	81.74
7	1	0.0		71	94.8
8	1	0.0014342058		78	91.46
9	1	0.0		100	88.46
10	1	0.12679338		86	90.3
11	1	0.0		216	87.1
12	1	0.0		277	85.7
13	1	0.08791392		131	87.71
14	1	0.079638764		82	90.71
15	1	0.0		78	91.46
16	1	0.0		63	95.96
17	1	0.0		100	88.46
18	1	0.0014342058		67	95.21
19	1	0.043684665		208	87.14
20	1	0.807922		284	85.15
21	1	0.036399737		277	85.7
22	1	0.028568555		86	90.3
23	1	0.0		144	87.37
24	1	0.0152217075		144	87.37
25	1	0.095522285		216	87.1
26	1	0.00250986		277	85.7
27	1	0.021895131		69	95.12
28	1	7.171029E-4		71	94.8
29	1	0.022947293		144	87.37
30	1	7.171029E-4		69	95.12
31	1	0.049636003		67	95.21
32	1	0.00501972		100	88.46
33	1	0.004661169		144	87.37
34	1	0.0026472535		216	87.1
35	1	0.0		78	91.46
36	1	0.02187164		277	85.7
37	1	7.171029E-4		67	95.21
38	1	0.05214586		78	91.46
39	1	0.0		63	95.96
40	1	0.021178028		71	94.8
41	1	0.0		69	95.12
42	1	0.0		67	95.21
43	1	0.05890139		2852	80.85
44	1	0.049636003		63	95.96
45	1	0.0607511		100	88.46
46	1	0.02187164		216	87.1
47	1	0.09265387		277	85.7
48	1	0.0		78	91.46
49	1	0.00595632		67	95.21
50	1	0.0		100	88.46
51	1	0.22355552		71	94.8
52	1	0.0		69	95.12
53	1	0.022501655		144	87.37
54	1	0.0		69	95.12
55	1	0.12177366		100	88.46
56	1	0.0		71	94.8
57	1	0.22104566		78	91.46
58	1	0.00595632		69	95.12
59	1	1000.0014		63	95.96

