
Run no: 0
94.46	
94.46	
94.46	
94.46	
94.46	
94.46	
88.96	
88.96	
88.96	
88.96	
87.56	
87.56	
87.56	
87.2	
86.06	
85.7	
85.06	
85.06	
85.06	
85.06	
80.56	
80.56	
80.56	
80.03	
80.03	
80.03	
80.03	
80.03	
80.03	
80.03	
80.03	

Run no: 1
93.32	
88.87	
88.57	
88.57	
88.57	
87.43	
87.07	
87.07	
87.07	
87.07	
87.07	
86.0	
86.0	
86.0	
84.49	
84.47	
81.75	
81.75	
81.68	
81.68	
81.45	
79.95	
79.95	
79.95	
77.49	
77.49	
77.49	
77.49	
75.41	
75.41	
75.41	

Run no: 2
93.32	
92.12	
92.12	
92.12	
92.12	
92.12	
88.46	
88.46	
88.46	
84.75	
84.75	
84.69	
84.69	
84.59	
84.59	
84.59	
84.59	
84.59	
84.21	
84.21	
81.23	
81.23	
81.23	
81.23	
81.23	
81.23	
81.23	
81.23	
79.74	
79.74	
79.74	

Run no: 3
94.69	
94.69	
94.69	
87.98	
87.98	
87.0	
87.0	
87.0	
86.41	
86.41	
86.39	
86.39	
86.39	
86.39	
85.54	
85.54	
85.54	
81.39	
81.39	
80.2	
80.1	
80.1	
80.1	
79.98	
79.98	
79.98	
79.75	
79.75	
79.75	
79.75	
79.75	

Run no: 4
93.13	
87.69	
87.69	
84.08	
84.08	
84.08	
84.08	
84.08	
81.84	
81.84	
80.3	
80.3	
80.3	
80.3	
80.3	
80.3	
80.25	
80.25	
78.3	
78.3	
78.3	
78.3	
78.3	
78.23	
78.23	
78.23	
78.23	
78.23	
78.23	
78.14	
78.14	

Run no: 5
91.48	
91.48	
91.48	
91.48	
91.48	
90.98	
89.82	
89.82	
89.76	
87.71	
87.71	
87.71	
87.71	
87.71	
85.65	
85.65	
84.86	
84.76	
84.76	
83.72	
83.72	
82.94	
82.94	
82.94	
82.94	
82.94	
82.94	
82.94	
82.36	
82.36	
82.36	

Run no: 6
93.06	
93.06	
91.25	
91.06	
91.06	
89.21	
87.59	
87.4	
87.4	
87.27	
87.15	
87.15	
86.07	
86.07	
84.0	
80.15	
80.15	
80.15	
80.15	
80.14	
80.08	
80.08	
79.33	
79.33	
79.33	
79.33	
79.33	
79.33	
79.3	
79.3	
79.03	

Run no: 7
91.38	
91.38	
90.88	
90.88	
90.05	
90.05	
86.36	
80.1	
80.1	
79.94	
79.94	
79.94	
79.94	
79.94	
79.94	
79.94	
79.72	
79.72	
79.72	
79.51	
79.29	
79.29	
79.29	
79.29	
79.29	
79.29	
79.29	
79.29	
79.19	
79.19	
79.19	

Run no: 8
92.19	
92.19	
90.93	
90.93	
90.93	
90.93	
90.93	
87.99	
87.99	
87.99	
86.03	
85.94	
85.94	
85.29	
85.13	
84.3	
84.3	
84.3	
81.32	
81.32	
81.32	
81.32	
81.32	
81.32	
80.97	
80.61	
80.44	
80.44	
80.44	
80.44	
80.33	

Run no: 9
95.37	
95.37	
88.96	
88.96	
88.96	
87.63	
87.63	
87.63	
87.63	
86.89	
86.89	
83.57	
83.57	
83.45	
83.45	
83.01	
83.01	
83.01	
83.01	
82.94	
82.94	
82.94	
82.9	
82.9	
82.9	
81.98	
80.84	
80.81	
80.55	
80.55	
80.55	

Run no: 10
91.13	
91.13	
91.13	
91.13	
91.13	
90.83	
90.19	
90.19	
89.64	
89.64	
88.72	
88.72	
82.26	
82.26	
82.26	
82.26	
82.26	
82.26	
82.26	
82.26	
82.26	
81.43	
81.43	
81.38	
81.38	
81.38	
81.38	
81.38	
81.38	
81.38	
81.38	

Run no: 11
96.23	
96.23	
94.15	
93.89	
93.89	
86.44	
86.44	
86.44	
86.43	
84.44	
84.44	
84.44	
84.44	
84.4	
76.61	
76.61	
76.61	
76.61	
76.61	
76.61	
76.61	
76.58	
76.58	
76.58	
76.58	
76.5	
76.5	
76.5	
76.34	
76.3	
76.19	

Run no: 12
94.47	
87.66	
81.47	
81.47	
81.47	
81.47	
78.3	
78.3	
78.3	
78.3	
78.3	
78.09	
78.09	
78.09	
78.09	
78.09	
78.09	
78.09	
78.09	
78.09	
77.66	
77.66	
77.66	
77.66	
77.66	
77.66	
77.66	
77.16	
77.16	
77.16	
77.16	

Run no: 13
95.35	
94.12	
89.14	
89.14	
88.62	
88.62	
81.92	
81.92	
81.76	
81.76	
81.76	
81.42	
81.42	
81.42	
80.35	
80.35	
80.35	
80.35	
80.27	
78.53	
78.46	
78.46	
78.46	
78.46	
78.46	
78.44	
78.44	
78.44	
78.44	
78.44	
78.44	

Run no: 14
90.68	
90.68	
90.68	
90.68	
90.68	
88.73	
84.23	
84.23	
84.23	
84.23	
84.23	
84.23	
84.23	
84.23	
84.17	
82.97	
82.97	
82.97	
81.97	
81.97	
77.0	
77.0	
76.97	
76.97	
76.97	
76.97	
76.97	
76.97	
76.97	
76.97	
76.88	

Run no: 15
94.3	
93.65	
93.65	
93.65	
92.14	
92.14	
89.02	
89.02	
88.96	
88.95	
88.95	
83.8	
83.8	
82.91	
82.91	
82.91	
78.93	
78.93	
78.9	
78.9	
77.67	
77.67	
77.67	
77.67	
77.67	
77.67	
76.86	
76.86	
76.86	
76.86	
76.62	

Run no: 16
91.87	
91.87	
91.87	
91.87	
90.66	
90.66	
90.04	
89.97	
89.06	
89.06	
89.06	
89.06	
88.37	
84.43	
84.43	
84.33	
84.33	
84.33	
83.1	
83.1	
83.1	
83.1	
82.8	
82.52	
81.37	
81.37	
81.37	
81.37	
81.37	
81.37	
81.37	

Run no: 17
90.29	
90.29	
90.29	
90.29	
90.29	
90.29	
82.56	
82.56	
82.56	
82.56	
82.56	
82.49	
82.49	
82.49	
82.49	
82.49	
82.49	
82.49	
82.49	
82.49	
82.49	
82.49	
82.49	
82.49	
82.49	
82.49	
82.49	
82.49	
82.49	
82.49	
82.49	

Run no: 18
92.22	
92.22	
92.22	
92.22	
90.83	
90.72	
89.97	
89.97	
89.31	
89.31	
89.12	
88.87	
85.45	
83.82	
83.82	
83.82	
83.82	
83.82	
81.79	
80.28	
80.28	
80.28	
78.78	
78.78	
78.78	
78.78	
78.68	
78.68	
78.24	
78.24	
78.24	

Run no: 19
86.76	
86.76	
86.46	
85.76	
85.19	
85.19	
84.06	
83.64	
83.64	
81.86	
81.86	
81.86	
81.86	
79.12	
79.12	
79.04	
79.04	
79.04	
79.04	
79.04	
79.04	
78.8	
78.8	
78.8	
78.8	
76.62	
76.62	
76.62	
76.62	
76.62	
76.62	

Run no: 20
95.01	
92.07	
92.07	
92.07	
89.18	
89.18	
89.18	
89.18	
89.18	
89.17	
89.17	
89.17	
88.2	
88.2	
88.2	
87.21	
83.67	
83.67	
83.67	
83.67	
83.57	
83.57	
83.09	
83.09	
83.09	
83.09	
83.04	
83.04	
82.92	
82.79	
82.79	

Run no: 21
86.63	
81.88	
81.88	
81.73	
81.73	
81.73	
81.68	
81.68	
81.68	
81.68	
81.68	
81.68	
81.68	
79.93	
79.93	
78.47	
78.47	
78.32	
78.32	
78.2	
78.05	
78.05	
77.96	
77.96	
77.36	
77.36	
77.36	
77.36	
77.36	
77.36	
77.36	

Run no: 22
93.1	
93.1	
93.1	
92.65	
92.65	
92.65	
92.65	
92.65	
92.65	
92.65	
92.65	
92.65	
92.47	
92.47	
92.47	
92.47	
92.47	
90.97	
90.97	
90.97	
90.97	
86.71	
86.71	
86.71	
86.71	
86.71	
86.71	
86.71	
86.71	
86.71	
86.18	

Run no: 23
92.89	
92.89	
92.07	
91.84	
91.27	
91.27	
91.27	
90.69	
89.9	
89.45	
89.45	
89.24	
88.48	
86.98	
86.98	
86.98	
86.98	
86.98	
86.98	
83.94	
83.51	
79.21	
79.21	
79.21	
79.21	
79.21	
79.21	
78.92	
78.92	
78.6	
78.6	

Run no: 24
92.22	
92.22	
92.22	
92.22	
88.93	
88.93	
88.93	
88.93	
88.78	
88.78	
88.78	
88.18	
88.18	
88.08	
88.08	
88.08	
88.08	
87.81	
87.81	
87.81	
87.81	
87.81	
87.47	
83.94	
83.86	
83.28	
83.28	
83.28	
83.28	
83.28	
81.63	

Run no: 25
96.54	
91.59	
91.59	
91.59	
91.59	
91.24	
88.75	
88.75	
88.75	
88.75	
88.75	
88.75	
88.75	
88.75	
84.25	
84.25	
84.25	
84.25	
84.25	
84.25	
84.1	
84.1	
84.1	
83.86	
83.86	
83.8	
83.8	
83.62	
82.77	
82.77	
82.77	

Run no: 26
94.3	
93.6	
92.33	
92.33	
87.58	
87.58	
87.58	
87.58	
80.15	
80.0	
80.0	
80.0	
79.4	
79.4	
79.4	
79.4	
78.96	
78.65	
78.65	
78.65	
78.65	
78.65	
78.65	
78.65	
78.57	
78.57	
78.57	
78.57	
77.77	
77.77	
77.72	

Run no: 27
90.66	
90.66	
89.93	
89.93	
89.93	
89.78	
88.46	
88.46	
88.0	
88.0	
88.0	
87.92	
87.44	
87.44	
87.44	
85.84	
85.82	
85.82	
85.82	
85.7	
85.7	
85.7	
85.68	
85.68	
85.68	
84.27	
83.38	
83.38	
83.15	
83.15	
83.15	

Run no: 28
87.86	
87.86	
87.86	
87.86	
83.08	
83.08	
83.08	
83.01	
83.01	
83.01	
81.75	
81.75	
81.75	
81.75	
81.75	
81.29	
80.65	
80.27	
80.27	
80.27	
80.27	
80.27	
80.05	
80.05	
80.05	
79.13	
77.63	
77.63	
77.63	
76.45	
76.45	

Run no: 29
90.58	
87.35	
87.35	
87.35	
87.35	
87.35	
86.85	
86.8	
86.8	
86.8	
81.78	
81.78	
81.78	
81.76	
81.76	
81.76	
81.76	
81.61	
81.61	
81.61	
81.61	
81.61	
81.61	
81.32	
81.32	
81.32	
81.26	
80.85	
80.85	
80.85	
80.85	
