
Run no: 0
0	1	2000.0		3895	83.91
1	1	1000.0		72	95.95
2	1	1000.0		72	95.95
3	1	0.691865		2935	88.92
4	1	0.691865		290	89.67
5	1	0.3746447		3852	87.29
6	1	0.3720472		80	91.48
7	1	0.37126246		72	95.95
8	1	0.33309755		2985	88.57
9	1	0.25043148		3895	83.91
10	1	0.25043148		3887	86.9
11	1	0.07146094		99	90.73
12	1	0.06994016		287	89.92
13	1	0.06806047		287	89.92
14	1	0.06229236		2935	88.92
15	1	0.06229236		290	89.67
16	1	0.04917604		99	90.73
17	1	0.046465788		83	90.93
18	1	0.045681063		80	91.48
19	1	0.03305813		2935	88.92
20	1	0.03305813		2982	88.67
21	1	0.032392025		3887	86.9
22	1	0.02079649		83	90.93
23	1	0.02076412		290	89.67
24	1	0.016611295		99	90.73
25	1	0.009155114		3887	86.9
26	1	0.009090371		2982	88.67
27	1	0.009090371		2985	88.57
28	1	0.0020925975		80	91.48
29	1	0.0020925975		72	95.95
30	1	7.84724E-4		290	89.67
31	1	0.0		72	95.95
32	1	0.0		99	90.73
33	1	0.0		80	91.48
34	1	0.0		3887	86.9
35	1	0.0		2935	88.92
36	1	0.0		2982	88.67
37	1	0.0		80	91.48
38	1	0.0		72	95.95
39	1	0.0		2935	88.92


Run no: 1
0	1	2000.0		82	91.38
1	1	2000.0		3985	83.47
2	1	0.9273022		231	88.84
3	1	0.9273022		2819	86.75
4	1	0.3038361		2819	86.75
5	1	0.2924581		3620	85.97
6	1	0.19721872		3733	85.03
7	1	0.18963337		82	91.38
8	1	0.18963337		83	89.88
9	1	0.11168951		169	89.38
10	1	0.09860936		3620	85.97
11	1	0.09850473		3689	85.28
12	1	0.06456572		3733	85.03
13	1	0.06321113		83	89.88
14	1	0.057709184		231	88.84
15	1	0.057709184		213	89.26
16	1	0.049284272		3689	85.28
17	1	0.031605564		3733	85.03
18	1	0.022034332		83	89.88
19	1	0.017678708		3620	85.97
20	1	0.01517067		213	89.26
21	1	0.011273379		3733	85.03
22	1	0.011273379		213	89.26
23	1	2.5621316E-4		83	89.88
24	1	2.5621316E-4		82	91.38
25	1	0.0		82	91.38
26	1	0.0		2819	86.75
27	1	0.0		3620	85.97
28	1	0.0		3620	85.97
29	1	0.0		83	89.88
30	1	0.0		213	89.26
31	1	0.0		213	89.26
32	1	0.0		82	91.38
33	1	0.0		83	89.88
34	1	0.0		82	91.38
35	1	0.0		3620	85.97
36	1	0.0		3620	85.97
37	1	0.0		213	89.26
38	1	0.0		83	89.88
39	1	0.0		83	89.88


Run no: 2
0	1	2000.0		78	99.6
1	1	1000.0		3882	79.22
2	1	0.224993		78	99.6
3	1	0.002891693		3882	79.22
4	1	0.99322134		3031	87.43
5	1	0.78958565		295	88.25
6	1	0.32054296		3871	80.7
7	1	0.224993		79	95.02
8	1	0.07227194		3321	84.22
9	1	0.07227194		3441	83.39
10	1	0.23374291		3321	84.22
11	1	0.115449466		103	90.7
12	1	0.11439794		102	93.01
13	1	0.13199215		3441	83.39
14	1	0.0		245	88.77
15	1	0.0		239	90.25
16	1	0.0044689802		98	93.2
17	1	0.028021483		81	94.54
18	1	0.0		3441	83.39
19	1	0.033839952		257	88.66
20	1	0.07262021		239	90.25
21	1	0.0		111	90.35
22	1	0.113038905		3441	83.39
23	1	0.0662765		81	94.54
24	1	0.024078265		79	95.02
25	1	0.01743658		103	90.7
26	1	0.01927675		111	90.35
27	1	0.009585747		102	93.01
28	1	0.06575073		98	93.2
29	1	0.0049067712		111	90.35
30	1	0.03364879		239	90.25
31	1	0.0103743905		98	93.2
32	1	0.0029440627		254	88.72
33	1	1000.07263		3882	79.22
34	1	0.0023659307		254	88.72
35	1	0.0048193163		245	88.77
36	1	0.003242029		254	88.72
37	1	0.0741975		245	88.77
38	1	0.03364879		111	90.35
39	1	0.006484058		239	90.25


Run no: 3
0	1	1000.0016		4295	79.11
1	1	1000.00073		4295	79.11
2	1	1000.00024		72	98.18
3	1	1000.0		72	98.18
4	1	1.1838244		112	79.73
5	1	1.0207564		4191	79.31
6	1	0.42053872		85	91.58
7	1	0.35133716		92	84.88
8	1	0.26271632		72	98.18
9	1	0.26271632		73	93.17
10	1	0.19140011		93	83.38
11	1	0.07889438		93	83.38
12	1	0.078657575		92	84.88
13	1	0.067543946		81	92.85
14	1	0.03511472		4292	79.14
15	1	0.016915508		78	93.15
16	1	0.015731515		81	92.85
17	1	0.0044991714		93	83.38
18	1	0.00223276		73	93.17
19	1	0.0017591631		78	93.15
20	1	0.0016575893		92	84.88
21	1	7.1039546E-4		81	92.85
22	1	2.3679849E-4		92	84.88
23	1	2.3679849E-4		73	93.17
24	1	0.0		72	98.18
25	1	0.0		73	93.17
26	1	0.0		81	92.85
27	1	0.0		78	93.15
28	1	0.0		78	93.15
29	1	0.0		81	92.85
30	1	0.0		81	92.85
31	1	0.0		92	84.88
32	1	0.0		72	98.18
33	1	0.0		92	84.88
34	1	0.0		72	98.18
35	1	0.0		73	93.17
36	1	0.0		81	92.85
37	1	0.0		78	93.15
38	1	0.0		78	93.15
39	1	0.0		78	93.15


Run no: 4
0	1	1000.3622		6359	86.5
1	1	1000.01154		6359	86.5
2	1	1000.0		72	104.71
3	1	1000.0		72	104.71
4	1	0.5575286		3059	89.36
5	1	0.5306096		172	90.42
6	1	0.40904287		4082	86.71
7	1	0.3080005		76	104.31
8	1	0.30752334		79	98.71
9	1	0.24045128		4067	87.31
10	1	0.23278905		3354	88.98
11	1	0.20460148		79	98.71
12	1	0.20428336		81	94.99
13	1	0.1674904		89	90.74
14	1	0.1674904		87	93.79
15	1	0.041663337		84	94.24
16	1	0.04118616		81	94.99
17	1	0.0401173		3218	89.09
18	1	0.024711696		84	94.24
19	1	0.024711696		87	93.79
20	1	0.022602186		76	104.31
21	1	0.022602186		72	104.71
22	1	0.02163194		3218	89.09
23	1	0.017576344		89	90.74
24	1	0.017576344		127	90.53
25	1	0.007157627		127	90.53
26	1	0.006040637		3218	89.09
27	1	0.006040637		127	90.53
28	1	4.771751E-4		79	98.71
29	1	4.771751E-4		84	94.24
30	1	4.771751E-4		87	93.79
31	1	4.771751E-4		81	94.99
32	1	3.1811674E-4		81	94.99
33	1	3.1811674E-4		89	90.74
34	1	3.1811674E-4		87	93.79
35	1	0.0		72	104.71
36	1	0.0		76	104.31
37	1	0.0		79	98.71
38	1	0.0		84	94.24
39	1	0.0		127	90.53


Run no: 5
0	1	2000.0		3951	83.05
1	1	1000.0		73	95.36
2	1	1000.0		73	95.36
3	1	0.85946804		276	85.0
4	1	0.0		3321	84.82
5	1	0.0		74	87.03
6	1	0.0		73	95.36
7	1	0.11129163		3893	84.42
8	1	0.014622258		3321	84.82
9	1	0.0		3893	84.42
10	1	0.107769504		110	86.34
11	1	0.092012934		177	85.42
12	1	0.059647225		177	85.42
13	1	0.014956163		3893	84.42
14	1	0.03975288		93	86.48
15	1	0.032493908		3321	84.82
16	1	0.0		177	85.42
17	1	0.023996307		85	86.75
18	1	0.0		78	86.83
19	1	0.0		74	87.03
20	1	0.78519857		3321	84.82
21	1	0.004577468		80	86.78
22	1	0.0040617385		78	86.83
23	1	0.002437043		80	86.78
24	1	0.0012893244		85	86.75
25	1	0.0		85	86.75
26	1	0.0012893244		80	86.78
27	1	0.017278412		74	87.03
28	1	0.0010314595		78	86.83
29	1	2.578649E-4		74	87.03
30	1	0.0		73	95.36
31	1	0.0		73	95.36
32	1	0.14749871		3321	84.82
33	1	0.67668563		74	87.03
34	1	0.6769435		73	95.36
35	1	0.14749871		3893	84.42
36	1	0.0		78	86.83
37	1	0.032493908		3893	84.42
38	1	0.002437043		85	86.75
39	1	0.016762683		78	86.83


Run no: 6
0	1	2000.0		3656	86.68
1	1	1000.0		73	99.53
2	1	0.0		73	99.53
3	1	0.05687037		3300	92.13
4	1	0.87719786		157	93.93
5	1	0.33463034		3540	90.98
6	1	0.0		77	97.3
7	1	0.17354086		73	99.53
8	1	0.14344326		92	95.55
9	1	0.1481716		157	93.93
10	1	0.0		3300	92.13
11	1	0.004186436		77	97.3
12	1	0.1307291		128	95.3
13	1	0.04124101		3448	91.93
14	1	0.0		157	93.93
15	1	0.0		3540	90.98
16	1	1.0172757		3300	92.13
17	1	0.115236126		3448	91.93
18	1	0.025676807		3540	90.98
19	1	0.01348217		118	95.47
20	1	0.016020529		118	95.47
21	1	0.10661478		157	93.93
22	1	0.006225681		92	95.55
23	1	0.0011163829		77	97.3
24	1	0.004186436		92	95.55
25	1	0.17354086		77	97.3
26	1	0.0		73	99.53
27	1	0.0		73	99.53
28	1	0.0		73	99.53
29	1	0.13618676		77	97.3
30	1	0.0		3540	90.98
31	1	0.0		3540	90.98
32	1	0.032375105		3540	90.98
33	1	0.0		77	97.3
34	1	0.0		77	97.3
35	1	0.0		77	97.3
36	1	0.0		73	99.53
37	1	0.07392996		3540	90.98
38	1	0.0		73	99.53
39	1	1000.0011		73	99.53


Run no: 7
0	1	2000.0		2979	79.2
1	1	2000.0		69	94.7
2	1	1.1493294		568	82.13
3	1	1.0175546		2979	79.2
4	1	0.15272808		113	88.1
5	1	0.1520408		108	90.43
6	1	0.14547168		120	87.8
7	1	0.13177475		545	84.05
8	1	0.13127813		487	86.33
9	1	0.11131138		88	92.43
10	1	0.11096774		87	94.15
11	1	0.107349515		108	90.43
12	1	0.103225805		96	92.03
13	1	0.09758785		487	86.33
14	1	0.09724421		120	87.8
15	1	0.05801574		522	85.58
16	1	0.056984812		535	84.75
17	1	0.049628645		535	84.75
18	1	0.048597716		545	84.05
19	1	0.028555593		96	92.03
20	1	0.028555593		88	92.43
21	1	0.021073053		113	88.1
22	1	0.021073053		69	94.7
23	1	0.021073053		74	94.4
24	1	0.020596387		74	94.4
25	1	0.018878173		495	86.25
26	1	0.01853453		517	85.83
27	1	0.017847246		518	85.6
28	1	0.017847246		500	86.0
29	1	0.016472675		87	94.15
30	1	0.010575324		511	85.85
31	1	0.007223146		505	85.93
32	1	0.0068795034		495	86.25
33	1	0.006234342		505	85.93
34	1	0.006234342		500	86.0
35	1	0.004467354		87	94.15
36	1	0.0041237115		96	92.03
37	1	0.002664893		522	85.58
38	1	0.0		2979	79.2
39	1	0.0		120	87.8


Run no: 8
0	1	2000.0		3129	80.47
1	1	1000.0		70	90.58
2	1	0.0		70	90.58
3	1	0.028449075		182	87.36
4	1	0.012447582		3053	83.13
5	1	0.0		78	87.58
6	1	0.0		70	90.58
7	1	0.26013848		3082	83.1
8	1	0.27550298		3129	80.47
9	1	0.0075272038		98	87.37
10	1	1.3569397		182	87.36
11	1	0.027309598		78	87.58
12	1	1.3569397		3053	83.13
13	1	0.009480222		3082	83.1
14	1	0.0		78	87.58
15	1	0.020771513		98	87.37
16	1	0.0		182	87.36
17	1	0.027459955		98	87.37
18	1	0.0		70	90.58
19	1	0.2967359		70	90.58
20	1	0.0		78	87.58
21	1	0.0		70	90.58
22	1	0.0		70	90.58
23	1	0.0		70	90.58
24	1	0.0		70	90.58
25	1	0.0		70	90.58
26	1	0.0		70	90.58
27	1	0.018331857		3082	83.1
28	1	0.0		70	90.58
29	1	0.0026152337		78	87.58
30	1	0.0		70	90.58
31	1	0.0		70	90.58
32	1	0.0		70	90.58
33	1	0.0		70	90.58
34	1	0.0		70	90.58
35	1	0.0		70	90.58
36	1	0.0		70	90.58
37	1	0.2967359		78	87.58
38	1	0.0		70	90.58
39	1	1000.0026		70	90.58


Run no: 9
0	1	1000.1002		3001	78.74
1	1	1000.0577		3001	78.74
2	1	1000.0015		68	98.67
3	1	1000.0		68	98.67
4	1	0.7976888		135	82.61
5	1	0.78213435		2429	82.3
6	1	0.35997796		71	98.64
7	1	0.35608605		76	91.55
8	1	0.28122756		2707	79.89
9	1	0.21570674		2444	80.56
10	1	0.18441515		97	84.65
11	1	0.15857427		87	89.59
12	1	0.15857427		90	86.45
13	1	0.115314275		135	82.61
14	1	0.08816761		79	91.39
15	1	0.08730557		2429	82.3
16	1	0.084475175		81	89.72
17	1	0.06773708		93	86.0
18	1	0.023601871		90	86.45
19	1	0.022579027		93	86.0
20	1	0.01555444		2429	82.3
21	1	0.008568517		87	89.59
22	1	0.00652283		81	89.72
23	1	0.005699457		77	91.45
24	1	0.0051142178		2429	82.3
25	1	0.0050175614		76	91.55
26	1	0.0030105368		77	91.45
27	1	0.002045687		81	89.72
28	1	0.0017047392		76	91.55
29	1	0.0013637913		93	86.0
30	1	0.0010228435		93	86.0
31	1	0.0010228435		68	98.67
32	1	3.4094782E-4		77	91.45
33	1	0.0		68	98.67
34	1	0.0		76	91.55
35	1	0.0		81	89.72
36	1	0.0		77	91.45
37	1	0.0		76	91.55
38	1	0.0		76	91.55
39	1	0.0		93	86.0


Run no: 10
0	1	2000.0		129	78.65
1	1	1000.0		70	103.14
2	1	1000.0		70	103.14
3	1	0.59597486		85	80.71
4	1	0.5112291		80	93.23
5	1	0.49716592		73	93.26
6	1	0.44332173		129	78.65
7	1	0.3898305		106	79.96
8	1	0.37852186		71	102.53
9	1	0.13559322		101	80.22
10	1	0.13559322		93	80.26
11	1	0.13559322		85	80.71
12	1	0.13559322		93	80.26
13	1	0.118644066		80	93.23
14	1	0.08597075		80	93.23
15	1	0.084745765		106	79.96
16	1	0.084745765		101	80.22
17	1	0.05349122		106	79.96
18	1	0.04185728		70	103.14
19	1	0.033898305		73	93.26
20	1	0.033898305		71	102.53
21	1	0.024908125		71	102.53
22	1	0.018374847		85	80.71
23	1	0.018374847		93	80.26
24	1	0.016949153		71	102.53
25	1	0.010616578		101	80.22
26	1	0.010616578		106	79.96
27	1	0.0016333198		93	80.26
28	1	0.0016333198		101	80.22
29	1	0.0012249898		73	93.26
30	1	0.0		85	80.71
31	1	0.0		71	102.53
32	1	0.0		93	80.26
33	1	0.0		106	79.96
34	1	0.0		73	93.26
35	1	0.0		70	103.14
36	1	0.0		106	79.96
37	1	0.0		73	93.26
38	1	0.0		73	93.26
39	1	0.0		85	80.71


Run no: 11
0	1	2000.0		83	89.92
1	1	2000.0		4148	74.7
2	1	0.714433		632	84.62
3	1	0.61377615		3127	83.84
4	1	0.3758213		3630	80.42
5	1	0.034218907		172	89.58
6	1	0.025584256		276	86.07
7	1	0.054013867		3622	82.1
8	1	0.12742928		3630	80.42
9	1	0.036793694		3552	82.66
10	1	0.18208061		3127	83.84
11	1	0.0045992117		401	85.12
12	1	0.017220173		3552	82.66
13	1	0.040269565		546	85.05
14	1	0.0		276	86.07
15	1	0.051248357		3127	83.84
16	1	0.09808823		401	85.12
17	1	0.038980078		97	89.82
18	1	0.0		3552	82.66
19	1	0.110381074		3622	82.1
20	1	0.25620186		172	89.58
21	1	0.0		276	86.07
22	1	0.04940851		546	85.05
23	1	0.09316818		276	86.07
24	1	0.0019680196		3622	82.1
25	1	0.10455105		3552	82.66
26	1	0.0032851512		83	89.92
27	1	0.0		83	89.92
28	1	0.0019680196		83	89.92
29	1	0.1123491		3630	80.42
30	1	0.23061761		276	86.07
31	1	0.0		3552	82.66
32	1	0.0		3552	82.66
33	1	0.0		3552	82.66
34	1	0.030750308		401	85.12
35	1	0.0		276	86.07
36	1	0.077529564		3552	82.66
37	1	0.010014337		91	89.87
38	2	2000.0		93	89.87
39	2	NaN		93	89.87


Run no: 12
0	1	2000.0		3431	83.51
1	1	1000.0		69	93.87
2	1	1000.0		69	93.87
3	1	1.4104356		471	88.88
4	1	0.20612615		76	91.79
5	1	0.2007722		69	93.87
6	1	0.13368239		448	88.93
7	1	0.11522719		94	91.73
8	1	0.10833263		398	90.04
9	1	0.1042471		392	91.57
10	1	0.1042471		394	90.49
11	1	0.08863772		392	91.57
12	1	0.058308393		398	90.04
13	1	0.043436293		394	90.49
14	1	0.015444015		392	91.57
15	1	0.005791506		76	91.79
16	1	0.002082094		76	91.79
17	1	0.002082094		69	93.87
18	1	0.001189768		394	90.49
19	1	5.94884E-4		394	90.49
20	1	5.94884E-4		392	91.57
21	1	0.0		69	93.87
22	1	0.0		392	91.57
23	1	0.0		394	90.49
24	1	0.0		392	91.57
25	1	0.0		76	91.79
26	1	0.0		76	91.79
27	1	0.0		69	93.87
28	1	0.0		392	91.57
29	1	0.0		69	93.87
30	1	0.0		394	90.49
31	1	0.0		392	91.57
32	1	0.0		69	93.87
33	1	0.0		394	90.49
34	1	0.0		392	91.57
35	1	0.0		392	91.57
36	1	0.0		69	93.87
37	1	0.0		69	93.87
38	1	0.0		392	91.57
39	1	0.0		69	93.87


Run no: 13
0	1	2000.0		3894	77.24
1	1	1000.0		79	102.56
2	1	0.0019747235		79	102.56
3	1	1.2250279		114	83.17
4	1	0.23854661		87	96.47
5	1	0.098736174		89	87.67
6	1	0.001310616		84	102.51
7	1	0.0		87	96.47
8	1	0.0031454784		114	83.17
9	1	0.3480756		89	87.67
10	1	0.0		96	85.17
11	1	0.0		114	83.17
12	1	0.0		102	85.12
13	1	0.0015727392		102	85.12
14	1	0.0019747235		84	102.51
15	1	0.0		114	83.17
16	1	0.10030892		96	85.17
17	1	0.0		79	102.56
18	1	0.0019747235		96	85.17
19	1	0.0		89	87.67
20	1	0.077014215		102	85.12
21	1	0.0018348624		96	85.17
22	1	1000.0		79	102.56
23	1	5.242464E-4		87	96.47
24	1	7.863696E-4		87	96.47
25	1	0.0		79	102.56
26	1	0.0018348624		89	87.67
27	1	0.34755135		87	96.47
28	1	0.0		89	87.67
29	1	0.0		102	85.12
30	1	0.0		114	83.17
31	1	0.0		102	85.12
32	1	0.001310616		79	102.56
33	1	0.0		96	85.17
34	1	0.0		96	85.17
35	1	0.0		89	87.67
36	1	0.0		87	96.47
37	1	0.23933297		84	102.51
38	1	0.077014215		114	83.17
39	1	0.005120202		102	85.12


Run no: 14
0	1	2000.0		82	97.95
1	1	0.17792676		82	97.95
2	1	0.0035492084		116	89.86
3	1	0.18463126		4029	86.28
4	1	0.37121463		5448	81.96
5	1	0.7283767		4029	86.28
6	1	0.0		87	94.5
7	1	0.14424057		5943	80.17
8	1	0.0		90	91.35
9	1	0.16294016		87	94.5
10	1	0.14296935		4062	84.43
11	1	0.009283136		4611	83.19
12	1	0.06392004		4611	83.19
13	1	0.16310367		5943	80.17
14	1	0.10076702		4608	83.37
15	1	0.008251676		4272	84.27
16	1	0.009768415		4608	83.37
17	1	0.05435134		4272	84.27
18	1	0.16423424		90	91.35
19	1	0.03867973		101	90.6
20	1	0.0		5943	80.17
21	1	0.08038527		4272	84.27
22	1	0.031398617		110	89.91
23	1	0.030589815		109	90.5
24	1	0.13539308		4611	83.19
25	1	0.006451377		109	90.5
26	1	0.0012940796		101	90.6
27	1	0.0053380784		4029	86.28
28	1	0.8175979		116	89.86
29	1	0.0027404088		110	89.91
30	1	0.006936657		101	90.6
31	1	0.17873557		87	94.5
32	1	0.0		82	97.95
33	1	0.039165013		90	91.35
34	1	0.0		87	94.5
35	1	0.0		109	90.5
36	1	8.0879976E-4		82	97.95
37	1	2000.0		6264	78.56
38	2	2000.0		6408	79.37
39	2	2000.0		6341	79.42


Run no: 15
0	1	2000.0		76	103.55
1	1	1000.0		4046	84.85
2	1	1000.0		4046	84.85
3	1	0.8982287		3307	89.08
4	1	0.6985466		555	89.18
5	1	0.59081614		80	91.1
6	1	0.5900605		79	102.12
7	1	0.1996821		3690	87.15
8	1	0.12607929		512	89.63
9	1	0.12340549		107	90.47
10	1	0.10034214		3930	85.7
11	1	0.07744447		3930	85.7
12	1	0.07722626		76	103.55
13	1	0.07647059		79	102.12
14	1	0.071123		3803	87.03
15	1	0.04643112		107	90.47
16	1	0.045454547		4046	84.85
17	1	0.044919785		512	89.63
18	1	0.034880586		3690	87.15
19	1	0.031989925		3803	87.03
20	1	0.029219143		4046	84.85
21	1	0.028463475		3803	87.03
22	1	0.02406417		555	89.18
23	1	0.021390375		101	90.87
24	1	0.014473525		101	90.87
25	1	0.014473525		86	91.07
26	1	0.010831234		555	89.18
27	1	0.010831234		512	89.63
28	1	0.0064171124		3803	87.03
29	1	0.0016042781		80	91.1
30	1	0.0016042781		86	91.07
31	1	0.001511335		86	91.07
32	1	0.001511335		101	90.87
33	1	2.5188917E-4		80	91.1
34	1	2.5188917E-4		79	102.12
35	1	0.0		555	89.18
36	1	0.0		76	103.55
37	1	0.0		555	89.18
38	1	0.0		3803	87.03
39	1	0.0		4046	84.85


Run no: 16
0	1	2000.0		3331	76.61
1	1	1000.0		66	91.63
2	1	0.029960053		66	91.63
3	1	1.5589873		3055	76.92
4	1	0.5505992		106	85.19
5	1	0.0		106	85.19
6	1	0.0		96	88.95
7	1	0.0		101	85.45
8	1	0.15643196		70	91.18
9	1	0.0		96	88.95
10	1	0.0		66	91.63
11	1	0.0012251148		70	91.18
12	1	0.018841647		105	85.39
13	1	0.23302263		96	88.95
14	1	0.0		70	91.18
15	1	0.0		101	85.45
16	1	0.23302263		101	85.45
17	1	0.0		96	88.95
18	1	0.029960053		70	91.18
19	1	0.0		101	85.45
20	1	0.0		66	91.63
21	1	3.062787E-4		106	85.19
22	1	0.0		106	85.19
23	1	0.0		106	85.19
24	1	0.007963247		96	88.95
25	1	0.0		96	88.95
26	1	0.0		66	91.63
27	1	0.1484687		96	88.95
28	1	0.0052197888		101	85.45
29	1	0.0015313936		101	85.45
30	1	0.0		66	91.63
31	1	1000.0		66	91.63
32	1	0.0		106	85.19
33	1	0.0012251148		66	91.63
34	1	0.0		106	85.19
35	1	0.0		96	88.95
36	1	0.0		106	85.19
37	1	0.0		101	85.45
38	1	0.0015313936		96	88.95
39	1	0.9165315		106	85.19


Run no: 17
0	1	2000.0		4408	82.25
1	1	2000.0		73	95.48
2	1	0.23356009		73	95.48
3	1	0.05668934		144	85.49
4	1	0.0		89	88.81
5	1	0.0		88	92.39
6	1	0.23356009		88	92.39
7	1	0.0		73	95.48
8	1	0.79677045		144	85.49
9	1	0.1750865		4357	82.64
10	1	0.018896447		90	87.59
11	1	0.27059713		89	88.81
12	1	0.08545117		100	87.34
13	1	0.08314437		131	86.24
14	1	0.20632462		144	85.49
15	1	0.0029988466		131	86.24
16	1	0.0062137274		4357	82.64
17	1	0.035029437		4408	82.25
18	1	0.026047543		100	87.34
19	1	0.025110174		4361	82.57
20	1	0.002306805		90	87.59
21	1	0.0		4361	82.57
22	1	0.0		131	86.24
23	1	0.0		4361	82.57
24	1	0.27405733		88	92.39
25	1	0.0		73	95.48
26	1	0.06384044		131	86.24
27	1	0.09221467		90	87.59
28	1	0.01613299		4361	82.57
29	1	0.012093727		4357	82.64
30	1	0.092445344		89	88.81
31	1	2.3068051E-4		89	88.81
32	1	2.3068051E-4		90	87.59
33	1	0.0		88	92.39
34	1	0.0034602077		73	95.48
35	1	2.3068051E-4		88	92.39
36	1	1.1872765		3598	82.8
37	2	2000.0		3836	83.18
38	2	1001.0		3789	83.21
39	2	1001.0		3789	83.21


Run no: 18
0	1	1000.0003		3575	82.18
1	1	2000.0		76	99.23
2	1	0.0		76	99.23
3	1	1.0547545		430	83.61
4	1	0.08866899		3152	82.56
5	1	0.29057854		79	94.3
6	1	0.019024288		84	88.28
7	1	0.35307917		79	94.3
8	1	0.0		76	99.23
9	1	0.21723492		428	87.27
10	1	0.83952016		3152	82.56
11	1	0.016377533		95	87.73
12	1	0.0076246336		414	87.49
13	1	0.047186166		3413	82.32
14	1	0.08866899		3413	82.32
15	1	0.05305127		3574	82.3
16	1	0.0		84	88.28
17	1	0.0		89	87.98
18	1	0.10524515		95	87.73
19	1	0.019024288		89	87.98
20	1	0.0014289797		414	87.49
21	1	0.0025721635		419	87.36
22	1	0.0		3574	82.3
23	1	0.0		3575	82.18
24	1	5.715919E-4		428	87.27
25	1	0.0014289797		419	87.36
26	1	0.0052785925		428	87.27
27	1	0.0076246336		419	87.36
28	1	0.0		89	87.98
29	1	0.0		84	88.28
30	1	0.0052785925		419	87.36
31	1	0.10524515		414	87.49
32	1	0.016377533		89	87.98
33	1	8.5738784E-4		79	94.3
34	1	2.8579595E-4		3574	82.3
35	1	0.28914955		76	99.23
36	1	1000.007		3575	82.18
37	1	0.0011730206		3574	82.3
38	1	8.5738784E-4		76	99.23
39	1	0.35450816		84	88.28


Run no: 19
0	1	2000.0		75	109.53
1	1	1000.0386		3613	81.28
2	1	1000.0232		3613	81.28
3	1	0.93911606		515	85.35
4	1	0.93911606		3527	82.87
5	1	0.30541268		81	109.28
6	1	0.30399945		82	100.7
7	1	0.25266933		84	94.76
8	1	0.20771307		515	85.35
9	1	0.20771307		246	89.07
10	1	0.20169857		83	100.45
11	1	0.061154094		246	89.07
12	1	0.05493049		89	93.36
13	1	0.05380531		220	90.59
14	1	0.040876053		3531	82.37
15	1	0.039714653		3531	82.37
16	1	0.03673742		104	92.91
17	1	0.03673742		115	91.96
18	1	0.021584816		167	91.17
19	1	0.020792007		123	91.64
20	1	0.020438027		179	90.92
21	1	0.020168887		98	93.32
22	1	0.020084044		164	91.41
23	1	0.017699115		3527	82.87
24	1	0.016209148		104	92.91
25	1	0.0150731625		179	90.92
26	1	0.013588598		120	91.9
27	1	0.011681416		220	90.59
28	1	0.011588468		220	90.59
29	1	0.010545431		75	109.53
30	1	0.009132203		81	109.28
31	1	0.009132203		83	100.45
32	1	0.009132203		82	100.7
33	1	0.00898953		164	91.41
34	1	0.008141593		123	91.64
35	1	0.0073487847		220	90.59
36	1	0.0035371215		115	91.96
37	1	0.0011305823		3527	82.87
38	1	8.4793667E-4		123	91.64
39	1	0.0		515	85.35


Run no: 20
0	1	1000.3029		76	95.55
1	1	1000.0009		4133	84.92
2	1	1000.00024		76	95.55
3	1	1000.0		4133	84.92
4	1	1.0390257		113	88.57
5	1	0.7603425		2942	87.9
6	1	0.5394423		3955	85.01
7	1	0.52156395		2942	87.9
8	1	0.3029163		77	92.33
9	1	0.27375352		93	91.48
10	1	0.05234139		3997	84.93
11	1	0.042333018		80	91.93
12	1	0.042333018		93	91.48
13	1	0.033522308		4133	84.92
14	1	0.023764832		77	92.33
15	1	0.023518344		78	92.08
16	1	0.014603982		78	92.08
17	1	0.014111007		80	91.93
18	1	0.004929751		93	91.48
19	1	0.0032043383		93	91.48
20	1	0.0032043383		80	91.93
21	1	4.929751E-4		80	91.93
22	1	2.4648756E-4		77	92.33
23	1	2.4648756E-4		78	92.08
24	1	0.0		4133	84.92
25	1	0.0		76	95.55
26	1	0.0		76	95.55
27	1	0.0		80	91.93
28	1	0.0		77	92.33
29	1	0.0		77	92.33
30	1	0.0		76	95.55
31	1	0.0		93	91.48
32	1	0.0		76	95.55
33	1	0.0		77	92.33
34	1	0.0		93	91.48
35	1	0.0		80	91.93
36	1	0.0		77	92.33
37	1	0.0		78	92.08
38	1	0.0		77	92.33
39	1	0.0		76	95.55


Run no: 21
0	1	2000.0		63	102.86
1	1	1000.04724		5314	77.68
2	1	1000.0		5314	77.68
3	1	1.2624036		123	81.56
4	1	0.9493802		5079	79.01
5	1	0.4980143		63	102.86
6	1	0.4980143		67	90.32
7	1	0.21445592		108	86.96
8	1	0.13186225		75	87.09
9	1	0.12470215		73	90.23
10	1	0.10127085		5079	79.01
11	1	0.09757308		5199	78.87
12	1	0.02285279		5079	79.01
13	1	0.02190059		5314	77.68
14	1	0.0052394425		108	86.96
15	1	0.0039992384		96	87.02
16	1	0.0027799841		96	87.02
17	1	0.0023828435		96	87.02
18	1	0.0023665829		73	90.23
19	1	0.002285279		96	87.02
20	1	0.002285279		108	86.96
21	1	0.001985703		71	90.28
22	1	0.0019694422		71	90.28
23	1	0.0015885624		67	90.32
24	1	7.6175964E-4		67	90.32
25	1	7.6175964E-4		71	90.28
26	1	7.6175964E-4		67	90.32
27	1	7.6175964E-4		63	102.86
28	1	3.8087982E-4		73	90.23
29	1	0.0		5079	79.01
30	1	0.0		63	102.86
31	1	0.0		73	90.23
32	1	0.0		63	102.86
33	1	0.0		71	90.28
34	1	0.0		73	90.23
35	1	0.0		73	90.23
36	1	0.0		63	102.86
37	1	0.0		71	90.28
38	1	0.0		71	90.28
39	1	0.0		71	90.28


Run no: 22
0	1	1000.1236		3506	82.6
1	1	1000.0525		67	111.18
2	1	1.1554278		3081	82.62
3	1	1.0557916		453	90.25
4	1	0.42896652		83	102.11
5	1	0.011369198		80	109.33
6	1	0.008220143		86	97.12
7	1	1000.0007		3506	82.6
8	1	0.07946657		189	91.08
9	1	0.07078786		418	91.0
10	1	0.0		96	95.43
11	1	0.0		134	93.7
12	1	0.061404187		96	95.43
13	1	0.05591453		176	91.26
14	1	0.05736844		158	92.75
15	1	0.057141554		70	109.68
16	1	0.009383271		93	96.91
17	1	1000.00085		67	111.18
18	1	0.016794961		158	92.75
19	1	0.016794961		426	90.73
20	1	0.006120772		139	93.23
21	1	0.015154148		77	109.63
22	1	0.012068988		136	93.38
23	1	0.071581565		134	93.7
24	1	0.25349656		80	109.33
25	1	0.011778206		134	93.7
26	1	0.022319824		139	93.23
27	1	0.01153219		176	91.26
28	1	0.007851119		426	90.73
29	1	0.17663309		86	97.12
30	1	0.05265681		93	96.91
31	1	0.0064115543		426	90.73
32	1	0.0064115543		422	90.88
33	1	0.005524862		158	92.75
34	1	0.003962289		418	91.0
35	1	0.00582999		136	93.38
36	1	0.0011631288		422	90.88
37	1	0.0		418	91.0
38	1	0.0041987402		422	90.88
39	1	0.06283419		96	95.43


Run no: 23
0	1	1000.6444		80	108.94
1	1	1000.013		7677	80.48
2	1	1000.01105		7677	80.48
3	1	1000.00024		80	108.94
4	1	0.68110394		261	86.5
5	1	0.6793471		5422	85.74
6	1	0.64586115		82	90.6
7	1	0.23592408		7098	83.11
8	1	0.20006737		5821	84.02
9	1	0.123066664		124	86.65
10	1	0.123066664		118	90.13
11	1	0.091396526		5730	84.8
12	1	0.07357113		5422	85.74
13	1	0.047991212		7412	81.9
14	1	0.047683366		7593	80.85
15	1	0.0358567		7301	82.85
16	1	0.034239992		7412	81.9
17	1	0.033380184		7301	82.85
18	1	0.026704146		261	86.5
19	1	0.026704146		5422	85.74
20	1	0.026479088		7563	81.41
21	1	0.02330399		251	86.55
22	1	0.021559903		5821	84.02
23	1	0.020230828		124	86.65
24	1	0.019833809		7552	81.45
25	1	0.017259605		7552	81.45
26	1	0.016640719		5780	84.48
27	1	0.016163036		5780	84.48
28	1	0.014611031		7301	82.85
29	1	0.008956221		93	90.49
30	1	0.008651564		115	90.43
31	1	0.007290669		117	90.23
32	1	0.0065815453		5780	84.48
33	1	0.005004102		110	90.45
34	1	0.0041283355		82	90.6
35	1	0.0036453344		118	90.13
36	1	0.0036453344		117	90.23
37	1	0.0013163091		261	86.5
38	1	0.0		7677	80.48
39	1	0.0		7677	80.48


Run no: 24
0	1	1001.0		137	81.02
1	1	2000.0		72	85.11
2	1	1.0		72	85.11
3	1	0.0		137	81.02
4	1	0.0		137	81.02
5	1	0.0		72	85.11
6	1	0.0		72	85.11
7	1	1.0		72	85.11
8	1	1001.0		137	81.02
9	5	2000.0		142	81.47
10	6	2000.0		3940	83.18
11	6	1000.0		73	85.11
12	6	1.07591		3933	83.33
13	6	0.0018101888		3940	83.18
14	6	1000.0		73	85.11
15	6	1.9204696		73	85.11
16	6	0.07772021		3940	83.18
17	6	0.92408997		3933	83.33
18	9	2000.0		74	85.11
19	10	1000.0		74	102.16
20	10	1.0		74	102.16
21	10	0.0		74	102.16
22	10	0.0		74	102.16
23	10	0.0		74	102.16
24	10	2000.0		75	85.11
25	10	0.0		74	102.16
26	10	0.0		74	102.16
27	10	0.0		74	102.16
28	10	0.0		74	102.16
29	10	0.0		74	102.16
30	10	1001.0		74	102.16
31	11	1000.0		77	101.66
32	11	0.0		77	101.66
33	11	0.9909091		77	101.66
34	11	0.0		77	101.66
35	11	0.0		77	101.66
36	11	0.0		77	101.66
37	11	2.0		84	85.31
38	11	2000.0		87	85.16
39	11	1000.7		77	101.66


Run no: 25
0	1	0.6209628		84	84.93
1	1	0.0		84	84.93
2	1	2000.0		68	95.12
3	1	0.16756356		1914	78.96
4	1	0.0		68	95.12
5	1	0.27726996		84	84.93
6	1	0.0		84	84.93
7	1	0.008355091		84	84.93
8	1	0.0		68	95.12
9	1	0.0		68	95.12
10	1	0.0		84	84.93
11	1	0.0		68	95.12
12	1	0.0		84	84.93
13	1	0.62931794		68	95.12
14	1	0.0		84	84.93
15	1	0.0		84	84.93
16	1	0.92584854		84	84.93
17	1	1.3194162		1857	80.38
18	1	2000.0		1983	78.71
19	2	1000.57306		2076	78.94
20	2	1000.99567		1898	83.58
21	2	0.0		1974	78.96
22	2	0.0		1974	78.96
23	2	0.43127662		1974	78.96
24	2	0.0		1974	78.96
25	2	0.0		1974	78.96
26	2	0.0		1974	78.96
27	2	0.0		1898	83.58
28	2	1000.0		2076	78.94
29	2	0.0		1974	78.96
30	2	1000.42694		1898	83.58
31	2	0.0		1974	78.96
32	2	0.004310345		2076	78.94
33	2	1.5687233		1974	78.96
34	11	2000.0		355	86.46
35	11	1000.42474		84	95.1
36	11	1.3419819		174	86.95
37	11	0.6580181		87	91.43
38	11	0.83955175		124	90.69
39	11	1000.01105		84	95.1


Run no: 26
0	1	1000.02856		3426	80.63
1	1	2000.0		65	90.17
2	1	0.07861635		65	90.17
3	1	1.0259528		2954	82.16
4	1	0.15692145		434	84.14
5	1	0.957324		434	84.14
6	1	0.0953972		374	87.24
7	1	0.015723271		428	85.62
8	1	0.015723271		386	85.77
9	1	0.06862881		3160	82.09
10	1	0.043736983		226	87.73
11	1	0.15765841		374	87.24
12	1	0.13388373		79	88.59
13	1	0.049550056		79	88.59
14	1	0.040724877		68	89.42
15	1	0.1501609		3160	82.09
16	1	1000.0		3426	80.63
17	1	0.13418126		226	87.73
18	1	0.039832287		71	89.04
19	1	0.051362682		226	87.73
20	1	0.0		68	89.42
21	1	8.925915E-4		71	89.04
22	1	0.05345912		3426	80.63
23	1	0.0124962805		386	85.77
24	1	0.15513627		428	85.62
25	1	0.0		428	85.62
26	1	0.003570366		386	85.77
27	1	0.15408805		386	85.77
28	1	0.0124962805		428	85.62
29	1	0.079508945		68	89.42
30	1	0.049550056		71	89.04
31	1	0.0		65	90.17
32	1	0.0		65	90.17
33	1	0.0		428	85.62
34	1	0.0		386	85.77
35	1	0.0		226	87.73
36	1	8.925915E-4		65	90.17
37	1	0.001785183		428	85.62
38	1	0.23218295		3330	81.14
39	2	2000.0		3349	81.18


Run no: 27
0	1	2000.0		426	88.0
1	1	1000.1858		67	103.18
2	1	1000.0028		67	103.18
3	1	0.89693594		104	88.01
4	1	0.89693594		426	88.0
5	1	0.4210991		74	93.54
6	1	0.41831356		73	99.89
7	1	0.27803406		104	88.01
8	1	0.26132098		95	91.85
9	1	0.19969833		68	100.36
10	1	0.07818527		92	92.19
11	1	0.06982872		89	93.25
12	1	0.033747308		73	99.89
13	1	0.030961791		68	100.36
14	1	0.02872127		74	93.54
15	1	0.025069637		95	91.85
16	1	0.022397893		92	92.19
17	1	0.022397893		95	91.85
18	1	0.02081613		81	93.4
19	1	0.013927577		73	99.89
20	1	0.012158646		87	93.35
21	1	0.01033283		84	93.38
22	1	0.01033283		87	93.35
23	1	0.0096740695		84	93.38
24	1	0.009222661		81	93.4
25	1	0.008356546		89	93.25
26	1	0.008356546		81	93.4
27	1	0.008356546		92	92.19
28	1	0.0065876152		89	93.25
29	1	0.0055710305		89	93.25
30	1	0.0027855153		68	100.36
31	1	6.5876154E-4		104	88.01
32	1	6.5876154E-4		426	88.0
33	1	0.0		74	93.54
34	1	0.0		67	103.18
35	1	0.0		95	91.85
36	1	0.0		92	92.19
37	1	0.0		87	93.35
38	1	0.0		68	100.36
39	1	0.0		74	93.54


Run no: 28
0	1	2000.0		543	85.72
1	1	2000.0		84	91.05
2	1	1.118763		111	90.69
3	1	0.6797386		423	88.35
4	1	0.46081087		423	88.35
5	1	0.27579737		433	88.32
6	1	0.27579737		439	86.85
7	1	0.22657952		439	86.85
8	1	0.21200751		439	86.85
9	1	0.12636574		111	90.69
10	1	0.06754221		84	91.05
11	1	0.05882353		84	91.05
12	1	0.02741501		433	88.32
13	1	0.013071896		433	88.32
14	1	0.013071896		439	86.85
15	1	0.005628518		423	88.35
16	1	0.0		84	91.05
17	1	0.0		423	88.35
18	1	0.0		423	88.35
19	1	0.0		439	86.85
20	1	0.0		439	86.85
21	1	0.0		84	91.05
22	1	0.0		84	91.05
23	1	0.0		439	86.85
24	1	0.0		423	88.35
25	1	0.0		84	91.05
26	1	0.0		423	88.35
27	1	0.0		439	86.85
28	1	0.0		84	91.05
29	1	0.0		439	86.85
30	1	0.0		423	88.35
31	1	0.0		423	88.35
32	1	0.0		423	88.35
33	1	0.0		423	88.35
34	1	0.0		439	86.85
35	1	0.0		423	88.35
36	1	0.0		439	86.85
37	1	0.0		439	86.85
38	1	0.0		423	88.35
39	1	0.0		423	88.35


Run no: 29
0	1	2000.0		4053	81.75
1	1	2000.0		76	97.0
2	1	0.7353712		3072	89.08
3	1	0.7242237		403	90.06
4	1	0.35786808		3574	83.08
5	1	0.238737		3240	84.09
6	1	0.20816432		3151	86.67
7	1	0.16761675		136	95.75
8	1	0.15803279		3072	89.08
9	1	0.1547541		3214	86.45
10	1	0.12937753		393	92.82
11	1	0.12912609		398	90.87
12	1	0.07910749		107	96.18
13	1	0.073541224		372	94.64
14	1	0.06622951		3240	84.09
15	1	0.06551953		403	90.06
16	1	0.061639342		372	94.64
17	1	0.061639342		375	93.7
18	1	0.05934121		372	94.64
19	1	0.054371983		398	90.87
20	1	0.04361884		90	96.78
21	1	0.042011566		383	93.09
22	1	0.040754337		375	93.7
23	1	0.01986422		3072	89.08
24	1	0.016743489		383	93.09
25	1	0.016743489		387	92.85
26	1	0.015841085		3214	86.45
27	1	0.0144262295		3214	86.45
28	1	0.013006262		76	97.0
29	1	0.010491803		86	96.84
30	1	0.006537591		3240	84.09
31	1	0.006537591		3214	86.45
32	1	0.0049402094		86	96.84
33	1	0.0039344262		90	96.78
34	1	0.003475888		387	92.85
35	1	0.003224442		393	92.82
36	1	0.002514458		86	96.84
37	1	0.0020115664		375	93.7
38	1	0.0010057832		90	96.78
39	1	0.0		3240	84.09

