
Run no: 0
94.58	
94.58	
90.76	
90.76	
86.95	
86.95	
86.95	
86.95	
86.95	
85.45	
85.45	
85.45	
85.45	
85.45	
85.45	
85.45	
85.45	
85.45	
85.45	
85.45	
85.45	
85.45	
85.45	
85.45	
85.45	
85.11	
85.11	
85.11	
85.11	
83.91	
83.91	

Run no: 1
94.02	
91.2	
91.2	
90.95	
90.95	
90.95	
90.79	
90.79	
90.79	
89.13	
86.34	
86.34	
85.76	
85.76	
85.76	
85.76	
85.76	
85.04	
85.04	
85.04	
85.04	
85.04	
85.04	
85.04	
85.04	
85.04	
85.04	
85.03	
85.03	
85.03	
83.47	

Run no: 2
98.09	
95.95	
90.13	
88.19	
88.19	
88.19	
88.19	
88.19	
88.16	
85.78	
79.8	
79.8	
79.8	
79.8	
79.37	
79.37	
79.37	
79.37	
79.37	
79.37	
79.37	
79.37	
79.22	
79.22	
79.22	
79.22	
79.22	
79.22	
79.22	
79.22	
79.22	

Run no: 3
89.94	
89.94	
88.95	
88.95	
88.95	
88.95	
88.95	
88.95	
88.95	
88.8	
88.8	
85.33	
79.3	
79.3	
79.3	
79.3	
79.3	
79.3	
79.27	
79.27	
79.27	
79.27	
79.27	
79.15	
79.15	
79.15	
79.11	
79.11	
79.11	
79.11	
79.11	

Run no: 4
95.92	
94.93	
94.93	
94.93	
94.93	
88.63	
88.6	
88.28	
88.28	
88.28	
88.21	
87.52	
87.52	
87.52	
87.46	
87.46	
87.46	
87.45	
87.45	
87.45	
87.18	
87.18	
87.18	
87.18	
87.18	
87.18	
87.18	
87.18	
86.5	
86.5	
86.5	

Run no: 5
95.47	
89.97	
89.97	
88.66	
87.03	
87.03	
87.03	
87.0	
87.0	
86.96	
86.96	
86.96	
86.96	
86.96	
85.24	
85.24	
85.24	
85.24	
85.24	
85.03	
85.03	
85.03	
84.04	
83.77	
83.77	
83.77	
83.05	
83.05	
83.05	
83.05	
83.05	

Run no: 6
99.82	
99.82	
99.82	
97.59	
97.59	
97.59	
95.31	
95.31	
95.31	
91.34	
91.34	
89.66	
89.66	
89.66	
89.66	
89.66	
88.53	
88.53	
88.47	
88.47	
88.47	
88.47	
88.47	
88.3	
88.3	
88.3	
88.3	
88.3	
88.3	
86.68	
86.68	

Run no: 7
86.33	
86.33	
86.33	
86.33	
85.97	
85.97	
85.97	
81.47	
81.47	
81.47	
81.47	
81.47	
81.47	
81.47	
81.47	
81.47	
81.47	
81.47	
81.47	
81.47	
79.71	
79.71	
79.21	
79.21	
79.21	
79.21	
79.21	
79.21	
79.21	
79.2	
79.2	

Run no: 8
97.95	
96.23	
96.23	
96.23	
92.08	
92.08	
92.08	
92.08	
92.08	
83.2	
83.2	
82.98	
82.98	
82.98	
82.98	
82.67	
82.67	
82.67	
82.67	
82.67	
80.84	
80.84	
80.84	
80.84	
80.47	
80.47	
80.47	
80.47	
80.47	
80.47	
80.47	

Run no: 9
95.24	
90.49	
90.49	
90.49	
90.49	
90.49	
88.38	
88.38	
88.38	
88.38	
80.36	
80.36	
80.36	
80.36	
80.36	
80.36	
80.36	
80.36	
80.36	
80.36	
80.36	
80.36	
80.36	
80.36	
80.36	
80.36	
80.36	
79.99	
78.74	
78.74	
78.74	

Run no: 10
97.32	
92.45	
92.45	
92.45	
92.45	
92.45	
92.13	
92.13	
92.13	
90.72	
90.72	
90.14	
80.71	
80.26	
80.26	
80.26	
80.26	
80.26	
80.26	
80.22	
80.11	
80.01	
80.01	
80.01	
80.01	
80.01	
79.46	
79.46	
79.46	
78.65	
78.65	

Run no: 11
96.6	
95.67	
94.41	
94.23	
94.23	
91.5	
91.5	
91.5	
91.16	
91.03	
91.03	
91.03	
91.03	
91.03	
91.03	
84.77	
82.8	
82.73	
82.73	
82.73	
82.73	
82.28	
82.28	
82.28	
81.92	
81.92	
80.42	
77.89	
77.89	
77.89	
74.7	

Run no: 12
95.15	
95.15	
95.15	
93.36	
90.56	
90.49	
90.49	
90.49	
90.49	
90.49	
90.49	
90.49	
90.49	
90.49	
89.28	
89.28	
89.28	
89.28	
89.28	
88.84	
88.84	
86.97	
86.97	
86.97	
86.97	
83.56	
83.56	
83.56	
83.56	
83.56	
83.51	

Run no: 13
96.03	
96.03	
95.48	
95.48	
95.48	
95.48	
92.38	
92.38	
87.67	
87.67	
87.67	
85.85	
85.85	
85.85	
85.17	
85.17	
85.17	
85.17	
85.17	
85.17	
85.17	
85.17	
83.17	
77.39	
77.24	
77.24	
77.24	
77.24	
77.24	
77.24	
77.24	

Run no: 14
94.49	
94.49	
94.49	
85.55	
85.55	
85.55	
84.12	
84.12	
84.0	
84.0	
84.0	
83.82	
83.82	
83.82	
81.24	
81.24	
81.24	
80.71	
80.71	
80.71	
80.71	
80.17	
80.17	
80.17	
80.17	
80.17	
79.78	
79.78	
79.37	
79.37	
78.56	

Run no: 15
95.03	
95.03	
95.03	
95.03	
92.32	
92.32	
92.32	
91.14	
91.14	
91.14	
90.07	
90.07	
90.07	
90.07	
90.07	
90.07	
89.63	
87.2	
87.2	
87.2	
87.2	
86.35	
86.35	
85.48	
85.48	
84.85	
84.85	
84.85	
84.85	
84.85	
84.85	

Run no: 16
94.45	
88.95	
88.95	
88.95	
88.93	
85.4	
85.4	
85.4	
85.4	
85.4	
85.4	
78.74	
78.74	
78.74	
78.74	
77.24	
77.24	
77.24	
77.24	
77.24	
76.95	
76.95	
76.95	
76.62	
76.62	
76.62	
76.61	
76.61	
76.61	
76.61	
76.61	

Run no: 17
88.31	
88.31	
88.31	
87.14	
87.14	
87.14	
86.61	
82.58	
82.58	
82.58	
82.57	
82.57	
82.57	
82.57	
82.57	
82.57	
82.57	
82.57	
82.57	
82.57	
82.57	
82.57	
82.57	
82.57	
82.57	
82.57	
82.57	
82.57	
82.57	
82.25	
82.25	

Run no: 18
87.49	
87.49	
87.49	
87.39	
87.39	
87.39	
87.27	
87.27	
87.27	
87.27	
87.23	
83.97	
83.97	
83.97	
83.97	
83.97	
83.97	
82.3	
82.3	
82.3	
82.3	
82.3	
82.3	
82.25	
82.25	
82.25	
82.25	
82.25	
82.18	
82.18	
82.18	

Run no: 19
93.25	
93.25	
87.16	
86.33	
86.33	
86.33	
86.33	
86.33	
86.33	
82.11	
82.11	
82.11	
82.11	
82.11	
82.11	
82.11	
82.11	
82.11	
82.11	
82.11	
82.11	
82.11	
82.11	
82.11	
82.11	
81.28	
81.28	
81.28	
81.28	
81.28	
81.28	

Run no: 20
95.98	
95.98	
89.85	
89.85	
89.85	
89.85	
86.35	
86.35	
86.35	
86.27	
86.27	
86.27	
86.27	
86.27	
85.58	
85.53	
85.28	
85.28	
85.28	
85.28	
84.93	
84.93	
84.93	
84.93	
84.93	
84.92	
84.92	
84.92	
84.92	
84.92	
84.92	

Run no: 21
96.01	
90.89	
90.74	
90.74	
90.74	
90.74	
90.74	
90.74	
90.74	
88.01	
88.01	
81.98	
81.98	
81.98	
81.98	
79.23	
79.23	
78.98	
78.98	
78.98	
78.98	
78.98	
78.98	
78.98	
78.98	
78.98	
78.98	
78.98	
78.98	
77.68	
77.68	

Run no: 22
92.74	
92.74	
92.74	
92.74	
92.73	
92.73	
92.73	
92.73	
92.73	
91.28	
86.27	
86.27	
86.27	
85.93	
85.26	
85.26	
85.26	
85.26	
85.26	
82.85	
82.85	
82.85	
82.85	
82.8	
82.8	
82.8	
82.8	
82.6	
82.6	
82.6	
82.6	

Run no: 23
96.08	
96.08	
94.79	
93.47	
93.47	
87.7	
87.7	
87.7	
87.7	
87.65	
87.65	
87.65	
82.66	
82.66	
82.46	
82.46	
82.46	
82.46	
82.41	
82.08	
82.08	
82.07	
82.07	
80.5	
80.5	
80.48	
80.48	
80.48	
80.48	
80.48	
80.48	

Run no: 24
94.4	
88.55	
88.55	
88.55	
88.55	
85.56	
85.56	
85.56	
85.56	
85.56	
85.56	
84.45	
84.45	
84.45	
84.45	
83.91	
83.91	
83.91	
83.91	
83.91	
83.91	
83.91	
83.9	
83.39	
83.39	
83.39	
81.02	
81.02	
81.02	
81.02	
81.02	

Run no: 25
90.5	
90.5	
90.5	
90.0	
90.0	
90.0	
87.23	
87.23	
84.53	
84.53	
84.53	
84.53	
83.52	
83.52	
83.52	
83.52	
82.62	
82.62	
82.62	
81.98	
81.98	
81.98	
81.98	
81.98	
81.98	
81.98	
80.83	
78.96	
78.94	
78.94	
78.71	

Run no: 26
88.72	
87.8	
87.8	
87.8	
87.8	
87.68	
87.68	
86.42	
86.42	
86.42	
86.42	
86.42	
86.42	
84.53	
84.53	
84.53	
84.37	
84.37	
84.37	
81.56	
81.56	
81.56	
81.56	
81.56	
81.56	
81.56	
81.48	
81.48	
80.63	
80.63	
80.63	

Run no: 27
96.06	
96.06	
95.14	
95.14	
94.87	
94.87	
92.79	
92.41	
92.41	
92.41	
92.41	
92.41	
90.59	
90.59	
90.24	
90.24	
90.24	
90.0	
89.75	
89.75	
89.75	
89.65	
89.65	
89.65	
88.87	
88.0	
88.0	
88.0	
88.0	
88.0	
88.0	

Run no: 28
94.81	
94.81	
94.12	
94.12	
87.31	
87.31	
87.16	
87.16	
87.16	
87.16	
86.86	
86.86	
86.86	
86.41	
86.41	
86.41	
86.41	
86.41	
86.41	
86.41	
86.15	
86.15	
86.15	
85.72	
85.72	
85.72	
85.72	
85.72	
85.72	
85.72	
85.72	

Run no: 29
96.19	
96.19	
96.19	
96.19	
86.97	
86.82	
86.82	
86.36	
86.36	
86.36	
86.36	
81.89	
81.89	
81.75	
81.75	
81.75	
81.75	
81.75	
81.75	
81.75	
81.75	
81.75	
81.75	
81.75	
81.75	
81.75	
81.75	
81.75	
81.75	
81.75	
81.75	
