
Run no: 0
0	1	2000.0		608	84.05
1	1	1000.0		77	96.37
2	1	0.0		77	96.37
3	1	0.37841642		83	93.1
4	1	0.1270468		575	85.36
5	1	0.10954582		149	90.78
6	1	0.0		143	92.78
7	1	0.037273463		83	93.1
8	1	0.0		146	92.06
9	1	0.0		149	90.78
10	1	0.0		146	92.06
11	1	0.025974026		143	92.78
12	1	0.0		77	96.37
13	1	0.0		143	92.78
14	1	0.0		146	92.06
15	1	0.0		77	96.37
16	1	0.26542208		77	96.37
17	1	0.0		146	92.06
18	1	0.058441557		143	92.78
19	1	0.0		146	92.06
20	1	0.0		143	92.78
21	1	0.0		146	92.06
22	1	0.0		77	96.37
23	1	0.0		143	92.78
24	1	0.0		143	92.78
25	1	0.0		146	92.06
26	1	0.0		77	96.37
27	1	0.0		77	96.37
28	1	0.0		146	92.06
29	1	1000.0		77	96.37
30	1	0.0		143	92.78
31	1	0.0		77	96.37
32	1	0.06409127		146	92.06
33	1	0.0		143	92.78
34	1	0.11299435		143	92.78
35	1	0.103896104		146	92.06
36	1	0.0		77	96.37
37	1	0.0		77	96.37
38	1	0.0		77	96.37
39	1	0.0		77	96.37
40	1	0.16847806		608	84.05
41	1	0.0		77	96.37
42	1	0.0		77	96.37
43	1	0.0		77	96.37
44	1	0.0		575	85.36
45	1	0.0		146	92.06
46	1	0.0		146	92.06
47	1	0.0		146	92.06
48	1	0.0		143	92.78
49	1	0.09970926		564	86.24
50	1	0.0		77	96.37
51	1	0.098769166		149	90.78
52	1	0.0		146	92.06
53	1	0.1860784		173	90.12
54	1	0.0		143	92.78
55	1	0.0		143	92.78
56	1	0.38364884		206	89.81
57	1	0.011299435		77	96.37
58	1	0.0		143	92.78
59	1	0.0		143	92.78
60	1	0.0		143	92.78
61	1	0.0056497175		143	92.78
62	1	0.0056497175		146	92.06
63	1	0.6676327		563	86.31
64	1	0.9564073		275	87.76
65	1	0.13357547		575	85.36
66	2	2000.0		569	86.24
67	2	1000.2071		206	89.91
68	2	1000.0		206	89.91
69	2	0.7629352		478	89.15
70	2	0.74931127		206	89.91
71	2	0.65667576		488	88.65
72	2	0.65667576		569	86.24
73	2	0.2231405		569	86.24
74	2	0.2231405		488	88.65
75	2	0.20983928		478	89.15
76	2	0.14740919		488	88.65
77	2	0.12537062		479	89.1
78	2	0.038417365		479	89.1
79	2	0.0		206	89.91


Run no: 1
0	1	2000.0		5024	80.5
1	1	1000.0		71	93.36
2	1	0.0		71	93.36
3	1	1.076705		146	80.9
4	1	2.0189784E-4		98	89.41
5	1	0.0		99	85.8
6	1	0.21683985		115	83.47
7	1	0.17729394		98	89.41
8	1	0.01244168		93	91.69
9	1	0.0		124	82.02
10	1	0.001211387		113	84.78
11	1	0.08214228		134	81.65
12	1	0.01244168		92	91.85
13	1	0.0		78	92.86
14	1	0.0		78	92.86
15	1	0.038880248		71	93.36
16	1	0.037728835		105	85.53
17	1	0.0		107	85.05
18	1	0.020995334		107	85.05
19	1	0.020995334		132	81.92
20	1	4.0379568E-4		113	84.78
21	1	0.02021773		105	85.53
22	1	0.0010094892		104	85.79
23	1	2.0189784E-4		93	91.69
24	1	0.0028265698		92	91.85
25	1	0.11275272		124	82.02
26	1	0.0016151827		132	81.92
27	1	0.078538105		78	92.86
28	1	2.0189784E-4		92	91.85
29	1	0.0016151827		124	82.02
30	1	2.0189784E-4		104	85.79
31	1	0.0		132	81.92
32	1	0.00777605		124	82.02
33	1	0.040293533		78	92.86
34	1	0.0		71	93.36
35	1	0.020995334		113	84.78
36	1	0.0		99	85.8
37	1	0.0		98	89.41
38	1	0.0010094892		99	85.8
39	1	0.10186625		113	84.78
40	1	2.0189784E-4		105	85.53
41	1	0.0		132	81.92
42	1	0.0		107	85.05
43	1	0.0		104	85.79
44	1	0.0		98	89.41
45	1	0.0		93	91.69
46	1	7.77605E-4		99	85.8
47	1	0.0		71	93.36
48	1	2.0189784E-4		99	85.8
49	1	0.2817249		98	89.41
50	1	0.0		93	91.69
51	1	0.0		98	89.41
52	1	0.0		124	82.02
53	1	0.0		78	92.86
54	1	0.0		92	91.85
55	1	1000.0014		71	93.36
56	1	4.0379568E-4		107	85.05
57	1	0.03732504		107	85.05
58	1	0.02021773		104	85.79
59	1	0.17729394		93	91.69
60	1	0.078538105		92	91.85
61	1	0.0		132	81.92
62	1	0.0		124	82.02
63	1	0.0		92	91.85
64	1	0.0018170805		124	82.02
65	1	7.77605E-4		104	85.79
66	1	0.0		98	89.41
67	1	0.0		93	91.69
68	1	0.2807154		99	85.8
69	1	0.001211387		107	85.05
70	1	0.0		99	85.8
71	1	0.0028265698		78	92.86
72	1	0.0		124	82.02
73	1	0.0		107	85.05
74	1	0.0		104	85.79
75	1	0.0		98	89.41
76	1	0.0		99	85.8
77	1	0.0		107	85.05
78	1	0.0010094892		93	91.69
79	1	0.008179845		132	81.92


Run no: 2
0	1	2000.0		392	82.29
1	1	1000.0		76	97.36
2	1	0.0		76	97.36
3	1	0.5222107		156	87.9
4	1	0.51654726		263	86.98
5	1	0.0		348	84.18
6	1	0.28481013		246	87.1
7	1	0.0		86	92.61
8	1	0.01128069		84	95.11
9	1	0.1592001		360	82.56
10	1	0.10203649		129	89.39
11	1	0.1438897		98	92.28
12	1	0.11571317		119	90.62
13	1	0.0995355		79	95.28
14	1	0.0641605		108	91.11
15	1	0.14715505		129	89.39
16	1	0.0		77	96.78
17	1	0.090193026		128	90.32
18	1	0.08120963		355	83.91
19	1	0.11244781		108	91.11
20	1	0.03052422		357	83.02
21	1	0.0530856		246	87.1
22	1	0.05379747		246	87.1
23	1	0.03848706		77	96.78
24	1	0.0		76	97.36
25	1	0.024245504		355	83.91
26	1	0.0		357	83.02
27	1	0.025316456		90	92.42
28	1	0.025266059		87	92.46
29	1	0.023071658		128	90.32
30	1	0.45478693		348	84.18
31	1	0.00265428		90	92.42
32	1	0.040068287		348	84.18
33	1	0.015822785		84	95.11
34	1	0.027103474		79	95.28
35	1	0.0		84	95.11
36	1	0.003164557		86	92.61
37	1	0.006329114		357	83.02
38	1	0.00796284		246	87.1
39	1	0.0		79	95.28
40	1	0.0		357	83.02
41	1	0.1658925		84	95.11
42	1	0.006329114		86	92.61
43	1	0.0		77	96.78
44	1	0.0		86	92.61
45	1	0.018783651		90	92.42
46	1	0.0		76	97.36
47	1	0.0		246	87.1
48	1	0.0		246	87.1
49	1	0.006329114		84	95.11
50	1	0.0		86	92.61
51	1	0.006329114		79	95.28
52	1	0.006329114		77	96.78
53	1	0.0		357	83.02
54	1	0.102700055		77	96.78
55	1	0.0		348	84.18
56	1	0.0		84	95.11
57	1	0.0		357	83.02
58	1	0.0		84	95.11
59	1	0.1658925		86	92.61
60	1	0.00995355		86	92.61
61	1	0.0		357	83.02
62	1	0.0		77	96.78
63	1	0.0		86	92.61
64	1	0.0		77	96.78
65	1	1000.0		76	97.36
66	1	0.0		357	83.02
67	1	0.0		357	83.02
68	1	0.0		76	97.36
69	1	0.0		246	87.1
70	1	0.0		86	92.61
71	1	0.0		77	96.78
72	1	0.03848706		76	97.36
73	1	0.0		77	96.78
74	1	0.0		357	83.02
75	1	0.0		84	95.11
76	1	0.0		77	96.78
77	1	0.0		84	95.11
78	1	0.003164557		76	97.36
79	1	0.0685514		357	83.02


Run no: 3
0	1	2000.0		3044	75.73
1	1	1000.0		73	93.5
2	1	1000.0		73	93.5
3	1	1.1840951		646	83.46
4	1	1.065968		2845	78.67
5	1	0.25913334		265	84.28
6	1	0.19019136		2967	78.4
7	1	0.17426135		2986	75.75
8	1	0.12086409		126	88.64
9	1	0.11260663		264	85.78
10	1	0.09261636		118	91.62
11	1	0.08744652		122	90.09
12	1	0.08300724		213	85.97
13	1	0.0815982		122	90.09
14	1	0.0712267		197	87.14
15	1	0.06920718		96	93.1
16	1	0.066851065		100	91.93
17	1	0.049705397		187	87.74
18	1	0.037919547		135	88.02
19	1	0.033764772		197	87.14
20	1	0.033259418		158	87.79
21	1	0.020647539		3040	75.74
22	1	0.01607757		213	85.97
23	1	0.015194148		2967	78.4
24	1	0.012943163		135	88.02
25	1	0.011028765		110	91.86
26	1	0.010692178		96	93.1
27	1	0.010692178		111	91.67
28	1	0.010692178		86	93.29
29	1	0.009329919		74	93.4
30	1	0.007741501		135	88.02
31	1	0.0063951532		2967	78.4
32	1	0.005627462		73	93.5
33	1	0.005401303		85	93.38
34	1	0.005401303		86	93.29
35	1	0.00516984		111	91.67
36	1	0.0048279497		85	93.38
37	1	0.0034816014		103	91.91
38	1	0.00336587		197	87.14
39	1	0.00336587		86	93.29
40	1	0.002813731		103	91.91
41	1	0.002813731		110	91.86
42	1	0.0024718405		100	91.93
43	1	0.002356109		110	91.86
44	1	0.0014620795		74	93.4
45	1	0.0013463481		96	93.1
46	1	0.0013463481		122	90.09
47	1	0.001009761		103	91.91
48	1	3.3658702E-4		111	91.67
49	1	3.3658702E-4		73	93.5
50	1	0.0		73	93.5
51	1	0.0		122	90.09
52	1	0.0		122	90.09
53	1	0.0		135	88.02
54	1	0.0		213	85.97
55	1	0.0		86	93.29
56	1	0.0		111	91.67
57	1	0.0		73	93.5
58	1	0.0		110	91.86
59	1	0.0		86	93.29
60	1	0.0		86	93.29
61	1	0.0		111	91.67
62	1	0.0		103	91.91
63	1	0.0		74	93.4
64	1	0.0		103	91.91
65	1	0.0		103	91.91
66	1	0.0		74	93.4
67	1	0.0		73	93.5
68	1	0.0		122	90.09
69	1	0.0		122	90.09
70	1	0.0		135	88.02
71	1	0.0		86	93.29
72	1	0.0		73	93.5
73	1	0.0		74	93.4
74	1	0.0		122	90.09
75	1	0.0		103	91.91
76	1	0.0		74	93.4
77	1	0.0		111	91.67
78	1	0.0		122	90.09
79	1	0.0		103	91.91


Run no: 4
0	1	1000.98126		2954	77.02
1	1	1000.4196		2954	77.02
2	1	1000.0007		76	99.66
3	1	1000.0		76	99.66
4	1	1.4279507		130	86.52
5	1	0.24469964		86	95.78
6	1	0.24469964		87	90.24
7	1	0.07155477		81	97.29
8	1	0.07155477		78	98.91
9	1	0.06704358		86	95.78
10	1	0.066696115		81	97.29
11	1	0.05432862		109	88.34
12	1	0.05432862		127	87.11
13	1	0.035117757		96	88.91
14	1	0.033380438		89	89.65
15	1	0.033127207		78	98.91
16	1	0.033127207		76	99.66
17	1	0.032314412		127	87.11
18	1	0.028492315		89	89.65
19	1	0.02606007		87	90.24
20	1	0.018109541		96	88.91
21	1	0.018109541		105	88.5
22	1	0.007067138		105	88.5
23	1	0.007067138		109	88.34
24	1	0.0062543433		109	88.34
25	1	0.0031271717		96	88.91
26	1	0.0031271717		105	88.5
27	1	0.0017373175		86	95.78
28	1	0.0017373175		81	97.29
29	1	0.0013898541		109	88.34
30	1	0.0013898541		105	88.5
31	1	0.0010423906		81	97.29
32	1	0.0010423906		127	87.11
33	1	0.0010423906		78	98.91
34	1	6.9492706E-4		87	90.24
35	1	6.9492706E-4		78	98.91
36	1	3.4746353E-4		87	90.24
37	1	0.0		76	99.66
38	1	0.0		78	98.91
39	1	0.0		81	97.29
40	1	0.0		76	99.66
41	1	0.0		87	90.24
42	1	0.0		89	89.65
43	1	0.0		127	87.11
44	1	0.0		109	88.34
45	1	0.0		105	88.5
46	1	0.0		109	88.34
47	1	0.0		105	88.5
48	1	0.0		96	88.91
49	1	0.0		81	97.29
50	1	0.0		105	88.5
51	1	0.0		81	97.29
52	1	0.0		76	99.66
53	1	0.0		76	99.66
54	1	0.0		87	90.24
55	1	0.0		78	98.91
56	1	0.0		109	88.34
57	1	0.0		89	89.65
58	1	0.0		76	99.66
59	1	0.0		87	90.24
60	1	0.0		105	88.5
61	1	0.0		109	88.34
62	1	0.0		109	88.34
63	1	0.0		105	88.5
64	1	0.0		105	88.5
65	1	0.0		78	98.91
66	1	0.0		87	90.24
67	1	0.0		76	99.66
68	1	0.0		78	98.91
69	1	0.0		78	98.91
70	1	0.0		109	88.34
71	1	0.0		105	88.5
72	1	0.0		78	98.91
73	1	0.0		78	98.91
74	1	0.0		87	90.24
75	1	0.0		76	99.66
76	1	0.0		87	90.24
77	1	0.0		78	98.91
78	1	0.0		87	90.24
79	1	0.0		109	88.34


Run no: 5
0	1	2000.0		72	108.55
1	1	2000.0		3321	78.43
2	1	0.09928399		3321	78.43
3	1	0.91577		247	82.65
4	1	0.8645906		2740	79.72
5	1	0.72122955		76	100.4
6	1	0.001538935		81	86.91
7	1	0.14949866		3020	78.63
8	1	0.0		87	84.54
9	1	0.07370518		82	86.76
10	1	0.07215428		2740	79.72
11	1	0.013280213		2900	79.03
12	1	0.04924592		2900	79.03
13	1	0.0		112	82.94
14	1	0.040092938		97	83.71
15	1	0.0511794		112	82.94
16	1	0.05984281		2900	79.03
17	1	0.0		112	82.94
18	1	0.013280213		88	84.39
19	1	6.15574E-4		95	83.99
20	1	0.0		95	83.99
21	1	0.0		82	86.76
22	1	0.0		81	86.91
23	1	3.07787E-4		88	84.39
24	1	0.074012965		87	84.54
25	1	0.0		88	84.39
26	1	0.0		95	83.99
27	1	0.0		81	86.91
28	1	0.0		87	84.54
29	1	0.009296149		95	83.99
30	1	0.0		88	84.39
31	1	0.00498008		87	84.54
32	1	0.0		82	86.76
33	1	0.00498008		81	86.91
34	1	0.0		112	82.94
35	1	0.0		82	86.76
36	1	0.0		87	84.54
37	1	0.0		95	83.99
38	1	0.0		95	83.99
39	1	0.0		88	84.39
40	1	0.0046168054		112	82.94
41	1	0.002154509		95	83.99
42	1	0.0		81	86.91
43	1	0.0		87	84.54
44	1	0.0		82	86.76
45	1	0.00498008		88	84.39
46	1	0.0		87	84.54
47	1	0.0		81	86.91
48	1	3.07787E-4		82	86.76
49	1	0.0		81	86.91
50	1	0.0		87	84.54
51	1	0.0		82	86.76
52	1	0.0		82	86.76
53	1	0.0		95	83.99
54	1	0.02556441		112	82.94
55	1	0.0		88	84.39
56	1	0.0		87	84.54
57	1	0.002154509		88	84.39
58	1	0.0		95	83.99
59	1	0.0		95	83.99
60	1	0.44787517		81	86.91
61	1	0.001538935		87	84.54
62	1	0.0		82	86.76
63	1	0.0		87	84.54
64	1	0.0		82	86.76
65	1	0.0		95	83.99
66	1	0.0		88	84.39
67	1	0.0		82	86.76
68	1	0.0		82	86.76
69	1	0.0		87	84.54
70	1	0.0		82	86.76
71	1	0.0		81	86.91
72	1	0.0		87	84.54
73	1	0.0		87	84.54
74	1	0.0		87	84.54
75	1	0.0		81	86.91
76	1	0.0		87	84.54
77	1	0.013280213		95	83.99
78	1	3.07787E-4		81	86.91
79	1	0.0065190145		82	86.76


Run no: 6
0	1	1000.0		68	80.85
1	1	1000.0		112	79.3
2	1	0.0		68	80.85
3	1	0.0		112	79.3
4	1	1.231525		103	79.37
5	1	1.1857771		95	80.61
6	1	0.025806451		71	80.79
7	1	0.090322584		90	80.75
8	1	0.20454545		112	79.3
9	1	0.0		90	80.75
10	1	0.0		71	80.79
11	1	0.0		112	79.3
12	1	0.4318182		71	80.79
13	1	0.0		68	80.85
14	1	0.4318182		90	80.75
15	1	0.0		71	80.79
16	1	0.038709678		68	80.85
17	1	0.038709678		71	80.79
18	1	0.0		90	80.75
19	1	0.0		90	80.75
20	1	0.0		68	80.85
21	1	0.06818182		71	80.79
22	1	0.11363637		90	80.75
23	1	0.0		68	80.85
24	1	1000.04517		112	79.3
25	1	0.0		71	80.79
26	1	0.0		68	80.85
27	1	0.025806451		90	80.75
28	1	0.0		68	80.85
29	1	0.0		68	80.85
30	1	0.0		68	80.85
31	1	0.0		68	80.85
32	1	0.0		68	80.85
33	1	0.0		68	80.85
34	1	0.0		68	80.85
35	1	0.0		68	80.85
36	1	0.0		68	80.85
37	1	0.0		68	80.85
38	1	0.0		68	80.85
39	1	0.0		68	80.85
40	1	0.0		68	80.85
41	1	0.0		68	80.85
42	1	0.0		68	80.85
43	1	0.0		68	80.85
44	1	0.0		68	80.85
45	1	0.0		68	80.85
46	1	0.0		68	80.85
47	1	0.0		68	80.85
48	1	0.0		68	80.85
49	1	0.0		68	80.85
50	1	0.0		68	80.85
51	1	0.0		68	80.85
52	1	0.0		68	80.85
53	1	0.0		68	80.85
54	1	0.0		68	80.85
55	1	0.0		68	80.85
56	1	0.0		68	80.85
57	1	0.0		68	80.85
58	1	0.0		68	80.85
59	1	0.0		68	80.85
60	1	0.0		68	80.85
61	1	0.0		68	80.85
62	1	0.0		68	80.85
63	1	0.0		68	80.85
64	1	0.0		68	80.85
65	1	0.0		68	80.85
66	1	0.0		68	80.85
67	1	0.0		68	80.85
68	1	0.0		68	80.85
69	1	0.0		68	80.85
70	1	0.0		68	80.85
71	1	0.0		68	80.85
72	1	0.0		68	80.85
73	1	0.0		68	80.85
74	1	0.0		68	80.85
75	1	0.0		68	80.85
76	1	0.0		68	80.85
77	1	0.0		68	80.85
78	1	0.0		68	80.85
79	1	1000.0682		68	80.85


Run no: 7
0	1	2000.0		470	83.5
1	1	0.4160401		449	83.65
2	1	0.32786512		432	85.07
3	1	0.34267488		435	85.05
4	1	0.2734108		437	84.27
5	1	0.0		437	84.27
6	1	0.36773753		437	84.27
7	1	0.9134199		432	85.07
8	1	0.007518797		435	85.05
9	1	0.0		435	85.05
10	1	0.0		435	85.05
11	1	0.0		435	85.05
12	1	0.0		435	85.05
13	1	0.0		435	85.05
14	1	0.008658009		435	85.05
15	1	2000.0		71	85.81
16	2	2000.0		78	98.58
17	2	1000.0008		420	85.84
18	2	1000.0		420	85.84
19	2	0.9199693		164	86.68
20	2	0.73976606		417	85.85
21	2	0.5627943		78	98.58
22	2	0.5627943		84	91.41
23	2	0.1458408		91	88.66
24	2	0.12829693		90	90.22
25	2	0.1130895		130	88.32
26	2	0.1130895		137	87.14
27	2	0.09770764		130	88.32
28	2	0.09770764		99	88.41
29	2	0.078947365		137	87.14
30	2	0.065149136		417	85.85
31	2	0.057084102		85	91.16
32	2	0.054160126		88	90.47
33	2	0.043015048		99	88.41
34	2	0.03610675		137	87.14
35	2	0.028395163		85	91.16
36	2	0.028395163		88	90.47
37	2	0.02254721		91	88.66
38	2	0.019623233		90	90.22
39	2	0.019623233		84	91.41
40	2	0.01754386		84	91.41
41	2	0.01754386		78	98.58
42	2	0.00877193		417	85.85
43	2	0.00877193		420	85.84
44	2	0.0058479533		88	90.47
45	2	0.0029239766		90	90.22
46	2	0.0029239766		84	91.41
47	2	7.849294E-4		417	85.85
48	2	0.0		417	85.85
49	2	0.0		84	91.41
50	2	0.0		88	90.47
51	2	0.0		88	90.47
52	2	0.0		78	98.58
53	2	0.0		420	85.84
54	2	0.0		88	90.47
55	2	0.0		417	85.85
56	2	0.0		90	90.22
57	2	0.0		90	90.22
58	2	0.0		84	91.41
59	2	0.0		78	98.58
60	2	0.0		78	98.58
61	2	0.0		91	88.66
62	2	0.0		417	85.85
63	2	0.0		420	85.84
64	2	0.0		88	90.47
65	2	0.0		84	91.41
66	2	0.0		84	91.41
67	2	0.0		78	98.58
68	2	0.0		88	90.47
69	2	0.0		84	91.41
70	2	0.0		420	85.84
71	2	0.0		78	98.58
72	2	0.0		90	90.22
73	2	0.0		417	85.85
74	2	0.0		420	85.84
75	2	0.0		88	90.47
76	2	0.0		84	91.41
77	2	0.0		78	98.58
78	2	0.0		84	91.41
79	2	0.0		88	90.47


Run no: 8
0	1	2000.0		4855	74.92
1	1	1000.0002		83	90.64
2	1	1000.0		83	90.64
3	1	1.2501632		2962	77.8
4	1	1.0669075		374	84.02
5	1	0.54665893		3717	75.38
6	1	0.26249015		4833	75.37
7	1	0.14095369		262	86.09
8	1	0.12890291		366	86.02
9	1	0.11026045		84	90.37
10	1	0.11005089		86	88.64
11	1	0.07824428		88	87.32
12	1	0.066793896		86	88.64
13	1	0.066793896		87	87.59
14	1	0.036462698		88	87.32
15	1	0.026246725		366	86.02
16	1	0.017175572		87	87.59
17	1	0.017175572		88	87.32
18	1	0.017175572		83	90.64
19	1	0.017175572		84	90.37
20	1	0.005246359		4833	75.37
21	1	4.191115E-4		84	90.37
22	1	4.191115E-4		86	88.64
23	1	2.0955574E-4		88	87.32
24	1	2.0955574E-4		87	87.59
25	1	2.0955574E-4		86	88.64
26	1	2.0955574E-4		87	87.59
27	1	0.0		83	90.64
28	1	0.0		86	88.64
29	1	0.0		87	87.59
30	1	0.0		84	90.37
31	1	0.0		83	90.64
32	1	0.0		84	90.37
33	1	0.0		86	88.64
34	1	0.0		87	87.59
35	1	0.0		87	87.59
36	1	0.0		84	90.37
37	1	0.0		86	88.64
38	1	0.0		83	90.64
39	1	0.0		84	90.37
40	1	0.0		86	88.64
41	1	0.0		86	88.64
42	1	0.0		84	90.37
43	1	0.0		83	90.64
44	1	0.0		84	90.37
45	1	0.0		87	87.59
46	1	0.0		83	90.64
47	1	0.0		87	87.59
48	1	0.0		86	88.64
49	1	0.0		87	87.59
50	1	0.0		83	90.64
51	1	0.0		84	90.37
52	1	0.0		83	90.64
53	1	0.0		83	90.64
54	1	0.0		84	90.37
55	1	0.0		86	88.64
56	1	0.0		83	90.64
57	1	0.0		86	88.64
58	1	0.0		86	88.64
59	1	0.0		84	90.37
60	1	0.0		84	90.37
61	1	0.0		83	90.64
62	1	0.0		87	87.59
63	1	0.0		84	90.37
64	1	0.0		87	87.59
65	1	0.0		86	88.64
66	1	0.0		84	90.37
67	1	0.0		83	90.64
68	1	0.0		83	90.64
69	1	0.0		83	90.64
70	1	0.0		86	88.64
71	1	0.0		86	88.64
72	1	0.0		84	90.37
73	1	0.0		83	90.64
74	1	0.0		84	90.37
75	1	0.0		84	90.37
76	1	0.0		83	90.64
77	1	0.0		84	90.37
78	1	0.0		83	90.64
79	1	0.0		84	90.37


Run no: 9
0	1	2000.0		2343	78.53
1	1	2000.0		66	91.78
2	1	0.0		66	91.78
3	1	1.3027744		2184	79.39
4	1	0.27168518		131	82.92
5	1	0.40304837		79	90.46
6	1	0.0		97	86.62
7	1	0.14387782		100	83.61
8	1	0.0		99	85.11
9	1	0.0		98	85.12
10	1	0.0		97	86.62
11	1	0.0		66	91.78
12	1	0.9016249		131	82.92
13	1	0.0		119	83.32
14	1	0.03018868		119	83.32
15	1	0.0052700923		119	83.32
16	1	0.2898113		97	86.62
17	1	0.0		66	91.78
18	1	0.03018868		131	82.92
19	1	0.0		119	83.32
20	1	4.3917436E-4		99	85.11
21	1	0.0		98	85.12
22	1	7.54717E-4		98	85.12
23	1	4.3917436E-4		98	85.12
24	1	0.0		66	91.78
25	1	0.0		97	86.62
26	1	0.0		97	86.62
27	1	0.0		99	85.11
28	1	0.0		119	83.32
29	1	0.0		119	83.32
30	1	0.0		66	91.78
31	1	0.0		119	83.32
32	1	0.0		99	85.11
33	1	0.0		98	85.12
34	1	0.0011938914		99	85.11
35	1	0.0		98	85.12
36	1	0.11320755		97	86.62
37	1	0.0		97	86.62
38	1	0.0		119	83.32
39	1	0.0		66	91.78
40	1	0.0		119	83.32
41	1	0.0		119	83.32
42	1	0.0		98	85.12
43	1	0.0		99	85.11
44	1	0.0		98	85.12
45	1	0.0		66	91.78
46	1	4.3917436E-4		97	86.62
47	1	0.007905139		97	86.62
48	1	0.008344313		119	83.32
49	1	0.0		66	91.78
50	1	0.0		66	91.78
51	1	0.0		98	85.12
52	1	0.0		66	91.78
53	1	0.0		97	86.62
54	1	0.0		119	83.32
55	1	0.11320755		99	85.11
56	1	0.0		119	83.32
57	1	0.0		97	86.62
58	1	0.0		98	85.12
59	1	0.0		66	91.78
60	1	0.0		119	83.32
61	1	0.0		99	85.11
62	1	0.0		98	85.12
63	1	0.0		97	86.62
64	1	0.099622644		66	91.78
65	1	0.0		97	86.62
66	1	0.0		98	85.12
67	1	0.0		119	83.32
68	1	0.0		97	86.62
69	1	0.0		119	83.32
70	1	0.0		119	83.32
71	1	0.0		99	85.11
72	1	0.0		97	86.62
73	1	0.0		66	91.78
74	1	0.0		66	91.78
75	1	0.021886792		119	83.32
76	1	0.0		97	86.62
77	1	0.0057092668		66	91.78
78	1	0.0		98	85.12
79	1	0.11364672		98	85.12


Run no: 10
0	1	1000.0479		3776	76.17
1	1	1000.0194		3776	76.17
2	1	1000.0		70	100.17
3	1	1000.0		70	100.17
4	1	1.0496069		3704	77.32
5	1	0.9822623		510	80.21
6	1	0.2641887		105	87.12
7	1	0.19745234		76	95.47
8	1	0.19583334		70	100.17
9	1	0.1497522		311	84.86
10	1	0.11701183		104	89.86
11	1	0.076619		82	93.67
12	1	0.075		76	95.47
13	1	0.072698325		87	92.17
14	1	0.061666667		93	90.69
15	1	0.054166667		82	93.67
16	1	0.054166667		83	92.37
17	1	0.048138827		323	83.36
18	1	0.048138827		316	84.47
19	1	0.038316242		510	80.21
20	1	0.038316242		368	80.66
21	1	0.036325328		96	89.87
22	1	0.036079332		342	80.84
23	1	0.035		338	81.68
24	1	0.034166668		93	90.69
25	1	0.0275		338	81.68
26	1	0.0275		329	82.34
27	1	0.026519833		323	83.36
28	1	0.026519833		324	82.73
29	1	0.01875		368	80.66
30	1	0.01875		510	80.21
31	1	0.017599164		316	84.47
32	1	0.017599164		329	82.34
33	1	0.017599164		311	84.86
34	1	0.01625		324	82.73
35	1	0.008825328		342	80.84
36	1	0.008825328		350	80.68
37	1	0.008333334		83	92.37
38	1	0.0056903223		350	80.68
39	1	0.0056903223		368	80.66
40	1	0.0024284944		329	82.34
41	1	0.0024284944		338	81.68
42	1	0.0016189963		76	95.47
43	1	0.0016189963		93	90.69
44	1	0.0016189963		70	100.17
45	1	0.0013491635		324	82.73
46	1	0.0010793308		338	81.68
47	1	0.0010793308		83	92.37
48	1	8.0949813E-4		96	89.87
49	1	8.0949813E-4		93	90.69
50	1	4.1666668E-4		96	89.87
51	1	2.698327E-4		82	93.67
52	1	2.698327E-4		83	92.37
53	1	0.0		76	95.47
54	1	0.0		83	92.37
55	1	0.0		82	93.67
56	1	0.0		323	83.36
57	1	0.0		96	89.87
58	1	0.0		368	80.66
59	1	0.0		316	84.47
60	1	0.0		311	84.86
61	1	0.0		324	82.73
62	1	0.0		342	80.84
63	1	0.0		316	84.47
64	1	0.0		76	95.47
65	1	0.0		329	82.34
66	1	0.0		350	80.68
67	1	0.0		93	90.69
68	1	0.0		70	100.17
69	1	0.0		82	93.67
70	1	0.0		311	84.86
71	1	0.0		338	81.68
72	1	0.0		316	84.47
73	1	0.0		311	84.86
74	1	0.0		329	82.34
75	1	0.0		329	82.34
76	1	0.0		338	81.68
77	1	0.0		350	80.68
78	1	0.0		83	92.37
79	1	0.0		311	84.86


Run no: 11
0	1	1000.34155		3964	73.53
1	1	1000.0		76	94.0
2	1	0.0		76	94.0
3	1	1.2267519		2636	75.22
4	1	0.80262834		655	81.22
5	1	1000.0826		3964	73.53
6	1	0.19441667		655	81.22
7	1	0.23879595		222	82.92
8	1	0.075592786		89	86.7
9	1	0.0		82	90.73
10	1	0.0		81	92.23
11	1	0.0		76	94.0
12	1	0.19867389		89	86.7
13	1	2.5720164E-4		82	90.73
14	1	0.0		81	92.23
15	1	0.073277965		98	85.2
16	1	0.041035663		209	83.76
17	1	0.0038580247		113	84.92
18	1	0.013190034		126	84.09
19	1	0.03746889		172	83.82
20	1	0.0		113	84.92
21	1	0.0038580247		98	85.2
22	1	0.0		126	84.09
23	1	0.0		209	83.76
24	1	0.0033436215		126	84.09
25	1	0.0		113	84.92
26	1	0.0023148148		98	85.2
27	1	0.009516461		209	83.76
28	1	0.05237842		126	84.09
29	1	0.0033436215		113	84.92
30	1	0.0		98	85.2
31	1	0.0		81	92.23
32	1	0.0		76	94.0
33	1	0.0012860083		81	92.23
34	1	0.19687347		82	90.73
35	1	1000.0		76	94.0
36	1	0.0018004115		82	90.73
37	1	0.0		209	83.76
38	1	0.0		76	94.0
39	1	0.0		81	92.23
40	1	0.013678554		98	85.2
41	1	0.0		82	90.73
42	1	0.040547144		113	84.92
43	1	0.0		98	85.2
44	1	0.0		209	83.76
45	1	0.0033436215		209	83.76
46	1	0.0		126	84.09
47	1	0.0		81	92.23
48	1	0.086468		76	94.0
49	1	0.0		81	92.23
50	1	0.0		76	94.0
51	1	0.0		82	90.73
52	1	0.073277965		81	92.23
53	1	0.0		81	92.23
54	1	0.0		82	90.73
55	1	0.0		113	84.92
56	1	0.0029311187		209	83.76
57	1	0.0		113	84.92
58	1	0.0		113	84.92
59	1	0.0		82	90.73
60	1	0.0		81	92.23
61	1	0.0		76	94.0
62	1	0.0		82	90.73
63	1	0.0		76	94.0
64	1	0.0		82	90.73
65	1	0.0		113	84.92
66	1	0.0		98	85.2
67	1	0.0		82	90.73
68	1	0.0		82	90.73
69	1	0.0		76	94.0
70	1	0.0		76	94.0
71	1	0.0		81	92.23
72	1	0.013678554		113	84.92
73	1	0.0		82	90.73
74	1	0.0		82	90.73
75	1	0.0		76	94.0
76	1	0.0		82	90.73
77	1	0.0012860083		76	94.0
78	1	0.073277965		82	90.73
79	1	0.086725205		81	92.23


Run no: 12
0	1	2000.0		4274	79.85
1	1	1000.00165		68	88.61
2	1	1000.0		68	88.61
3	1	1.0739208		857	81.54
4	1	0.31426892		92	84.69
5	1	0.27801445		81	85.92
6	1	0.22368404		660	83.12
7	1	0.17518027		75	87.09
8	1	0.17351598		68	88.61
9	1	0.14302628		92	84.69
10	1	0.13504517		660	83.12
11	1	0.13498817		75	87.09
12	1	0.11653281		847	82.12
13	1	0.11415525		660	83.12
14	1	0.11067034		847	82.12
15	1	0.0		68	88.61
16	1	0.0		660	83.12
17	1	0.0		660	83.12
18	1	0.0		68	88.61
19	1	0.0		68	88.61
20	1	0.0		660	83.12
21	1	0.0		68	88.61
22	1	0.0		68	88.61
23	1	0.0		68	88.61
24	1	0.0		68	88.61
25	1	0.0		68	88.61
26	1	0.0		68	88.61
27	1	0.0		68	88.61
28	1	0.0		68	88.61
29	1	0.0		68	88.61
30	1	0.0		68	88.61
31	1	0.0		68	88.61
32	1	0.0		68	88.61
33	1	0.0		68	88.61
34	1	0.0		68	88.61
35	1	0.0		68	88.61
36	1	0.0		68	88.61
37	1	0.0		68	88.61
38	1	0.0		68	88.61
39	1	0.0		68	88.61
40	1	0.0		68	88.61
41	1	0.0		68	88.61
42	1	0.0		68	88.61
43	1	0.0		68	88.61
44	1	0.0		68	88.61
45	1	0.0		68	88.61
46	1	0.0		68	88.61
47	1	0.0		68	88.61
48	1	0.0		68	88.61
49	1	0.0		68	88.61
50	1	0.0		68	88.61
51	1	0.0		68	88.61
52	1	0.0		68	88.61
53	1	0.0		68	88.61
54	1	0.0		68	88.61
55	1	0.0		68	88.61
56	1	0.0		68	88.61
57	1	0.0		68	88.61
58	1	0.0		68	88.61
59	1	0.0		68	88.61
60	1	0.0		68	88.61
61	1	0.0		68	88.61
62	1	0.0		68	88.61
63	1	0.0		68	88.61
64	1	0.0		68	88.61
65	1	0.0		68	88.61
66	1	0.0		68	88.61
67	1	0.0		68	88.61
68	1	0.0		68	88.61
69	1	0.0		68	88.61
70	1	0.0		68	88.61
71	1	0.0		68	88.61
72	1	0.0		68	88.61
73	1	0.0		68	88.61
74	1	0.0		68	88.61
75	1	0.0		68	88.61
76	1	0.0		68	88.61
77	1	0.0		68	88.61
78	1	0.0		68	88.61
79	1	0.0		68	88.61


Run no: 13
0	1	2000.0		4310	79.18
1	1	1000.0		65	86.2
2	1	0.0		65	86.2
3	1	0.86976737		3731	82.06
4	1	0.85031766		327	82.4
5	1	0.54665214		3741	81.94
6	1	0.37298983		150	83.1
7	1	0.23157863		74	84.6
8	1	0.0		68	86.1
9	1	0.0		71	84.7
10	1	0.14141122		327	82.4
11	1	0.0		74	84.6
12	1	0.0		68	86.1
13	1	0.0		65	86.2
14	1	0.0		71	84.7
15	1	0.0		74	84.6
16	1	0.0		68	86.1
17	1	0.0		71	84.7
18	1	0.0		71	84.7
19	1	0.0		74	84.6
20	1	0.0		65	86.2
21	1	0.1994302		68	86.1
22	1	0.0		71	84.7
23	1	0.0		74	84.6
24	1	0.0		74	84.6
25	1	0.0		71	84.7
26	1	0.014245015		65	86.2
27	1	7.0671376E-4		68	86.1
28	1	0.0		74	84.6
29	1	0.014245015		71	84.7
30	1	0.0		71	84.7
31	1	0.0		68	86.1
32	1	0.014245015		68	86.1
33	1	0.0		65	86.2
34	1	0.0		71	84.7
35	1	0.0		74	84.6
36	1	0.0		68	86.1
37	1	0.0		71	84.7
38	1	0.0		65	86.2
39	1	0.0		68	86.1
40	1	0.0		65	86.2
41	1	0.0		65	86.2
42	1	0.0		68	86.1
43	1	7.0671376E-4		74	84.6
44	1	0.0		65	86.2
45	1	0.0		68	86.1
46	1	0.0		74	84.6
47	1	0.0		71	84.7
48	1	0.0		68	86.1
49	1	0.0		65	86.2
50	1	0.0		68	86.1
51	1	0.0		71	84.7
52	1	0.0		74	84.6
53	1	0.0		71	84.7
54	1	0.0		65	86.2
55	1	0.0		71	84.7
56	1	7.0671376E-4		71	84.7
57	1	0.0		65	86.2
58	1	0.0		74	84.6
59	1	0.014245015		74	84.6
60	1	1000.0		65	86.2
61	1	0.0		71	84.7
62	1	0.0		68	86.1
63	1	0.0		68	86.1
64	1	0.0		71	84.7
65	1	0.0		71	84.7
66	1	0.0		65	86.2
67	1	0.0		65	86.2
68	1	0.0		68	86.1
69	1	0.0		65	86.2
70	1	0.0		68	86.1
71	1	0.0		65	86.2
72	1	7.0671376E-4		65	86.2
73	1	0.0		68	86.1
74	1	0.0		71	84.7
75	1	0.0		71	84.7
76	1	0.0		68	86.1
77	1	0.0		71	84.7
78	1	7.0671376E-4		68	86.1
79	1	0.20013691		71	84.7


Run no: 14
0	1	2000.0		5074	77.23
1	1	1000.0		67	89.75
2	1	0.0		67	89.75
3	1	1.145363		222	77.47
4	1	0.98821265		5033	77.24
5	1	0.0		82	83.07
6	1	0.0		67	89.75
7	1	0.2917347		102	80.39
8	1	0.0		82	83.07
9	1	0.14936103		138	79.34
10	1	0.08246937		119	79.51
11	1	0.017372962		135	79.44
12	1	0.016776513		138	79.34
13	1	0.2140575		82	83.07
14	1	0.0		67	89.75
15	1	5.991612E-4		138	79.34
16	1	0.0		67	89.75
17	1	0.0		82	83.07
18	1	0.0		67	89.75
19	1	0.0		82	83.07
20	1	0.0		138	79.34
21	1	0.0		138	79.34
22	1	0.0		82	83.07
23	1	0.0039944076		82	83.07
24	1	0.0		67	89.75
25	1	0.0		67	89.75
26	1	0.0		82	83.07
27	1	0.0		67	89.75
28	1	0.0		67	89.75
29	1	0.0		82	83.07
30	1	0.0		82	83.07
31	1	0.0		82	83.07
32	1	0.0		67	89.75
33	1	0.0		82	83.07
34	1	0.5335463		67	89.75
35	1	0.0		82	83.07
36	1	0.0		82	83.07
37	1	0.0		138	79.34
38	1	0.0		67	89.75
39	1	0.0029958058		82	83.07
40	1	0.0		82	83.07
41	1	0.0		82	83.07
42	1	0.0		82	83.07
43	1	0.0		67	89.75
44	1	0.0		67	89.75
45	1	0.0		67	89.75
46	1	0.0		67	89.75
47	1	0.0		82	83.07
48	1	0.0		82	83.07
49	1	0.0		82	83.07
50	1	0.0		67	89.75
51	1	0.0		67	89.75
52	1	0.0		82	83.07
53	1	0.0		82	83.07
54	1	0.0		82	83.07
55	1	0.0		82	83.07
56	1	0.0		82	83.07
57	1	0.0		82	83.07
58	1	0.0		67	89.75
59	1	0.0		67	89.75
60	1	0.0		82	83.07
61	1	0.0		138	79.34
62	1	0.0		82	83.07
63	1	0.0		82	83.07
64	1	0.0		82	83.07
65	1	0.0		82	83.07
66	1	0.0		82	83.07
67	1	0.0		82	83.07
68	1	0.0		82	83.07
69	1	0.0		67	89.75
70	1	0.0		67	89.75
71	1	0.0		82	83.07
72	1	0.0		82	83.07
73	1	0.0		67	89.75
74	1	0.0		138	79.34
75	1	0.007987221		138	79.34
76	1	0.0		67	89.75
77	1	0.5335463		82	83.07
78	1	0.0		67	89.75
79	1	1000.003		67	89.75


Run no: 15
0	1	1000.0		639	83.89
1	1	1000.0216		69	100.53
2	1	1000.0		639	83.89
3	1	0.0		69	100.53
4	1	0.038596492		130	87.99
5	1	0.0		504	87.62
6	1	0.3046875		95	89.83
7	1	0.0		94	94.9
8	1	0.016080465		567	84.07
9	1	0.0		639	83.89
10	1	0.013822115		91	95.85
11	1	0.0		88	97.57
12	1	0.0106233135		104	88.08
13	1	0.003508772		102	89.59
14	1	0.090473175		521	85.23
15	1	0.10687415		88	97.57
16	1	0.08769189		86	99.0
17	1	0.08027581		536	84.29
18	1	0.088912785		85	99.07
19	1	0.06760712		564	84.13
20	1	0.005263158		72	100.17
21	1	0.0		510	86.16
22	1	0.01432608		507	87.14
23	1	0.001754386		94	94.9
24	1	0.013822115		92	95.62
25	1	0.0018028846		130	87.99
26	1	0.04220226		108	88.02
27	1	0.0		513	85.86
28	1	0.038577512		531	84.88
29	1	0.037860576		513	85.86
30	1	0.022691043		531	84.88
31	1	0.005961117		85	99.07
32	1	0.0		72	100.17
33	1	0.005263158		534	84.59
34	1	1000.0		69	100.53
35	1	0.0		72	100.17
36	1	0.021537619		534	84.59
37	1	0.022235576		504	87.62
38	1	0.0		505	87.32
39	1	0.023292005		510	86.16
40	1	0.012280702		102	89.59
41	1	0.0		92	95.62
42	1	0.014423077		95	89.83
43	1	0.06415739		507	87.14
44	1	0.005263158		91	95.85
45	1	0.012571693		505	87.32
46	1	0.012280702		95	89.83
47	1	0.014423077		102	89.59
48	1	0.12992156		567	84.07
49	1	0.0077155028		86	99.0
50	1	0.094253965		104	88.08
51	1	0.0		108	88.02
52	1	0.10511977		91	95.85
53	1	0.021634616		72	100.17
54	1	0.06415739		510	86.16
55	1	0.0		507	87.14
56	1	0.09120066		88	97.57
57	1	0.005263158		513	85.86
58	1	0.005263158		69	100.53
59	1	0.0		85	99.07
60	1	0.0088204285		108	88.02
61	1	0.043269232		94	94.9
62	1	0.045023616		92	95.62
63	1	0.017427884		534	84.59
64	1	0.021537619		505	87.32
65	1	0.019783232		504	87.62
66	1	0.12631579		639	83.89
67	1	0.6561403		504	87.62
68	1	0.6783759		130	87.99
69	1	0.30819628		94	94.9
70	1	0.001754386		95	89.83
71	1	0.0		567	84.07
72	1	0.010817308		639	83.89
73	1	0.0		88	97.57
74	1	0.090745196		102	89.59
75	1	0.088912785		72	100.17
76	1	0.0		510	86.16
77	1	0.0		507	87.14
78	1	0.003508772		92	95.62
79	1	0.032063935		513	85.86


Run no: 16
0	1	2000.0		3302	77.62
1	1	1000.0		74	97.83
2	1	1000.0		74	97.83
3	1	1.2073448		3249	81.76
4	1	1.0122024		149	82.28
5	1	0.3260762		74	97.83
6	1	0.3260762		83	91.24
7	1	0.26521525		83	91.24
8	1	0.26521525		85	85.88
9	1	0.07484026		92	83.38
10	1	0.07422068		89	84.88
11	1	0.0479358		89	84.88
12	1	0.047006432		88	85.83
13	1	0.04484649		96	82.53
14	1	0.04156358		94	83.37
15	1	0.01425031		103	82.52
16	1	0.011875309		103	82.52
17	1	0.0027881041		83	91.24
18	1	0.0027881041		74	97.83
19	1	0.0024740228		85	85.88
20	1	0.0024740228		88	85.83
21	1	0.0021685255		103	82.52
22	1	0.0011143832		94	83.37
23	1	9.29368E-4		88	85.83
24	1	9.29368E-4		92	83.38
25	1	9.29368E-4		85	85.88
26	1	6.195787E-4		94	83.37
27	1	6.195787E-4		85	85.88
28	1	6.195787E-4		83	91.24
29	1	4.948045E-4		92	83.38
30	1	4.948045E-4		103	82.52
31	1	3.0978935E-4		89	84.88
32	1	3.0978935E-4		88	85.83
33	1	0.0		74	97.83
34	1	0.0		74	97.83
35	1	0.0		83	91.24
36	1	0.0		85	85.88
37	1	0.0		89	84.88
38	1	0.0		88	85.83
39	1	0.0		74	97.83
40	1	0.0		103	82.52
41	1	0.0		92	83.38
42	1	0.0		88	85.83
43	1	0.0		85	85.88
44	1	0.0		89	84.88
45	1	0.0		85	85.88
46	1	0.0		83	91.24
47	1	0.0		92	83.38
48	1	0.0		92	83.38
49	1	0.0		88	85.83
50	1	0.0		89	84.88
51	1	0.0		83	91.24
52	1	0.0		83	91.24
53	1	0.0		92	83.38
54	1	0.0		89	84.88
55	1	0.0		103	82.52
56	1	0.0		92	83.38
57	1	0.0		88	85.83
58	1	0.0		85	85.88
59	1	0.0		103	82.52
60	1	0.0		89	84.88
61	1	0.0		88	85.83
62	1	0.0		89	84.88
63	1	0.0		88	85.83
64	1	0.0		74	97.83
65	1	0.0		85	85.88
66	1	0.0		103	82.52
67	1	0.0		92	83.38
68	1	0.0		85	85.88
69	1	0.0		83	91.24
70	1	0.0		89	84.88
71	1	0.0		83	91.24
72	1	0.0		88	85.83
73	1	0.0		103	82.52
74	1	0.0		83	91.24
75	1	0.0		88	85.83
76	1	0.0		89	84.88
77	1	0.0		92	83.38
78	1	0.0		85	85.88
79	1	0.0		92	83.38


Run no: 17
0	1	2000.0		71	95.37
1	1	2000.0		2407	84.24
2	1	0.9740735		2407	84.24
3	1	1.1632282		247	84.79
4	1	0.39439216		227	86.8
5	1	0.3904548		224	89.07
6	1	0.18521728		209	91.06
7	1	0.11531065		111	94.2
8	1	0.116594896		102	95.35
9	1	8.561644E-4		156	92.01
10	1	0.08355795		150	92.94
11	1	0.06854276		111	94.2
12	1	0.07090472		196	91.6
13	1	0.04043127		139	93.48
14	1	0.0055650687		209	91.06
15	1	0.053226426		143	93.03
16	1	0.011986301		139	93.48
17	1	0.0		158	91.91
18	1	0.0		163	91.63
19	1	0.005649685		102	95.35
20	1	0.0		163	91.63
21	1	0.0		139	93.48
22	1	0.0		158	91.91
23	1	0.0		156	92.01
24	1	0.0029965753		150	92.94
25	1	0.008086253		150	92.94
26	1	0.0026954177		163	91.63
27	1	0.0		156	92.01
28	1	0.0		150	92.94
29	1	0.0		163	91.63
30	1	0.0		139	93.48
31	1	0.008984726		156	92.01
32	1	0.0025684931		150	92.94
33	1	0.0		139	93.48
34	1	8.561644E-4		158	91.91
35	1	0.002140411		163	91.63
36	1	0.0		156	92.01
37	1	0.008984726		158	91.91
38	1	0.0		150	92.94
39	1	0.0		156	92.01
40	1	0.0		150	92.94
41	1	0.0		150	92.94
42	1	0.0		139	93.48
43	1	0.027297644		158	91.91
44	1	0.0		150	92.94
45	1	0.0		139	93.48
46	1	0.0		139	93.48
47	1	0.0		150	92.94
48	1	0.0		156	92.01
49	1	0.0		156	92.01
50	1	0.0		139	93.48
51	1	0.0		139	93.48
52	1	0.0025684931		156	92.01
53	1	0.0		139	93.48
54	1	0.0		139	93.48
55	1	0.0		150	92.94
56	1	0.0		139	93.48
57	1	0.0		139	93.48
58	1	0.0		150	92.94
59	1	0.0		150	92.94
60	1	0.0		156	92.01
61	1	0.0		209	91.06
62	1	0.0		139	93.48
63	1	0.0		150	92.94
64	1	0.0		139	93.48
65	1	0.0		139	93.48
66	1	0.0		150	92.94
67	1	0.0		150	92.94
68	1	0.0		158	91.91
69	1	0.0		150	92.94
70	1	0.0		139	93.48
71	1	0.014126712		163	91.63
72	1	0.0		150	92.94
73	1	0.0		150	92.94
74	1	0.04851752		209	91.06
75	1	0.0		156	92.01
76	1	0.025157232		163	91.63
77	1	0.0		156	92.01
78	1	0.08355795		156	92.01
79	1	0.06640235		139	93.48


Run no: 18
0	1	1000.06726		2433	80.17
1	1	1000.002		2433	80.17
2	1	1000.0		69	99.82
3	1	0.0		69	99.82
4	1	1.0895177		2153	80.27
5	1	1.0490074		573	87.48
6	1	0.16582064		143	89.24
7	1	0.0		88	95.24
8	1	0.0		85	99.0
9	1	0.0		535	89.22
10	1	0.12353238		2274	80.21
11	1	0.015228426		107	91.66
12	1	0.002538071		89	95.19
13	1	0.08795482		95	93.47
14	1	0.06724855		96	92.24
15	1	0.002538071		95	93.47
16	1	0.05232495		542	88.92
17	1	0.015267176		557	87.95
18	1	0.0038071065		76	99.64
19	1	0.0		85	99.0
20	1	4.2301184E-4		96	92.24
21	1	0.0		107	91.66
22	1	0.010343446		561	87.65
23	1	0.021612354		542	88.92
24	1	0.015267176		535	89.22
25	1	0.0		557	87.95
26	1	0.0		143	89.24
27	1	0.123155214		107	91.66
28	1	0.0		76	99.64
29	1	0.0		69	99.82
30	1	0.0		561	87.65
31	1	0.0016920473		557	87.95
32	1	0.0		96	92.24
33	1	0.0		107	91.66
34	1	0.009160305		76	99.64
35	1	0.03637708		85	99.0
36	1	0.16582064		535	89.22
37	1	0.0		76	99.64
38	1	0.009160305		69	99.82
39	1	0.0		88	95.24
40	1	0.0		89	95.19
41	1	0.06259542		95	93.47
42	1	0.087531805		89	95.19
43	1	0.020343317		561	87.65
44	1	0.0		88	95.24
45	1	0.0		85	99.0
46	1	0.0029610828		535	89.22
47	1	0.123155214		143	89.24
48	1	0.0		95	93.47
49	1	0.0		89	95.19
50	1	0.029516539		96	92.24
51	1	0.0		88	95.24
52	1	0.1913486		85	99.0
53	1	0.016246237		143	89.24
54	1	0.0		107	91.66
55	1	4.2301184E-4		89	95.19
56	1	0.0012690355		85	99.0
57	1	0.0		96	92.24
58	1	0.0		107	91.66
59	1	0.0		557	87.95
60	1	0.0		69	99.82
61	1	0.03553106		76	99.64
62	1	0.0		85	99.0
63	1	0.0		69	99.82
64	1	0.0		88	95.24
65	1	0.055709045		557	87.95
66	1	0.0038135648		88	95.24
67	1	0.0010178117		535	89.22
68	1	0.0		89	95.19
69	1	0.0		88	95.24
70	1	1000.0		69	99.82
71	1	0.0		85	99.0
72	1	0.00465313		107	91.66
73	1	0.029516539		107	91.66
74	1	0.0		69	99.82
75	1	0.0		85	99.0
76	1	0.0029610828		69	99.82
77	1	0.0025445293		89	95.19
78	1	0.0		88	95.24
79	1	0.19177161		88	95.24


Run no: 19
0	1	2000.0		3524	76.32
1	1	0.0031874818		3524	76.32
2	1	2000.0		73	96.35
3	1	0.0		73	96.35
4	1	1.163945		119	81.83
5	1	1.1213161		3034	77.22
6	1	0.4443335		81	87.4
7	1	0.0		76	96.3
8	1	0.0		84	83.82
9	1	0.0		82	87.33
10	1	0.08910757		113	83.58
11	1	0.06950701		3324	76.58
12	1	0.046478674		3172	77.09
13	1	0.059759244		3377	76.55
14	1	0.06950701		3172	77.09
15	1	0.042903624		3513	76.48
16	1	0.01685562		3324	76.58
17	1	0.0		85	83.74
18	1	0.007988018		3513	76.48
19	1	0.0		112	83.65
20	1	0.003784529		113	83.58
21	1	0.0044932603		85	83.74
22	1	0.0		112	83.65
23	1	0.0		82	87.33
24	1	0.0		84	83.82
25	1	0.003494758		112	83.65
26	1	0.0		81	87.4
27	1	0.0031874818		3513	76.48
28	1	0.0		73	96.35
29	1	0.0		76	96.3
30	1	8.6931325E-4		76	96.3
31	1	0.0		76	96.3
32	1	0.0		73	96.35
33	1	2.897711E-4		85	83.74
34	1	0.0		81	87.4
35	1	0.0		112	83.65
36	1	0.0		82	87.33
37	1	0.17581668		84	83.82
38	1	0.0		73	96.35
39	1	0.0		81	87.4
40	1	0.0		84	83.82
41	1	0.0		85	83.74
42	1	0.007988018		3524	76.32
43	1	2.897711E-4		112	83.65
44	1	0.007823819		112	83.65
45	1	0.0		85	83.74
46	1	2.897711E-4		81	87.4
47	1	2.897711E-4		82	87.33
48	1	0.0		73	96.35
49	1	0.0		76	96.3
50	1	0.0		76	96.3
51	1	0.0024962556		76	96.3
52	1	0.0		73	96.35
53	1	0.0		84	83.82
54	1	0.0		82	87.33
55	1	0.17523715		82	87.33
56	1	0.0014488554		81	87.4
57	1	0.0		84	83.82
58	1	0.007823819		85	83.74
59	1	0.0		112	83.65
60	1	0.0		73	96.35
61	1	0.4443335		76	96.3
62	1	0.0		82	87.33
63	1	0.003994009		84	83.82
64	1	0.0		85	83.74
65	1	0.0		112	83.65
66	1	0.0		85	83.74
67	1	2.897711E-4		84	83.82
68	1	0.0		82	87.33
69	1	0.003494758		81	87.4
70	1	0.0		76	96.3
71	1	0.0033655688		73	96.35
72	1	0.0		84	83.82
73	1	0.0		82	87.33
74	1	0.0		81	87.4
75	1	0.0014488554		76	96.3
76	1	0.0		85	83.74
77	1	0.0044932603		112	83.65
78	1	0.003994009		85	83.74
79	1	0.0040743		82	87.33


Run no: 20
0	1	1000.0374		4157	77.15
1	1	1000.0		4157	77.15
2	1	1000.0		68	101.57
3	1	1000.0		68	101.57
4	1	1.1650068		3998	79.06
5	1	1.0790117		105	84.26
6	1	0.23971698		83	91.95
7	1	0.214163		105	84.26
8	1	0.18550369		71	101.12
9	1	0.18550369		76	96.59
10	1	0.12939072		100	87.36
11	1	0.12882769		80	95.09
12	1	0.11709939		4004	78.4
13	1	0.11015561		84	89.26
14	1	0.053644553		87	89.07
15	1	0.053644553		90	87.76
16	1	0.051187553		4157	77.15
17	1	0.042582333		76	96.59
18	1	0.0416041		79	95.58
19	1	0.028494379		3998	79.06
20	1	0.020799195		80	95.09
21	1	0.02006552		79	95.58
22	1	0.018825602		90	87.76
23	1	0.01842752		68	101.57
24	1	0.01842752		71	101.12
25	1	0.017602809		100	87.36
26	1	0.0057330057		86	89.21
27	1	0.0057330057		87	89.07
28	1	0.0022920605		84	89.26
29	1	0.0022920605		86	89.21
30	1	0.0012227929		71	101.12
31	1	7.336757E-4		87	89.07
32	1	7.336757E-4		79	95.58
33	1	7.336757E-4		90	87.76
34	1	7.336757E-4		76	96.59
35	1	7.336757E-4		71	101.12
36	1	7.336757E-4		68	101.57
37	1	4.8911717E-4		86	89.21
38	1	4.8911717E-4		84	89.26
39	1	2.4455859E-4		87	89.07
40	1	0.0		68	101.57
41	1	0.0		76	96.59
42	1	0.0		76	96.59
43	1	0.0		79	95.58
44	1	0.0		84	89.26
45	1	0.0		76	96.59
46	1	0.0		79	95.58
47	1	0.0		68	101.57
48	1	0.0		84	89.26
49	1	0.0		87	89.07
50	1	0.0		79	95.58
51	1	0.0		84	89.26
52	1	0.0		76	96.59
53	1	0.0		79	95.58
54	1	0.0		68	101.57
55	1	0.0		84	89.26
56	1	0.0		76	96.59
57	1	0.0		79	95.58
58	1	0.0		68	101.57
59	1	0.0		79	95.58
60	1	0.0		76	96.59
61	1	0.0		84	89.26
62	1	0.0		79	95.58
63	1	0.0		68	101.57
64	1	0.0		84	89.26
65	1	0.0		79	95.58
66	1	0.0		68	101.57
67	1	0.0		68	101.57
68	1	0.0		84	89.26
69	1	0.0		84	89.26
70	1	0.0		68	101.57
71	1	0.0		76	96.59
72	1	0.0		79	95.58
73	1	0.0		79	95.58
74	1	0.0		68	101.57
75	1	0.0		79	95.58
76	1	0.0		76	96.59
77	1	0.0		68	101.57
78	1	0.0		84	89.26
79	1	0.0		79	95.58


Run no: 21
0	1	2000.0		4245	83.72
1	1	1000.0		71	93.98
2	1	1000.0		71	93.98
3	1	0.67198175		1927	86.55
4	1	0.51942825		2120	86.41
5	1	0.431241		127	89.02
6	1	0.4147101		3851	85.95
7	1	0.24074075		127	89.02
8	1	0.22901215		76	91.65
9	1	0.22709551		71	93.98
10	1	0.21929824		127	89.02
11	1	0.21929824		101	91.27
12	1	0.19958137		3870	84.76
13	1	0.1912064		4025	84.33
14	1	0.1159844		3851	85.95
15	1	0.059883844		1927	86.55
16	1	0.04483431		3851	85.95
17	1	0.031140048		84	91.48
18	1	0.0165692		76	91.65
19	1	0.014810425		88	91.36
20	1	0.009730243		88	91.36
21	1	0.00877193		101	91.27
22	1	0.006229037		127	89.02
23	1	0.006229037		101	91.27
24	1	0.0045519886		3851	85.95
25	1	0.0031145185		101	91.27
26	1	0.0011978917		76	91.65
27	1	0.0011978917		71	93.98
28	1	0.0		71	93.98
29	1	0.0		127	89.02
30	1	0.0		76	91.65
31	1	0.0		71	93.98
32	1	0.0		127	89.02
33	1	0.0		3851	85.95
34	1	0.0		3851	85.95
35	1	0.0		76	91.65
36	1	0.0		88	91.36
37	1	0.0		101	91.27
38	1	0.0		127	89.02
39	1	0.0		3851	85.95
40	1	0.0		71	93.98
41	1	0.0		71	93.98
42	1	0.0		76	91.65
43	1	0.0		76	91.65
44	1	0.0		3851	85.95
45	1	0.0		76	91.65
46	1	0.0		76	91.65
47	1	0.0		71	93.98
48	1	0.0		76	91.65
49	1	0.0		71	93.98
50	1	0.0		76	91.65
51	1	0.0		71	93.98
52	1	0.0		71	93.98
53	1	0.0		3851	85.95
54	1	0.0		76	91.65
55	1	0.0		76	91.65
56	1	0.0		71	93.98
57	1	0.0		71	93.98
58	1	0.0		3851	85.95
59	1	0.0		76	91.65
60	1	0.0		71	93.98
61	1	0.0		71	93.98
62	1	0.0		71	93.98
63	1	0.0		76	91.65
64	1	0.0		71	93.98
65	1	0.0		71	93.98
66	1	0.0		71	93.98
67	1	0.0		76	91.65
68	1	0.0		3851	85.95
69	1	0.0		71	93.98
70	1	0.0		71	93.98
71	1	0.0		71	93.98
72	1	0.0		71	93.98
73	1	0.0		76	91.65
74	1	0.0		76	91.65
75	1	0.0		71	93.98
76	1	0.0		71	93.98
77	1	0.0		76	91.65
78	1	0.0		71	93.98
79	1	0.0		127	89.02


Run no: 22
0	1	2000.0		2967	82.62
1	1	1000.0		71	99.06
2	1	0.0		71	99.06
3	1	1.0263658		125	83.36
4	1	0.72183883		85	94.06
5	1	0.0		86	85.71
6	1	0.26206714		83	97.56
7	1	0.071497224		80	98.34
8	1	0.0689818		94	85.61
9	1	0.0		100	84.51
10	1	0.05948048		110	83.46
11	1	0.0013812155		106	84.23
12	1	0.0		125	83.36
13	1	0.023016058		75	98.69
14	1	0.022325449		75	98.69
15	1	0.0		72	99.04
16	1	0.0		100	84.51
17	1	0.046836983		106	84.23
18	1	0.0060827252		94	85.61
19	1	0.0		86	85.71
20	1	0.011262283		125	83.36
21	1	3.4530388E-4		86	85.71
22	1	0.0		94	85.61
23	1	0.0		94	85.61
24	1	0.0		100	84.51
25	1	0.019103453		100	84.51
26	1	0.0		106	84.23
27	1	0.0		72	99.04
28	1	0.0		71	99.06
29	1	0.0		72	99.04
30	1	0.0		72	99.04
31	1	0.0		86	85.71
32	1	1000.0		71	99.06
33	1	0.0		86	85.71
34	1	0.0		100	84.51
35	1	0.0020718232		106	84.23
36	1	0.0		72	99.04
37	1	0.0		100	84.51
38	1	0.01703163		106	84.23
39	1	0.0		94	85.61
40	1	0.0		86	85.71
41	1	0.0		94	85.61
42	1	0.0		86	85.71
43	1	0.0		100	84.51
44	1	0.0015618489		72	99.04
45	1	0.0		72	99.04
46	1	0.0		86	85.71
47	1	0.0		71	99.06
48	1	0.0		86	85.71
49	1	0.0		94	85.61
50	1	0.0		72	99.04
51	1	0.0		100	84.51
52	1	0.0060827252		86	85.71
53	1	0.0020718232		100	84.51
54	1	0.0		100	84.51
55	1	0.001216545		71	99.06
56	1	0.0		71	99.06
57	1	0.0		86	85.71
58	1	0.0		100	84.51
59	1	0.0		100	84.51
60	1	0.0		94	85.61
61	1	0.0		86	85.71
62	1	0.0		86	85.71
63	1	0.0		71	99.06
64	1	0.0		86	85.71
65	1	0.021289539		72	99.04
66	1	0.0		72	99.04
67	1	3.4530388E-4		71	99.06
68	1	0.002762431		94	85.61
69	1	0.0		72	99.04
70	1	0.0		86	85.71
71	1	0.0		86	85.71
72	1	0.0		100	84.51
73	1	0.0		100	84.51
74	1	0.0		72	99.04
75	1	0.0		72	99.04
76	1	0.0010359116		72	99.04
77	1	0.0		86	85.71
78	1	0.06690998		100	84.51
79	1	0.51066995		86	85.71


Run no: 23
0	1	2000.0		65	96.21
1	1	2000.0		453	82.27
2	1	0.04944608		453	82.27
3	1	0.15700203		132	88.1
4	1	0.0		363	85.24
5	1	0.10011241		71	92.28
6	1	0.5953608		363	85.24
7	1	0.08464849		85	88.6
8	1	0.12463947		443	82.6
9	1	0.12304575		418	82.75
10	1	0.0		132	88.1
11	1	0.1190559		394	84.43
12	1	0.0		79	89.78
13	1	0.014347202		405	82.95
14	1	0.08464849		74	91.1
15	1	0.0077319588		74	91.1
16	1	0.0		85	88.6
17	1	0.0		71	92.28
18	1	0.0		79	89.78
19	1	0.037676197		394	84.43
20	1	0.8005258		132	88.1
21	1	0.0		389	84.56
22	1	0.0		385	85.05
23	1	0.033505153		405	82.95
24	1	0.0		405	82.95
25	1	0.22578354		363	85.24
26	1	0.0028694405		371	85.2
27	1	0.0		371	85.2
28	1	0.020618556		379	85.18
29	1	0.0		71	92.28
30	1	0.12113402		85	88.6
31	1	0.016898638		379	85.18
32	1	0.009325681		385	85.05
33	1	0.0		405	82.95
34	1	0.08464849		79	89.78
35	1	0.0		389	84.56
36	1	0.0		385	85.05
37	1	0.035150647		389	84.56
38	1	0.0		379	85.18
39	1	0.009325681		389	84.56
40	1	0.010309278		385	85.05
41	1	0.09469154		74	91.1
42	1	0.0		71	92.28
43	1	0.0028694405		363	85.24
44	1	0.0		371	85.2
45	1	0.020618556		371	85.2
46	1	0.0		379	85.18
47	1	0.0		405	82.95
48	1	0.0		85	88.6
49	1	0.0		79	89.78
50	1	0.012886598		74	91.1
51	1	0.012886598		79	89.78
52	1	0.28192252		71	92.28
53	1	0.0		385	85.05
54	1	0.010309278		389	84.56
55	1	0.028350515		405	82.95
56	1	0.0		71	92.28
57	1	0.050614562		385	85.05
58	1	0.0		79	89.78
59	1	0.0		389	84.56
60	1	0.0		385	85.05
61	1	0.012886598		389	84.56
62	1	0.0014347202		371	85.2
63	1	0.020618556		371	85.2
64	1	0.0		379	85.18
65	1	0.0		79	89.78
66	1	0.051331922		85	88.6
67	1	0.0		385	85.05
68	1	0.0		389	84.56
69	1	0.009325681		379	85.18
70	1	0.0		71	92.28
71	1	0.0		385	85.05
72	1	0.0		379	85.18
73	1	0.0		389	84.56
74	1	0.0		385	85.05
75	1	0.0		385	85.05
76	1	0.0077319588		71	92.28
77	1	0.1061693		405	82.95
78	1	0.0		79	89.78
79	1	0.110155456		79	89.78


Run no: 24
0	1	1000.0		71	93.27
1	1	0.0		71	93.27
2	1	0.051490515		71	93.27
3	1	2000.0		3385	82.2
4	1	0.25706276		640	87.37
5	1	0.0		71	93.27
6	1	0.038265027		430	87.66
7	1	0.2827519		78	92.7
8	1	0.0		71	93.27
9	1	0.0		71	93.27
10	1	0.0		71	93.27
11	1	0.0		3385	82.2
12	1	0.0		71	93.27
13	1	1.0129987		769	85.88
14	1	0.28233346		3138	83.71
15	1	0.21093698		3385	82.2
16	1	0.27658114		220	88.22
17	1	0.1139547		398	87.91
18	1	0.0		71	93.27
19	1	0.2526799		80	90.17
20	1	0.21839678		149	90.14
21	1	0.08956446		435	87.61
22	1	0.0		71	93.27
23	1	0.91087145		3087	84.33
24	1	0.0		71	93.27
25	1	0.0		71	93.27
26	1	1000.00214		71	93.27
27	2	1000.82086		3190	84.24
28	2	1000.3803		3190	84.24
29	2	1000.011		97	92.47
30	2	1000.0		97	92.47
31	2	1.3482896		651	87.37
32	2	0.6183669		144	91.18
33	2	0.47880116		399	87.91
34	2	0.15487133		140	92.31
35	2	0.08244423		399	87.91
36	2	0.065613605		399	87.91
37	2	0.024358299		131	92.42
38	2	0.0060753343		97	92.47
39	2	0.0060753343		131	92.42
40	2	0.0029097963		131	92.42
41	2	0.0		399	87.91
42	2	0.0		399	87.91
43	2	0.0		399	87.91
44	2	0.0		131	92.42
45	2	0.0		399	87.91
46	2	0.0		131	92.42
47	2	0.0		399	87.91
48	2	0.0		399	87.91
49	2	0.0		399	87.91
50	2	0.0		131	92.42
51	2	0.0		399	87.91
52	2	0.0		399	87.91
53	2	0.0		97	92.47
54	2	0.0		399	87.91
55	2	0.0		399	87.91
56	2	0.0		399	87.91
57	2	0.0		131	92.42
58	2	0.0		131	92.42
59	2	0.0		399	87.91
60	2	0.0		399	87.91
61	2	0.0		399	87.91
62	2	0.0		131	92.42
63	2	0.0		399	87.91
64	2	0.0		131	92.42
65	2	0.0		399	87.91
66	2	0.0		131	92.42
67	2	0.0		399	87.91
68	2	0.0		399	87.91
69	2	0.0		399	87.91
70	2	0.0		131	92.42
71	2	0.0		399	87.91
72	2	0.0		3190	84.24
73	2	0.0		131	92.42
74	2	0.0		131	92.42
75	2	0.0		131	92.42
76	2	0.0		131	92.42
77	2	0.0		399	87.91
78	2	0.0		131	92.42
79	2	0.0		399	87.91


Run no: 25
0	1	1000.01697		130	81.18
1	1	1000.0		71	110.17
2	1	1000.0		71	110.17
3	1	1000.0		130	81.18
4	1	0.7848469		74	88.4
5	1	0.7509486		71	110.17
6	1	0.42526644		104	84.15
7	1	0.22033899		91	84.88
8	1	0.1933396		119	81.38
9	1	0.16949153		129	81.23
10	1	0.13559322		112	82.87
11	1	0.11944505		84	85.4
12	1	0.0864705		118	81.43
13	1	0.08554674		81	87.88
14	1	0.084745765		81	87.88
15	1	0.084745765		76	88.33
16	1	0.084745765		113	82.83
17	1	0.08124953		90	84.94
18	1	0.06779661		86	85.33
19	1	0.050847456		74	88.4
20	1	0.050847456		84	85.4
21	1	0.050847456		81	87.88
22	1	0.050847456		71	110.17
23	1	0.0494209		76	88.33
24	1	0.048292514		118	81.43
25	1	0.048292514		113	82.83
26	1	0.044153158		112	82.87
27	1	0.04213025		91	84.88
28	1	0.033898305		86	85.33
29	1	0.018673886		129	81.23
30	1	0.016949153		118	81.43
31	1	0.016949153		90	84.94
32	1	0.016949153		113	82.83
33	1	0.016949153		112	82.87
34	1	0.015522594		81	87.88
35	1	0.013452915		86	85.33
36	1	0.005174198		129	81.23
37	1	0.0024146258		74	88.4
38	1	0.0024146258		76	88.33
39	1	0.0024146258		86	85.33
40	1	0.0024146258		84	85.4
41	1	0.002069679		91	84.88
42	1	0.002069679		90	84.94
43	1	0.0017247327		130	81.18
44	1	0.0013797862		113	82.83
45	1	0.0013797862		112	82.87
46	1	0.0		130	81.18
47	1	0.0		71	110.17
48	1	0.0		91	84.88
49	1	0.0		84	85.4
50	1	0.0		81	87.88
51	1	0.0		113	82.83
52	1	0.0		76	88.33
53	1	0.0		90	84.94
54	1	0.0		112	82.87
55	1	0.0		113	82.83
56	1	0.0		74	88.4
57	1	0.0		86	85.33
58	1	0.0		84	85.4
59	1	0.0		130	81.18
60	1	0.0		129	81.23
61	1	0.0		113	82.83
62	1	0.0		81	87.88
63	1	0.0		129	81.23
64	1	0.0		86	85.33
65	1	0.0		84	85.4
66	1	0.0		76	88.33
67	1	0.0		74	88.4
68	1	0.0		118	81.43
69	1	0.0		71	110.17
70	1	0.0		71	110.17
71	1	0.0		84	85.4
72	1	0.0		76	88.33
73	1	0.0		74	88.4
74	1	0.0		130	81.18
75	1	0.0		91	84.88
76	1	0.0		76	88.33
77	1	0.0		81	87.88
78	1	0.0		130	81.18
79	1	0.0		91	84.88


Run no: 26
0	1	2000.0		4781	83.52
1	1	2000.0		58	95.18
2	1	1.1162223		107	84.37
3	1	1.0202694		4582	83.91
4	1	0.46568397		78	94.99
5	1	0.4650488		79	89.57
6	1	0.14343643		103	87.54
7	1	0.1432247		104	85.87
8	1	0.12864494		104	85.87
9	1	0.09304782		95	88.07
10	1	0.09262436		88	89.15
11	1	0.07558192		4707	83.83
12	1	0.047148384		97	87.65
13	1	0.04225463		4781	83.52
14	1	0.036020584		95	88.07
15	1	0.03428389		88	89.15
16	1	0.03428389		80	89.53
17	1	0.018825071		58	95.18
18	1	0.0154373925		74	95.0
19	1	0.010704341		103	87.54
20	1	0.0036422615		79	89.57
21	1	0.0034305318		80	89.53
22	1	0.0033876773		74	95.0
23	1	0.0014821088		88	89.15
24	1	0.0014821088		95	88.07
25	1	8.5763296E-4		78	94.99
26	1	8.5763296E-4		74	95.0
27	1	8.469193E-4		74	95.0
28	1	6.3518947E-4		104	85.87
29	1	2.1172983E-4		78	94.99
30	1	2.1172983E-4		80	89.53
31	1	2.1172983E-4		104	85.87
32	1	0.0		104	85.87
33	1	0.0		95	88.07
34	1	0.0		95	88.07
35	1	0.0		74	95.0
36	1	0.0		88	89.15
37	1	0.0		88	89.15
38	1	0.0		74	95.0
39	1	0.0		74	95.0
40	1	0.0		95	88.07
41	1	0.0		104	85.87
42	1	0.0		74	95.0
43	1	0.0		74	95.0
44	1	0.0		95	88.07
45	1	0.0		104	85.87
46	1	0.0		104	85.87
47	1	0.0		95	88.07
48	1	0.0		74	95.0
49	1	0.0		95	88.07
50	1	0.0		74	95.0
51	1	0.0		104	85.87
52	1	0.0		95	88.07
53	1	0.0		104	85.87
54	1	0.0		74	95.0
55	1	0.0		95	88.07
56	1	0.0		88	89.15
57	1	0.0		104	85.87
58	1	0.0		88	89.15
59	1	0.0		104	85.87
60	1	0.0		74	95.0
61	1	0.0		74	95.0
62	1	0.0		104	85.87
63	1	0.0		104	85.87
64	1	0.0		95	88.07
65	1	0.0		74	95.0
66	1	0.0		74	95.0
67	1	0.0		104	85.87
68	1	0.0		104	85.87
69	1	0.0		95	88.07
70	1	0.0		95	88.07
71	1	0.0		95	88.07
72	1	0.0		74	95.0
73	1	0.0		104	85.87
74	1	0.0		74	95.0
75	1	0.0		95	88.07
76	1	0.0		74	95.0
77	1	0.0		104	85.87
78	1	0.0		74	95.0
79	1	0.0		95	88.07


Run no: 27
0	1	2000.0		4145	81.03
1	1	1000.0		66	101.77
2	1	1000.0		66	101.77
3	1	0.5147769		1915	88.37
4	1	0.46138805		98	88.57
5	1	0.45916864		2657	86.42
6	1	0.3895773		3660	84.09
7	1	0.35656145		78	97.5
8	1	0.3563163		79	90.11
9	1	0.2664427		3718	81.11
10	1	0.2162472		2263	86.51
11	1	0.20882425		72	100.02
12	1	0.1749968		1948	87.3
13	1	0.12656248		3660	84.09
14	1	0.12150434		78	97.5
15	1	0.08437801		66	101.77
16	1	0.04628737		81	90.1
17	1	0.04628737		82	89.14
18	1	0.009896516		91	88.71
19	1	0.009161041		82	89.14
20	1	0.009161041		85	88.95
21	1	0.007232401		89	88.86
22	1	0.004821601		92	88.67
23	1	0.0043394407		89	88.86
24	1	0.0043394407		85	88.95
25	1	0.0019286403		92	88.67
26	1	0.0014709488		92	88.67
27	1	0.0014709488		78	97.5
28	1	0.0014709488		66	101.77
29	1	9.806325E-4		89	88.86
30	1	9.806325E-4		85	88.95
31	1	7.354744E-4		85	88.95
32	1	7.354744E-4		82	89.14
33	1	4.9031625E-4		81	90.1
34	1	4.9031625E-4		79	90.11
35	1	4.9031625E-4		89	88.86
36	1	4.8216007E-4		81	90.1
37	1	4.8216007E-4		79	90.11
38	1	2.4515812E-4		81	90.1
39	1	2.4515812E-4		79	90.11
40	1	2.4515812E-4		92	88.67
41	1	2.4515812E-4		82	89.14
42	1	0.0		66	101.77
43	1	0.0		79	90.11
44	1	0.0		78	97.5
45	1	0.0		66	101.77
46	1	0.0		82	89.14
47	1	0.0		85	88.95
48	1	0.0		92	88.67
49	1	0.0		89	88.86
50	1	0.0		82	89.14
51	1	0.0		79	90.11
52	1	0.0		79	90.11
53	1	0.0		92	88.67
54	1	0.0		66	101.77
55	1	0.0		82	89.14
56	1	0.0		82	89.14
57	1	0.0		85	88.95
58	1	0.0		66	101.77
59	1	0.0		89	88.86
60	1	0.0		79	90.11
61	1	0.0		66	101.77
62	1	0.0		79	90.11
63	1	0.0		66	101.77
64	1	0.0		85	88.95
65	1	0.0		89	88.86
66	1	0.0		89	88.86
67	1	0.0		89	88.86
68	1	0.0		89	88.86
69	1	0.0		82	89.14
70	1	0.0		79	90.11
71	1	0.0		82	89.14
72	1	0.0		79	90.11
73	1	0.0		82	89.14
74	1	0.0		89	88.86
75	1	0.0		79	90.11
76	1	0.0		82	89.14
77	1	0.0		82	89.14
78	1	0.0		89	88.86
79	1	0.0		89	88.86


Run no: 28
0	1	1000.9794		2882	81.61
1	1	1000.17236		2882	81.61
2	1	1000.00037		74	111.78
3	1	1000.0		74	111.78
4	1	0.9793447		132	86.81
5	1	0.69400686		75	91.02
6	1	0.68810076		74	111.78
7	1	0.17235665		132	86.81
8	1	0.046833847		110	88.35
9	1	0.045409348		106	89.72
10	1	0.03586042		110	88.35
11	1	0.032496527		85	90.96
12	1	0.030162413		126	87.44
13	1	0.026946543		89	90.19
14	1	0.02163252		89	90.19
15	1	0.020881671		126	87.44
16	1	0.020881671		132	86.81
17	1	0.015578389		106	89.72
18	1	0.006054131		106	89.72
19	1	0.0056980057		126	87.44
20	1	0.0021367522		132	86.81
21	1	0.0021367522		126	87.44
22	1	0.0014245014		106	89.72
23	1	0.0		2882	81.61
24	1	0.0		74	111.78
25	1	0.0		132	86.81
26	1	0.0		106	89.72
27	1	0.0		126	87.44
28	1	0.0		126	87.44
29	1	0.0		106	89.72
30	1	0.0		126	87.44
31	1	0.0		132	86.81
32	1	0.0		74	111.78
33	1	0.0		74	111.78
34	1	0.0		132	86.81
35	1	0.0		74	111.78
36	1	0.0		106	89.72
37	1	0.0		126	87.44
38	1	0.0		132	86.81
39	1	0.0		106	89.72
40	1	0.0		106	89.72
41	1	0.0		126	87.44
42	1	0.0		74	111.78
43	1	0.0		74	111.78
44	1	0.0		132	86.81
45	1	0.0		126	87.44
46	1	0.0		106	89.72
47	1	0.0		74	111.78
48	1	0.0		106	89.72
49	1	0.0		126	87.44
50	1	0.0		106	89.72
51	1	0.0		106	89.72
52	1	0.0		74	111.78
53	1	0.0		74	111.78
54	1	0.0		106	89.72
55	1	0.0		106	89.72
56	1	0.0		106	89.72
57	1	0.0		74	111.78
58	1	0.0		74	111.78
59	1	0.0		106	89.72
60	1	0.0		74	111.78
61	1	0.0		106	89.72
62	1	0.0		106	89.72
63	1	0.0		106	89.72
64	1	0.0		106	89.72
65	1	0.0		106	89.72
66	1	0.0		106	89.72
67	1	0.0		106	89.72
68	1	0.0		106	89.72
69	1	0.0		106	89.72
70	1	0.0		106	89.72
71	1	0.0		106	89.72
72	1	0.0		106	89.72
73	1	0.0		106	89.72
74	1	0.0		106	89.72
75	1	0.0		106	89.72
76	1	0.0		106	89.72
77	1	0.0		106	89.72
78	1	0.0		106	89.72
79	1	0.0		106	89.72


Run no: 29
0	1	2000.0		3342	78.78
1	1	2000.0		72	101.38
2	1	0.93358773		648	81.26
3	1	0.23639685		648	81.26
4	1	0.1915442		330	90.58
5	1	0.18685557		474	85.4
6	1	0.16684663		74	97.63
7	1	0.16654083		72	101.38
8	1	0.13131174		81	95.38
9	1	0.12477876		412	87.76
10	1	0.09690265		82	93.19
11	1	0.07533491		474	85.4
12	1	0.048645504		98	92.47
13	1	0.040082812		150	91.73
14	1	0.03582041		462	85.9
15	1	0.034682415		420	87.26
16	1	0.03379746		74	97.63
17	1	0.033589076		98	92.47
18	1	0.033491652		78	96.13
19	1	0.033491652		77	96.88
20	1	0.03318584		78	96.13
21	1	0.03318584		77	96.88
22	1	0.032365836		88	93.16
23	1	0.02598847		435	85.94
24	1	0.025076453		412	87.76
25	1	0.0235474		253	90.99
26	1	0.020659793		421	86.8
27	1	0.019571865		253	90.99
28	1	0.019571865		189	91.05
29	1	0.019286353		174	91.32
30	1	0.018141594		253	90.99
31	1	0.018141594		174	91.32
32	1	0.018141594		150	91.73
33	1	0.016163297		423	86.69
34	1	0.016163297		431	86.38
35	1	0.015961679		432	86.28
36	1	0.015902141		150	91.73
37	1	0.015857488		419	87.57
38	1	0.011946903		189	91.05
39	1	0.00840708		419	87.57
40	1	0.00840708		412	87.76
41	1	0.0048672566		421	86.8
42	1	0.0048672566		423	86.69
43	1	0.004730589		431	86.38
44	1	0.004730589		432	86.28
45	1	0.0045871558		174	91.32
46	1	0.0045871558		189	91.05
47	1	0.003058104		88	93.16
48	1	0.0026548672		189	91.05
49	1	0.0026548672		253	90.99
50	1	0.0021406729		412	87.76
51	1	0.0018348624		82	93.19
52	1	0.001633244		82	93.19
53	1	0.0013274336		88	93.16
54	1	9.174312E-4		78	96.13
55	1	9.174312E-4		77	96.88
56	1	6.116208E-4		423	86.69
57	1	6.116208E-4		421	86.8
58	1	3.058104E-4		419	87.57
59	1	0.0		72	101.38
60	1	0.0		74	97.63
61	1	0.0		98	92.47
62	1	0.0		150	91.73
63	1	0.0		77	96.88
64	1	0.0		74	97.63
65	1	0.0		88	93.16
66	1	0.0		474	85.4
67	1	0.0		421	86.8
68	1	0.0		419	87.57
69	1	0.0		431	86.38
70	1	0.0		412	87.76
71	1	0.0		432	86.28
72	1	0.0		474	85.4
73	1	0.0		253	90.99
74	1	0.0		72	101.38
75	1	0.0		432	86.28
76	1	0.0		431	86.38
77	1	0.0		150	91.73
78	1	0.0		74	97.63
79	1	0.0		88	93.16

