
Run no: 0
93.47	
93.47	
90.98	
90.98	
89.48	
89.48	
86.04	
86.04	
86.04	
86.04	
86.04	
86.04	
86.04	
86.03	
86.03	
86.03	
85.71	
85.71	
85.71	
85.71	
85.71	
85.71	
85.71	
85.62	
85.62	
85.62	
85.26	
85.26	
85.26	
84.05	
84.05	

Run no: 1
94.07	
94.07	
85.8	
85.8	
85.68	
85.59	
85.58	
84.3	
84.2	
84.2	
84.09	
84.09	
84.09	
84.09	
84.09	
84.09	
84.09	
84.03	
82.95	
81.92	
81.92	
81.92	
81.86	
81.65	
81.65	
81.65	
81.65	
81.65	
81.65	
80.5	
80.5	

Run no: 2
95.43	
95.43	
95.43	
89.79	
89.79	
88.35	
88.35	
88.35	
88.26	
85.31	
85.31	
84.84	
84.84	
84.84	
84.84	
84.84	
84.84	
84.71	
84.71	
84.71	
84.71	
84.08	
83.02	
83.02	
83.02	
83.02	
83.02	
83.02	
83.02	
82.29	
82.29	

Run no: 3
91.68	
91.68	
91.68	
91.68	
91.68	
90.24	
90.13	
88.75	
81.92	
81.92	
81.92	
81.9	
79.62	
77.75	
77.75	
77.75	
77.75	
77.75	
77.75	
77.75	
77.75	
77.75	
77.44	
77.44	
77.44	
77.44	
75.9	
75.9	
75.73	
75.73	
75.73	

Run no: 4
95.78	
93.25	
93.25	
92.96	
92.96	
92.96	
90.39	
90.39	
90.39	
90.39	
90.39	
89.78	
89.78	
89.53	
79.32	
79.32	
79.17	
79.17	
78.78	
78.78	
78.78	
78.78	
78.51	
78.48	
77.04	
77.04	
77.04	
77.02	
77.02	
77.02	
77.02	

Run no: 5
94.54	
86.91	
86.91	
86.91	
86.86	
86.84	
82.89	
82.89	
80.4	
80.4	
80.4	
79.3	
79.3	
79.3	
79.3	
79.06	
78.97	
78.97	
78.97	
78.97	
78.97	
78.67	
78.67	
78.67	
78.43	
78.43	
78.43	
78.43	
78.43	
78.43	
78.43	

Run no: 6
90.85	
89.3	
89.3	
89.3	
89.3	
88.89	
86.7	
86.7	
86.7	
86.7	
86.7	
85.63	
85.63	
85.63	
85.63	
85.63	
80.85	
80.85	
80.85	
80.75	
80.75	
80.65	
80.65	
80.65	
79.3	
79.3	
79.3	
79.3	
79.3	
79.3	
79.3	

Run no: 7
91.01	
91.01	
91.01	
91.01	
85.5	
85.5	
85.34	
85.34	
85.34	
85.09	
85.09	
85.09	
85.09	
85.09	
84.74	
84.74	
84.74	
84.74	
84.49	
84.49	
84.41	
84.41	
84.41	
84.41	
84.41	
84.41	
84.41	
84.41	
84.27	
84.27	
83.5	

Run no: 8
90.52	
90.2	
90.2	
90.2	
90.2	
90.11	
89.65	
89.65	
89.65	
88.8	
88.8	
88.8	
88.8	
88.73	
88.73	
83.14	
83.14	
75.95	
75.95	
75.45	
75.45	
75.45	
75.45	
75.45	
75.45	
74.92	
74.92	
74.92	
74.92	
74.92	
74.92	

Run no: 9
91.5	
86.62	
86.62	
86.62	
86.62	
83.38	
83.38	
83.38	
83.38	
83.38	
80.99	
80.99	
80.99	
80.99	
80.99	
79.78	
79.78	
79.78	
79.78	
79.61	
79.61	
79.61	
79.61	
79.61	
79.61	
79.61	
79.61	
79.55	
79.55	
79.39	
78.53	

Run no: 10
84.9	
84.9	
84.54	
82.05	
82.05	
81.96	
81.96	
80.77	
80.77	
80.77	
80.77	
80.77	
80.77	
77.7	
77.7	
77.7	
77.7	
77.7	
77.68	
77.68	
77.35	
77.35	
77.34	
77.28	
76.19	
76.19	
76.19	
76.17	
76.17	
76.17	
76.17	

Run no: 11
88.49	
88.49	
88.49	
88.48	
88.48	
74.4	
74.4	
74.4	
74.4	
74.38	
74.38	
74.34	
74.34	
73.74	
73.74	
73.74	
73.74	
73.74	
73.74	
73.74	
73.74	
73.74	
73.74	
73.54	
73.54	
73.54	
73.54	
73.53	
73.53	
73.53	
73.53	

Run no: 12
92.28	
92.2	
92.2	
92.2	
91.25	
91.25	
90.64	
89.5	
86.96	
86.96	
86.96	
86.96	
86.96	
86.29	
86.29	
86.29	
86.09	
86.09	
85.57	
85.57	
84.86	
80.54	
80.54	
80.54	
80.52	
80.48	
80.47	
79.85	
79.85	
79.85	
79.85	

Run no: 13
92.65	
92.65	
92.65	
92.65	
86.2	
86.2	
86.2	
86.2	
86.2	
84.88	
84.88	
84.88	
84.88	
84.88	
84.7	
84.7	
84.7	
84.7	
84.7	
84.7	
82.59	
82.59	
82.26	
82.26	
82.26	
82.01	
82.01	
81.45	
79.18	
79.18	
79.18	

Run no: 14
91.86	
91.86	
91.86	
91.86	
91.71	
91.09	
91.08	
90.21	
90.21	
90.21	
89.83	
82.42	
82.42	
80.48	
80.48	
80.48	
80.48	
80.48	
80.31	
80.31	
80.31	
78.81	
78.81	
78.81	
78.81	
78.47	
78.47	
77.26	
77.26	
77.23	
77.23	

Run no: 15
87.89	
87.89	
87.89	
87.89	
87.89	
87.54	
87.09	
87.09	
87.09	
85.81	
85.81	
85.81	
85.81	
85.81	
85.81	
85.27	
85.27	
85.27	
85.27	
84.07	
84.07	
84.07	
83.89	
83.89	
83.89	
83.89	
83.89	
83.89	
83.89	
83.89	
83.89	

Run no: 16
90.41	
88.49	
88.49	
85.88	
85.88	
85.88	
85.83	
85.54	
85.54	
84.98	
83.38	
83.38	
83.38	
83.38	
83.38	
83.37	
83.37	
77.71	
77.71	
77.71	
77.71	
77.71	
77.71	
77.71	
77.71	
77.71	
77.62	
77.62	
77.62	
77.62	
77.62	

Run no: 17
92.72	
92.72	
92.7	
92.7	
92.2	
92.2	
91.19	
91.19	
87.98	
86.95	
86.95	
86.75	
86.75	
86.46	
86.46	
86.46	
86.46	
86.26	
86.08	
86.08	
85.03	
85.03	
84.68	
84.68	
84.68	
84.68	
84.68	
84.45	
84.45	
84.24	
84.24	

Run no: 18
94.52	
94.52	
94.52	
94.52	
93.46	
93.46	
93.46	
93.22	
93.22	
93.22	
93.22	
81.21	
81.21	
81.21	
81.21	
81.07	
81.07	
81.07	
81.07	
81.07	
81.07	
81.07	
81.07	
81.07	
81.07	
81.07	
81.03	
81.03	
80.17	
80.17	
80.17	

Run no: 19
93.61	
93.61	
87.4	
87.4	
87.4	
87.4	
87.37	
87.37	
84.64	
84.64	
78.38	
78.38	
78.38	
78.38	
78.38	
77.53	
77.53	
76.7	
76.7	
76.7	
76.7	
76.7	
76.6	
76.6	
76.6	
76.32	
76.32	
76.32	
76.32	
76.32	
76.32	

Run no: 20
89.9	
89.9	
89.9	
89.52	
89.52	
88.5	
88.47	
88.07	
88.07	
88.07	
88.07	
88.07	
83.6	
83.6	
83.6	
83.53	
82.82	
82.79	
82.79	
82.79	
78.79	
78.79	
78.12	
77.15	
77.15	
77.15	
77.15	
77.15	
77.15	
77.15	
77.15	

Run no: 21
93.13	
93.13	
85.41	
85.41	
85.41	
85.41	
85.41	
85.41	
84.97	
84.97	
84.97	
84.97	
84.97	
84.97	
84.79	
84.79	
84.72	
84.72	
84.72	
84.54	
84.54	
84.54	
84.54	
84.54	
84.54	
84.54	
83.75	
83.75	
83.75	
83.72	
83.72	

Run no: 22
95.19	
94.29	
94.29	
85.71	
85.71	
84.64	
84.64	
84.64	
84.64	
84.54	
84.54	
84.54	
84.54	
84.54	
84.51	
84.51	
84.51	
84.51	
84.51	
84.51	
84.51	
84.51	
84.11	
84.11	
84.11	
83.46	
83.46	
82.62	
82.62	
82.62	
82.62	

Run no: 23
87.16	
87.16	
87.16	
87.16	
87.16	
86.68	
85.06	
85.06	
85.06	
84.58	
84.58	
84.58	
84.58	
84.58	
84.49	
84.13	
82.99	
82.99	
82.99	
82.99	
82.99	
82.37	
82.37	
82.37	
82.37	
82.37	
82.27	
82.27	
82.27	
82.27	
82.27	

Run no: 24
94.24	
94.24	
92.03	
92.03	
88.5	
88.5	
88.5	
88.5	
88.5	
86.53	
86.53	
86.53	
86.53	
86.53	
86.53	
86.28	
84.15	
84.15	
84.15	
84.15	
84.15	
84.15	
82.8	
82.8	
82.8	
82.71	
82.71	
82.71	
82.2	
82.2	
82.2	

Run no: 25
92.23	
92.23	
91.3	
88.37	
88.37	
88.37	
88.37	
88.37	
82.87	
82.87	
82.87	
82.67	
82.67	
82.64	
82.64	
82.63	
81.43	
81.43	
81.43	
81.43	
81.38	
81.23	
81.18	
81.18	
81.18	
81.18	
81.18	
81.18	
81.18	
81.18	
81.18	

Run no: 26
96.03	
95.51	
91.07	
91.07	
91.07	
91.07	
91.07	
87.46	
87.46	
85.87	
85.87	
85.87	
85.61	
85.61	
84.87	
84.87	
84.87	
84.87	
84.87	
84.87	
84.87	
84.87	
84.87	
84.87	
84.72	
84.72	
83.52	
83.52	
83.52	
83.52	
83.52	

Run no: 27
94.28	
94.28	
94.28	
92.96	
92.96	
92.96	
92.76	
92.36	
92.36	
89.14	
89.14	
89.14	
89.14	
89.14	
88.99	
88.95	
88.8	
88.8	
87.54	
87.54	
87.49	
87.49	
87.49	
87.49	
83.84	
83.84	
83.84	
83.84	
83.84	
83.84	
81.03	

Run no: 28
97.05	
92.83	
92.83	
92.83	
92.83	
92.83	
89.72	
89.72	
89.72	
89.72	
87.46	
87.46	
87.46	
87.46	
86.83	
86.83	
81.63	
81.61	
81.61	
81.61	
81.61	
81.61	
81.61	
81.61	
81.61	
81.61	
81.61	
81.61	
81.61	
81.61	
81.61	

Run no: 29
88.87	
88.87	
88.85	
87.48	
87.46	
87.46	
87.46	
86.79	
86.79	
86.79	
86.73	
86.35	
86.31	
85.83	
85.83	
80.49	
80.49	
80.46	
80.42	
80.42	
79.61	
79.61	
79.61	
79.61	
79.61	
79.56	
79.56	
79.56	
79.37	
79.37	
78.78	
