
Run no: 0
93.26	
93.26	
93.26	
92.42	
91.72	
91.29	
90.97	
90.97	
90.83	
90.83	
90.83	
87.06	
87.06	
87.06	
87.06	
87.06	
87.06	
87.06	
81.92	
81.92	
81.92	
81.78	
81.78	
81.78	
81.78	
81.78	
81.78	
81.69	
81.69	
81.69	
79.0	

Run no: 1
96.05	
96.05	
91.4	
91.4	
91.18	
88.07	
87.17	
87.17	
87.17	
87.02	
87.02	
87.02	
87.02	
87.01	
87.01	
85.02	
85.02	
85.02	
85.02	
85.02	
85.02	
85.02	
85.02	
85.02	
85.02	
85.02	
85.02	
85.02	
85.02	
85.02	
85.02	

Run no: 2
98.15	
97.24	
96.15	
88.04	
88.04	
86.39	
86.39	
84.33	
84.33	
84.33	
84.33	
84.33	
84.33	
84.16	
84.16	
82.99	
82.99	
82.99	
82.99	
77.46	
77.46	
77.46	
77.46	
76.57	
76.57	
76.57	
76.57	
76.57	
76.57	
76.57	
76.57	

Run no: 3
94.55	
94.55	
92.3	
86.43	
86.43	
86.43	
85.41	
85.41	
85.41	
85.41	
85.41	
85.41	
85.41	
84.3	
84.3	
84.3	
84.3	
84.3	
84.3	
82.36	
82.36	
82.36	
82.36	
82.36	
82.06	
78.34	
78.34	
78.34	
78.34	
78.34	
78.34	

Run no: 4
94.57	
93.48	
93.48	
93.48	
93.48	
93.48	
89.88	
84.8	
84.8	
84.8	
84.8	
84.8	
84.8	
84.8	
84.8	
84.8	
84.8	
84.42	
84.42	
84.42	
84.42	
84.42	
79.74	
79.74	
79.74	
79.74	
79.74	
79.74	
79.74	
79.74	
79.74	

Run no: 5
95.68	
95.68	
95.68	
95.68	
92.27	
92.27	
92.26	
90.67	
90.67	
90.67	
90.67	
90.67	
89.67	
89.67	
83.58	
83.58	
83.58	
83.58	
83.58	
83.58	
83.42	
83.42	
83.42	
82.91	
82.91	
82.91	
82.91	
80.35	
80.35	
80.35	
80.35	

Run no: 6
94.0	
94.0	
94.0	
93.99	
81.85	
81.85	
81.85	
78.07	
78.07	
78.07	
77.82	
77.82	
77.82	
76.59	
76.59	
76.59	
76.34	
76.34	
76.34	
76.34	
76.34	
76.34	
76.09	
76.09	
76.0	
76.0	
76.0	
75.85	
75.85	
75.82	
75.82	

Run no: 7
97.12	
97.12	
95.9	
95.9	
92.03	
92.03	
92.03	
92.03	
91.96	
84.68	
84.68	
84.68	
84.68	
84.68	
83.7	
83.18	
83.18	
83.18	
83.18	
78.6	
78.6	
78.6	
78.6	
78.6	
78.51	
78.49	
78.1	
78.1	
78.1	
78.03	
78.0	

Run no: 8
87.07	
87.07	
87.07	
87.07	
87.07	
87.07	
86.03	
86.03	
86.03	
86.03	
86.03	
85.79	
85.79	
85.79	
85.79	
84.61	
84.61	
84.59	
84.59	
84.59	
84.59	
84.59	
84.59	
84.56	
84.56	
82.4	
82.0	
81.97	
81.73	
81.73	
81.73	

Run no: 9
90.08	
90.08	
82.96	
82.96	
82.96	
82.96	
82.96	
82.96	
82.96	
82.96	
82.96	
82.96	
82.96	
82.96	
82.96	
82.96	
82.96	
82.96	
82.42	
82.09	
82.09	
82.08	
81.98	
81.98	
81.94	
81.94	
81.94	
81.94	
81.94	
81.94	
81.94	

Run no: 10
95.14	
90.77	
90.77	
90.77	
90.77	
90.77	
90.77	
90.52	
90.52	
88.64	
88.64	
88.53	
87.61	
86.22	
86.22	
86.22	
86.22	
86.22	
86.22	
86.22	
86.22	
86.22	
86.22	
86.22	
85.8	
83.61	
83.61	
83.61	
83.61	
83.61	
83.61	

Run no: 11
96.37	
96.22	
96.22	
94.35	
91.69	
91.69	
90.15	
90.15	
86.29	
83.85	
83.85	
83.85	
83.6	
83.6	
83.17	
83.17	
82.56	
82.26	
82.26	
79.39	
79.39	
79.39	
79.39	
79.39	
79.32	
79.32	
79.15	
79.15	
79.15	
74.26	
74.26	

Run no: 12
89.24	
89.24	
89.24	
89.24	
86.72	
86.72	
86.72	
86.72	
85.22	
85.22	
85.22	
85.22	
85.22	
81.74	
78.52	
78.52	
78.46	
78.46	
78.46	
78.46	
78.11	
78.11	
78.11	
77.79	
77.79	
77.79	
77.79	
77.79	
77.79	
77.67	
77.67	

Run no: 13
90.45	
90.45	
87.94	
87.94	
87.89	
87.89	
87.89	
87.89	
87.25	
87.25	
87.25	
87.25	
87.25	
86.2	
81.75	
81.75	
81.75	
81.75	
81.75	
81.75	
81.72	
81.72	
81.42	
81.42	
81.42	
81.42	
81.42	
81.42	
81.42	
81.42	
81.42	

Run no: 14
96.37	
94.75	
94.0	
94.0	
94.0	
94.0	
88.05	
88.05	
88.05	
88.05	
85.99	
85.99	
85.99	
85.94	
85.94	
85.94	
85.2	
82.53	
82.53	
82.53	
82.53	
82.53	
82.53	
80.06	
80.06	
80.06	
80.06	
80.06	
80.06	
80.06	
80.06	

Run no: 15
95.44	
93.57	
87.42	
87.42	
87.42	
87.42	
87.42	
82.38	
82.36	
82.36	
82.36	
82.36	
82.36	
82.36	
82.16	
82.16	
82.16	
82.16	
82.16	
82.16	
82.16	
82.13	
82.13	
77.45	
77.45	
77.45	
77.45	
77.45	
77.35	
77.35	
77.27	

Run no: 16
93.32	
93.32	
88.58	
88.58	
88.58	
88.32	
87.63	
87.63	
87.63	
87.63	
87.63	
87.63	
87.63	
83.5	
83.5	
83.5	
83.5	
83.5	
83.4	
83.4	
83.4	
83.4	
83.4	
83.18	
82.91	
82.91	
82.91	
77.94	
77.94	
77.94	
77.94	

Run no: 17
94.91	
85.96	
85.96	
85.96	
85.96	
83.66	
83.66	
83.66	
82.93	
82.93	
82.93	
82.93	
82.93	
82.73	
82.73	
81.15	
81.15	
81.15	
81.1	
81.1	
81.1	
81.1	
81.06	
81.06	
81.06	
81.06	
81.06	
81.06	
80.78	
80.78	
80.78	

Run no: 18
97.67	
97.13	
97.13	
97.13	
92.52	
90.03	
90.03	
90.03	
90.03	
89.96	
89.66	
89.66	
89.66	
89.66	
89.66	
83.14	
83.14	
83.14	
83.14	
83.14	
82.96	
79.67	
79.67	
79.67	
79.67	
79.67	
79.67	
79.67	
79.67	
79.67	
79.67	

Run no: 19
93.6	
93.6	
87.47	
87.47	
87.47	
87.47	
87.47	
87.38	
84.51	
84.51	
84.51	
84.51	
84.51	
84.51	
84.51	
84.51	
84.51	
84.51	
84.51	
82.41	
82.41	
82.41	
82.41	
82.41	
82.41	
82.41	
82.4	
82.4	
82.4	
82.4	
82.4	

Run no: 20
91.55	
91.55	
91.55	
91.55	
91.05	
91.05	
91.05	
91.05	
91.05	
91.05	
91.05	
82.21	
82.21	
82.21	
82.21	
82.21	
82.21	
80.23	
80.23	
80.23	
80.23	
80.23	
80.23	
80.23	
80.23	
80.23	
80.23	
80.23	
80.23	
80.23	
80.23	

Run no: 21
95.64	
95.64	
92.61	
92.61	
92.61	
92.46	
92.46	
87.8	
87.8	
87.8	
87.8	
87.8	
86.7	
86.7	
86.7	
81.23	
81.23	
81.23	
81.23	
81.12	
81.12	
81.12	
81.12	
81.12	
81.12	
81.12	
81.12	
81.12	
81.12	
81.12	
77.44	

Run no: 22
97.23	
87.81	
87.81	
87.81	
87.81	
86.77	
86.77	
86.77	
86.77	
79.71	
79.71	
79.71	
79.71	
79.71	
78.12	
78.12	
78.12	
78.12	
78.12	
78.12	
78.09	
78.09	
78.09	
78.09	
78.09	
78.09	
78.09	
76.77	
76.77	
76.77	
76.77	

Run no: 23
87.48	
87.48	
87.48	
87.48	
87.48	
87.48	
87.48	
87.48	
87.48	
87.48	
87.02	
84.72	
84.72	
84.72	
84.72	
84.49	
84.49	
83.39	
83.39	
83.39	
83.39	
83.39	
83.39	
83.39	
83.39	
83.39	
83.39	
83.39	
83.39	
82.69	
82.69	

Run no: 24
90.91	
90.91	
89.53	
89.32	
89.32	
89.32	
89.32	
89.32	
89.32	
89.32	
88.94	
88.94	
88.94	
88.94	
88.46	
87.47	
87.47	
85.6	
85.6	
85.6	
85.6	
85.6	
85.6	
85.6	
85.6	
85.6	
85.6	
85.6	
85.6	
85.6	
85.6	

Run no: 25
88.74	
88.74	
88.74	
88.74	
88.74	
88.74	
88.59	
84.63	
84.61	
84.29	
84.29	
84.29	
84.16	
81.62	
81.62	
81.62	
81.62	
81.62	
81.62	
81.62	
81.62	
81.62	
81.62	
81.62	
81.62	
80.7	
80.7	
80.7	
80.7	
80.7	
80.7	

Run no: 26
87.14	
87.14	
87.14	
87.14	
87.14	
87.14	
87.12	
87.12	
86.4	
86.4	
86.4	
86.4	
86.4	
86.4	
86.36	
83.68	
83.68	
81.45	
81.45	
81.45	
81.45	
81.45	
81.45	
81.45	
81.45	
81.38	
81.13	
76.57	
76.57	
76.57	
76.57	

Run no: 27
89.7	
89.7	
89.7	
80.64	
80.64	
80.64	
80.64	
80.64	
80.49	
80.49	
80.49	
80.14	
80.14	
80.14	
80.14	
80.14	
80.14	
80.14	
80.14	
80.14	
80.14	
80.14	
80.14	
80.14	
80.14	
80.14	
80.14	
80.14	
80.14	
80.14	
80.14	

Run no: 28
95.97	
88.92	
88.92	
88.92	
88.92	
88.92	
88.69	
88.69	
82.91	
82.91	
82.91	
82.91	
82.91	
82.91	
82.91	
82.91	
82.91	
82.91	
82.91	
82.91	
82.91	
82.91	
82.91	
82.91	
82.91	
82.91	
82.91	
82.91	
82.49	
82.49	
82.49	

Run no: 29
97.58	
90.8	
86.94	
86.94	
86.94	
86.94	
86.94	
86.94	
79.26	
79.26	
79.26	
79.26	
79.26	
79.26	
78.35	
78.35	
78.35	
78.35	
78.35	
78.35	
78.35	
76.3	
76.3	
76.3	
76.3	
76.3	
76.3	
76.3	
76.3	
76.3	
76.3	
