
Run no: 0
92.74	
92.74	
92.74	
92.74	
90.82	
90.82	
90.82	
90.82	
86.51	
86.51	
86.51	
86.51	
86.51	
86.51	
86.51	
86.01	
86.01	
83.02	
82.96	
82.81	
82.81	
82.81	
82.81	
82.46	
82.46	
81.53	
81.53	
81.53	
81.53	
81.53	
81.53	

Run no: 1
95.91	
95.91	
95.17	
93.26	
93.26	
87.77	
87.77	
87.77	
87.77	
86.07	
86.07	
86.07	
86.07	
86.07	
86.07	
86.07	
86.07	
86.07	
83.85	
83.85	
83.4	
83.4	
83.26	
83.23	
82.32	
82.32	
82.19	
82.19	
81.75	
81.75	
81.62	

Run no: 2
92.47	
92.47	
85.9	
85.9	
85.9	
85.9	
85.9	
82.83	
82.83	
82.83	
82.83	
82.83	
82.75	
82.75	
82.59	
82.59	
82.59	
77.37	
77.37	
77.37	
77.37	
77.37	
77.37	
77.37	
77.37	
77.37	
77.37	
77.37	
77.37	
77.34	
77.24	

Run no: 3
91.81	
90.76	
90.76	
90.76	
90.76	
90.76	
90.76	
90.76	
90.76	
90.76	
90.76	
89.7	
89.7	
84.1	
83.86	
83.86	
83.86	
83.86	
83.86	
83.86	
83.86	
83.82	
83.55	
83.55	
83.55	
83.45	
80.61	
80.61	
80.61	
79.72	
79.72	

Run no: 4
93.88	
93.88	
93.88	
93.88	
93.88	
93.88	
89.33	
89.33	
87.12	
87.12	
87.04	
87.04	
87.04	
87.04	
87.04	
87.04	
87.04	
87.04	
83.44	
83.44	
83.44	
83.15	
83.15	
83.15	
83.15	
83.15	
83.15	
82.87	
82.87	
82.87	
82.87	

Run no: 5
93.03	
93.03	
93.03	
93.03	
92.88	
86.08	
86.08	
86.08	
86.08	
85.79	
85.79	
85.79	
85.57	
85.07	
85.07	
85.07	
85.07	
83.58	
83.58	
83.58	
83.58	
83.58	
77.48	
77.48	
77.48	
77.41	
77.41	
77.41	
77.41	
77.41	
77.41	

Run no: 6
95.15	
95.15	
92.21	
92.13	
90.32	
90.32	
90.32	
90.32	
83.04	
83.04	
83.04	
83.04	
83.04	
82.99	
82.99	
82.95	
82.95	
82.95	
80.68	
80.68	
80.68	
80.68	
80.68	
80.1	
80.1	
80.1	
79.92	
79.92	
79.92	
79.92	
79.51	

Run no: 7
97.34	
97.34	
97.34	
96.14	
95.66	
95.66	
95.66	
95.52	
90.88	
90.25	
90.25	
90.25	
83.67	
83.67	
83.67	
83.67	
82.87	
82.87	
82.87	
82.87	
82.87	
82.87	
82.77	
82.77	
82.77	
82.7	
82.7	
82.7	
82.66	
82.66	
82.66	

Run no: 8
93.71	
86.46	
86.46	
86.46	
86.46	
86.46	
86.46	
86.46	
86.46	
86.46	
86.15	
86.15	
86.15	
86.15	
85.6	
85.6	
85.6	
85.6	
85.6	
85.6	
85.01	
85.01	
85.01	
84.76	
84.3	
84.3	
84.3	
84.3	
83.42	
83.42	
83.42	

Run no: 9
97.41	
97.41	
96.81	
95.41	
92.47	
92.47	
91.02	
91.02	
91.02	
89.94	
89.94	
89.78	
87.13	
87.13	
86.8	
86.67	
86.67	
86.67	
86.67	
86.67	
86.66	
86.66	
86.66	
86.66	
86.66	
86.66	
79.6	
79.6	
79.6	
79.6	
79.6	

Run no: 10
92.73	
92.73	
92.73	
83.93	
83.93	
83.93	
83.93	
83.83	
83.83	
83.83	
81.83	
81.83	
81.83	
81.83	
81.83	
75.61	
75.61	
75.61	
75.61	
75.61	
75.61	
75.61	
75.61	
75.61	
75.61	
75.44	
75.44	
75.32	
75.32	
75.19	
75.19	

Run no: 11
92.91	
92.91	
92.91	
91.52	
91.52	
91.52	
91.49	
87.4	
87.4	
87.4	
87.4	
87.4	
87.4	
87.4	
87.2	
86.67	
86.67	
86.67	
86.17	
86.17	
86.17	
85.22	
85.22	
85.22	
85.22	
81.74	
81.74	
81.29	
81.29	
81.29	
80.39	

Run no: 12
87.35	
87.35	
87.35	
87.35	
87.35	
87.03	
86.19	
86.19	
86.19	
86.19	
85.47	
85.27	
85.27	
85.27	
84.92	
84.92	
84.92	
84.92	
84.92	
84.92	
84.92	
84.92	
84.92	
84.92	
84.92	
83.68	
83.68	
83.33	
83.33	
83.33	
82.75	

Run no: 13
97.29	
94.76	
94.76	
94.76	
92.76	
88.61	
88.61	
88.61	
88.61	
88.61	
88.59	
88.59	
84.67	
79.55	
79.55	
79.55	
79.55	
79.55	
79.55	
79.55	
79.49	
79.49	
79.49	
78.96	
78.95	
78.95	
78.95	
78.95	
78.81	
78.81	
78.81	

Run no: 14
95.03	
95.03	
95.03	
95.03	
84.99	
84.99	
84.99	
84.99	
84.99	
84.99	
84.99	
81.66	
81.66	
81.66	
81.66	
81.66	
81.66	
81.66	
81.66	
81.58	
81.58	
81.58	
81.57	
81.57	
79.98	
79.98	
79.98	
79.98	
79.98	
79.98	
79.8	

Run no: 15
92.92	
92.92	
92.92	
92.92	
92.92	
92.61	
91.29	
91.29	
89.77	
89.57	
89.57	
88.39	
88.39	
87.11	
87.11	
86.52	
86.52	
86.52	
86.52	
80.87	
80.87	
80.87	
80.87	
80.87	
80.87	
79.63	
79.63	
79.63	
79.63	
79.63	
79.54	

Run no: 16
97.5	
93.94	
88.45	
84.22	
84.22	
84.22	
83.97	
83.97	
83.97	
83.97	
83.93	
82.01	
82.01	
81.98	
81.98	
81.98	
81.98	
81.98	
81.98	
81.98	
81.88	
81.88	
81.88	
79.58	
79.58	
79.03	
79.03	
79.03	
79.03	
79.03	
79.03	

Run no: 17
90.2	
90.2	
88.72	
88.72	
88.72	
86.26	
86.26	
86.26	
86.26	
86.22	
86.22	
82.2	
82.2	
81.85	
81.85	
81.85	
81.85	
81.28	
81.28	
81.23	
80.62	
78.97	
78.97	
78.97	
78.97	
78.97	
78.97	
78.97	
78.97	
78.97	
78.9	

Run no: 18
94.31	
94.31	
93.56	
92.63	
90.23	
90.23	
90.23	
90.23	
90.23	
90.2	
90.2	
89.71	
89.37	
89.37	
89.37	
89.37	
89.37	
89.37	
85.22	
85.22	
85.22	
79.25	
79.25	
79.25	
79.25	
79.25	
79.25	
79.25	
79.25	
79.25	
79.25	

Run no: 19
94.74	
94.74	
87.06	
87.06	
84.19	
84.19	
81.56	
81.56	
81.56	
79.41	
79.41	
79.41	
79.41	
79.01	
79.01	
79.01	
77.95	
77.95	
77.95	
77.95	
76.03	
76.03	
75.93	
75.93	
75.93	
75.93	
75.93	
75.93	
75.78	
75.78	
75.72	

Run no: 20
95.08	
92.93	
92.93	
92.36	
92.03	
89.74	
89.74	
89.74	
89.74	
89.74	
87.49	
86.91	
86.91	
85.48	
85.48	
85.48	
85.48	
85.48	
85.45	
82.61	
82.61	
82.61	
82.61	
82.61	
82.61	
82.61	
82.11	
82.11	
82.11	
81.34	
81.07	

Run no: 21
99.41	
95.11	
93.83	
93.51	
92.1	
90.66	
90.66	
90.66	
90.66	
90.66	
90.36	
90.36	
90.36	
90.36	
90.36	
88.5	
88.5	
88.5	
88.5	
88.43	
88.42	
88.42	
88.42	
88.42	
88.35	
88.3	
87.64	
87.64	
87.64	
87.64	
87.6	

Run no: 22
97.0	
97.0	
97.0	
94.73	
94.6	
94.3	
94.3	
94.3	
94.3	
93.15	
93.15	
90.68	
90.68	
89.98	
87.09	
87.09	
86.65	
86.4	
86.4	
86.05	
86.05	
86.05	
86.05	
85.94	
85.94	
85.94	
85.94	
85.94	
85.94	
85.94	
78.46	

Run no: 23
96.82	
86.94	
86.31	
86.31	
86.31	
86.31	
86.31	
86.31	
86.31	
86.31	
79.22	
78.73	
78.73	
78.73	
78.73	
78.73	
78.23	
78.23	
78.23	
78.23	
77.94	
77.94	
77.94	
76.33	
76.33	
76.33	
76.05	
75.67	
75.61	
75.61	
75.42	

Run no: 24
93.83	
92.71	
92.71	
92.41	
89.46	
89.46	
89.46	
89.46	
87.16	
87.16	
87.16	
81.23	
81.23	
80.8	
80.8	
80.8	
80.8	
80.8	
78.75	
78.75	
78.6	
78.6	
78.6	
77.09	
77.09	
77.09	
77.09	
76.54	
76.54	
76.54	
76.14	

Run no: 25
92.62	
92.62	
91.37	
88.81	
88.81	
88.81	
88.81	
88.81	
88.81	
88.81	
88.81	
88.81	
88.24	
88.24	
80.0	
79.93	
79.93	
79.93	
79.93	
78.94	
74.76	
74.76	
74.76	
74.76	
74.76	
74.76	
74.38	
74.38	
74.38	
74.38	
74.38	

Run no: 26
86.43	
86.43	
86.43	
86.24	
86.24	
86.24	
84.62	
84.62	
84.62	
84.62	
84.62	
84.62	
84.43	
84.43	
84.36	
83.15	
83.15	
82.86	
82.86	
82.72	
82.72	
82.72	
82.54	
82.54	
82.54	
82.54	
82.4	
82.4	
82.4	
82.4	
82.4	

Run no: 27
97.33	
91.5	
91.5	
91.5	
89.5	
89.5	
89.5	
89.5	
88.5	
88.47	
88.47	
88.47	
88.43	
82.79	
82.79	
82.79	
82.79	
82.79	
82.69	
82.41	
82.41	
82.41	
82.41	
80.84	
80.84	
80.67	
80.56	
79.65	
79.65	
79.65	
78.75	

Run no: 28
93.58	
92.35	
92.35	
91.36	
91.02	
90.97	
90.94	
90.94	
90.91	
90.8	
89.86	
89.86	
89.86	
89.86	
84.38	
84.38	
84.19	
83.26	
83.04	
83.04	
83.04	
81.54	
81.54	
81.54	
81.54	
81.02	
81.02	
79.92	
79.92	
79.92	
79.92	

Run no: 29
92.77	
92.77	
92.71	
91.48	
86.44	
86.44	
86.39	
85.95	
85.95	
85.95	
85.95	
85.95	
85.95	
84.29	
84.29	
84.29	
84.29	
84.29	
83.98	
83.98	
83.98	
83.98	
83.98	
81.15	
81.15	
81.15	
81.15	
80.92	
78.55	
78.55	
78.55	
