
Run no: 1
46.46	
45.14	
44.89	
44.37	
44.37	
44.37	
44.37	
43.42	
43.42	
43.42	
43.42	
43.4	
43.35	
43.35	
42.29	
42.29	
42.29	
42.29	
41.61	
41.61	
41.61	
41.61	
41.59	
41.59	
41.53	
41.39	
41.39	
41.38	
41.28	
41.16	
40.95	

Run no: 2
45.89	
45.89	
42.19	
42.19	
42.19	
42.19	
42.19	
42.11	
42.11	
42.05	
42.0	
41.91	
41.9	
41.9	
41.9	
41.9	
41.9	
41.9	
41.9	
41.41	
41.41	
41.41	
41.41	
41.41	
41.41	
40.87	
40.87	
40.87	
40.61	
40.61	
40.61	

Run no: 3
46.65	
43.59	
43.59	
43.59	
43.59	
43.59	
43.59	
43.53	
43.53	
43.53	
43.47	
43.47	
43.47	
43.47	
42.99	
42.99	
42.9	
42.9	
42.9	
42.9	
42.9	
42.9	
42.86	
42.7	
42.59	
42.59	
42.31	
42.31	
42.31	
42.31	
42.31	

Run no: 4
45.82	
43.8	
43.8	
43.8	
42.39	
42.39	
42.39	
42.09	
42.09	
42.09	
41.23	
41.23	
41.23	
41.23	
41.23	
41.23	
41.23	
41.23	
41.06	
41.06	
41.05	
40.98	
40.9	
40.9	
40.54	
40.54	
40.54	
40.54	
40.54	
40.54	
40.54	

Run no: 5
46.47	
44.07	
44.07	
43.56	
43.56	
43.56	
43.48	
43.32	
43.32	
43.32	
43.21	
43.21	
43.21	
43.05	
43.05	
42.95	
42.95	
42.88	
42.73	
42.23	
42.23	
42.23	
42.23	
42.23	
42.23	
42.23	
42.23	
42.23	
42.06	
42.06	
42.06	

Run no: 6
47.74	
44.54	
44.54	
44.54	
44.54	
43.61	
43.61	
43.61	
42.14	
42.14	
42.14	
42.14	
42.09	
42.09	
42.09	
42.09	
42.09	
42.09	
41.96	
41.84	
41.84	
41.84	
41.72	
41.72	
41.72	
41.72	
41.72	
41.69	
40.1	
40.1	
40.1	

Run no: 7
44.63	
44.45	
42.66	
42.66	
42.61	
42.61	
42.54	
42.54	
42.54	
42.47	
42.39	
42.39	
42.39	
42.39	
42.39	
42.29	
42.29	
42.29	
42.26	
42.09	
42.09	
42.09	
42.09	
41.84	
41.84	
41.84	
41.84	
41.84	
41.84	
41.84	
41.57	

Run no: 8
46.89	
46.89	
45.68	
44.3	
44.17	
44.17	
43.88	
43.88	
43.88	
43.88	
43.88	
43.82	
43.62	
43.62	
43.62	
42.07	
42.07	
42.07	
41.26	
41.26	
41.26	
41.26	
41.26	
41.26	
41.26	
41.26	
41.26	
41.26	
40.84	
40.84	
40.84	

Run no: 9
44.82	
44.82	
43.87	
43.87	
43.87	
43.87	
43.87	
43.87	
42.61	
42.61	
42.61	
42.61	
42.61	
42.1	
42.1	
42.1	
42.1	
42.1	
42.1	
42.1	
42.1	
42.1	
42.1	
42.1	
42.1	
41.77	
41.77	
41.77	
41.77	
41.77	
41.77	

Run no: 10
47.37	
44.18	
44.18	
44.18	
44.18	
43.44	
43.21	
42.95	
42.38	
42.38	
42.35	
42.35	
42.23	
42.23	
42.1	
41.65	
41.65	
41.65	
41.65	
41.65	
41.65	
41.65	
41.32	
41.32	
41.32	
41.32	
41.32	
41.32	
41.32	
41.28	
41.28	

Run no: 11
44.89	
43.97	
42.51	
42.49	
42.49	
42.49	
42.38	
42.38	
42.18	
42.18	
41.6	
41.6	
41.1	
41.1	
41.1	
41.1	
41.1	
40.95	
40.95	
40.95	
40.95	
40.95	
40.95	
40.88	
40.88	
40.88	
40.88	
40.88	
40.86	
40.75	
40.75	

Run no: 12
45.92	
45.0	
44.53	
44.53	
44.53	
44.53	
43.66	
42.78	
42.77	
42.05	
41.93	
41.48	
41.48	
41.48	
41.48	
41.3	
41.3	
41.3	
41.3	
41.3	
41.17	
41.17	
41.17	
41.11	
41.08	
41.06	
40.88	
40.88	
40.88	
40.88	
40.88	

Run no: 13
44.58	
44.58	
44.58	
44.36	
44.36	
44.36	
44.36	
43.23	
43.23	
43.14	
43.14	
43.14	
43.14	
43.1	
42.6	
42.6	
42.6	
41.63	
41.63	
41.63	
41.63	
41.63	
41.63	
41.63	
41.63	
41.63	
41.63	
41.57	
41.57	
41.47	
41.47	

Run no: 14
42.79	
42.79	
42.79	
41.42	
41.42	
41.42	
41.42	
41.42	
41.42	
41.42	
41.42	
41.42	
41.42	
41.42	
41.42	
41.42	
41.42	
41.42	
41.42	
41.4	
41.4	
41.29	
41.04	
41.04	
41.04	
41.0	
41.0	
41.0	
40.82	
40.82	
40.82	

Run no: 15
44.93	
44.93	
44.93	
44.93	
43.95	
43.95	
43.76	
43.76	
43.76	
43.39	
43.39	
43.39	
43.36	
43.32	
43.32	
42.73	
42.41	
42.37	
42.37	
42.37	
42.37	
42.37	
42.37	
42.37	
42.37	
42.0	
42.0	
42.0	
42.0	
42.0	
42.0	

Run no: 16
45.21	
45.21	
43.34	
43.34	
43.34	
43.34	
43.22	
43.22	
43.22	
43.08	
42.97	
42.97	
42.62	
42.49	
41.81	
41.81	
41.81	
41.81	
41.81	
41.81	
41.65	
41.31	
41.31	
41.3	
40.85	
40.85	
40.85	
40.79	
40.79	
40.79	
40.39	

Run no: 17
46.66	
46.66	
46.66	
46.66	
46.66	
44.33	
44.33	
44.33	
44.33	
44.33	
43.11	
43.11	
43.11	
43.11	
43.11	
43.11	
43.11	
43.11	
43.11	
42.97	
42.97	
42.84	
42.84	
42.72	
42.62	
42.62	
42.46	
42.06	
42.06	
42.06	
42.06	

Run no: 18
45.81	
45.81	
45.81	
45.81	
45.81	
45.67	
44.63	
44.63	
44.4	
44.07	
44.07	
44.07	
43.61	
43.61	
43.61	
43.61	
42.87	
42.87	
42.69	
42.69	
42.69	
42.69	
42.69	
42.69	
42.69	
42.51	
42.46	
41.15	
41.15	
41.15	
41.15	

Run no: 19
43.67	
43.67	
43.67	
43.25	
43.25	
43.25	
43.25	
43.25	
43.25	
43.25	
43.25	
43.25	
43.16	
43.16	
43.16	
43.16	
43.16	
43.16	
43.16	
42.58	
42.58	
42.58	
41.67	
41.67	
41.67	
41.67	
41.67	
41.67	
41.67	
41.67	
41.67	

Run no: 20
46.73	
43.5	
43.37	
43.29	
43.14	
42.84	
42.84	
42.84	
42.84	
42.84	
42.84	
42.84	
42.36	
42.36	
42.36	
42.36	
42.36	
42.36	
42.36	
42.36	
42.36	
41.76	
41.76	
41.76	
41.76	
41.69	
41.69	
41.69	
41.69	
41.69	
41.69	

Run no: 21
44.87	
44.87	
44.43	
44.43	
44.43	
42.63	
42.63	
42.38	
42.36	
42.3	
42.3	
42.3	
42.3	
42.3	
42.3	
42.3	
42.23	
42.22	
42.22	
42.22	
42.22	
42.16	
42.16	
42.03	
42.03	
42.03	
41.85	
41.53	
41.18	
41.18	
41.18	

Run no: 22
46.37	
43.77	
43.77	
43.77	
43.77	
43.58	
43.58	
43.58	
43.58	
43.58	
43.34	
43.34	
42.99	
42.99	
42.99	
42.66	
42.66	
42.65	
42.65	
42.6	
42.6	
42.6	
42.37	
42.37	
42.29	
42.29	
42.13	
42.13	
41.96	
41.68	
41.68	

Run no: 23
43.86	
43.86	
43.86	
43.86	
43.36	
42.73	
42.54	
42.3	
42.3	
42.23	
42.23	
42.23	
42.2	
41.98	
41.98	
41.98	
41.98	
41.69	
41.69	
41.69	
41.69	
41.19	
41.19	
41.19	
41.15	
41.15	
41.09	
41.09	
41.09	
41.09	
41.09	

Run no: 24
43.84	
43.84	
43.84	
43.84	
43.84	
43.41	
43.16	
42.77	
42.77	
40.96	
40.96	
40.87	
40.87	
40.75	
40.63	
40.63	
40.63	
40.63	
40.63	
40.42	
40.42	
40.42	
40.42	
40.42	
40.42	
39.7	
39.7	
39.7	
39.7	
39.7	
39.7	

Run no: 25
45.27	
44.36	
44.07	
44.07	
44.07	
43.8	
43.8	
41.7	
41.7	
41.7	
41.68	
41.68	
41.5	
41.5	
41.5	
41.5	
41.5	
41.5	
41.5	
41.46	
41.46	
41.46	
41.46	
41.45	
40.7	
40.7	
40.7	
40.7	
40.6	
40.6	
40.55	

Run no: 26
47.2	
43.8	
43.09	
43.09	
43.09	
43.09	
42.92	
42.92	
42.62	
42.62	
42.62	
42.61	
42.55	
42.54	
42.12	
42.12	
42.12	
42.12	
42.12	
42.12	
42.12	
42.12	
41.81	
41.72	
41.72	
41.72	
41.72	
41.72	
41.51	
41.49	
41.49	

Run no: 27
45.21	
44.42	
44.42	
44.42	
44.42	
44.41	
42.49	
42.37	
41.78	
41.78	
41.78	
41.78	
41.78	
41.66	
41.66	
41.66	
41.66	
41.66	
41.66	
41.66	
41.46	
41.46	
41.46	
41.42	
41.42	
41.24	
41.06	
41.06	
40.99	
40.99	
40.99	

Run no: 28
46.02	
46.02	
46.02	
46.02	
46.02	
46.02	
43.69	
43.18	
43.08	
43.03	
43.03	
43.03	
42.96	
42.72	
42.3	
42.3	
42.3	
42.3	
42.3	
42.3	
42.3	
42.12	
42.12	
42.03	
42.03	
41.92	
41.92	
41.92	
41.92	
41.92	
41.92	

Run no: 29
43.96	
43.96	
43.77	
43.77	
43.77	
43.77	
43.15	
43.15	
43.15	
42.97	
42.97	
42.97	
42.97	
42.97	
42.4	
42.4	
42.4	
42.4	
42.4	
42.4	
42.06	
42.06	
42.06	
41.82	
41.82	
41.75	
41.75	
41.75	
41.75	
41.62	
41.31	

Run no: 30
45.02	
45.02	
45.02	
44.96	
44.96	
44.8	
44.47	
44.47	
44.36	
44.36	
44.36	
44.06	
44.06	
44.06	
43.88	
43.11	
42.15	
42.15	
42.15	
42.15	
42.15	
42.15	
42.15	
42.15	
42.15	
42.15	
42.15	
42.15	
42.15	
41.53	
41.53	
