Instance 2: 
20	77	619.75	1485	1408	1.2	1.71	2.28	1.08
18	73	541.0	1457	1384	1.22	1.73	2.23	1.01
18	72	511.78	1459	1387	1.51	1.98	2.45	0.95
17	78	604.36	1658	1580	1.59	2.14	2.54	0.95
19	71	505.9	1281	1210	1.41	1.9	2.4	0.99
19	63	725.64	1609	1546	1.15	1.8	2.42	1.27
23	71	530.4	1222	1151	1.43	1.96	2.55	1.12
18	73	307.34	983	910	1.14	1.93	2.38	1.24
19	70	431.58	955	885	1.15	1.79	2.23	1.08
20	63	392.35	1228	1165	1.29	1.95	2.36	1.07
19	73	391.95	1297	1224	1.44	2.06	2.48	1.04
20	68	517.85	1699	1631	1.45	2.02	2.46	1.01
23	73	699.22	1726	1653	1.06	1.62	2.17	1.11
24	65	379.42	1194	1129	1.39	2.13	2.6	1.22
21	70	541.67	1671	1601	1.29	1.86	2.32	1.03
17	72	437.12	989	917	1.29	1.75	2.17	0.88
17	70	585.65	1222	1152	1.31	1.83	2.35	1.04
19	65	478.37	1615	1550	1.55	2.01	2.42	0.87
21	70	589.2	1229	1159	1.25	1.83	2.26	1.01
19	66	424.11	1508	1442	1.21	1.8	2.26	1.05
19	61	387.53	1406	1345	1.55	2.17	2.59	1.04
15	78	506.0	1022	944	1.52	1.94	2.37	0.86
15	68	334.74	914	846	1.3	1.85	2.29	0.99
15	67	501.0	2047	1980	1.06	1.83	2.36	1.3
21	62	439.39	1261	1199	1.09	1.72	2.14	1.05
20	69	395.6	1005	936	1.23	1.82	2.26	1.03
19	69	525.9	1195	1126	1.26	1.79	2.24	0.99
18	69	656.0	1178	1109	1.08	1.64	2.33	1.25
22	78	492.91	1332	1254	1.11	1.79	2.36	1.25
21	65	724.53	1517	1452	1.21	1.7	2.32	1.11
15.0	61.0	307.34	914.0	846.0	1.06	1.62	2.14	0.86
19.2	69.64	505.94	1345.47	1275.84	1.3	1.87	2.36	1.07
24.0	78.0	725.64	2047.0	1980.0	1.59	2.17	2.6	1.3
19.0	70.0	505.95	1289.0	1217.0	1.28	1.83	2.36	1.04
Hyper Volumes reference point R={Pmax,Rmax}:
Run	HV(initialRun,R):	HV(finalRun,R):	
0	1492.97	846.24
1	1208.9	1567.94
2	1135.69	1158.73
3	794.74	794.74
4	1190.29	1027.18
5	566.5	1372.0
6	605.21	1011.86
7	1341.61	1556.11
8	1328.4	1354.86
9	835.9	1525.93
10	1401.33	946.01
11	643.68	1008.34
12	1310.4	1439.81
13	1203.72	405.21
14	1184.79	1232.65
15	1351.0	1422.96
16	824.78	1251.95
17	1015.4	732.48
18	1167.61	1008.32
19	1039.0	1352.89
20	784.09	776.6
21	907.13	819.26
22	887.25	916.66
23	943.41	943.41
24	826.32	1334.25
25	1340.82	1240.38
26	1070.31	1199.23
27	1134.09	1134.09
28	910.2	1104.85
29	1145.77	1145.77
Epsilon Distance Values (A,B):
Run	Iepsilon(finalRun,initRun):	Iepsilon(initRun,finalRun):	
0	1.0	4.69
1	1.0	5.1
2	1.0	5.21
3	1.05	5.18
4	1.0	4.98
5	1.0	5.75
6	1.0	4.85
7	1.0	5.33
8	1.0	5.42
9	1.0	6.18
10	1.03	4.98
11	1.02	4.95
12	1.0	4.94
13	1.0	5.79
14	1.0	5.46
15	1.0	4.98
16	1.0	4.73
17	1.0	5.85
18	1.02	5.38
19	1.0	5.5
20	1.0	5.89
21	1.0	4.4
22	1.0	5.67
23	1.0	5.14
24	1.01	5.57
25	1.0	5.47
26	1.0	5.09
27	1.0	5.11
28	1.0	4.39
29	1.0	5.97
Euclidean Distance Values
Run	InitMinDistance	InitAvgDistance	InitDistanceStDev	InitGD	FinalMinDistance	FinalAvgDistance	FinalDistanceStDev	FinalGD	
0	0.01248552199266557	0.1121627588889983	0.04769732427780504	0.0	0.08238970270246995	0.024013986513427454
1	0.014610081047200333	0.13880099445099392	0.07076939104272209	0.0	0.05840103221648116	0.01955435017804302
2	0.058204715128265985	0.18382567100765976	0.0823143966970926	0.053954284438894315	0.1227106361445874	0.032151020933542045
3	0.17147644416650962	0.2515202820755106	0.08263927255305635	0.0334969445543128	0.18741245658026445	0.052800948061886094
4	0.024721279689772176	0.16079656103709358	0.07208947526758452	0.015380739132736188	0.09710641557339196	0.026609836480723955
5	0.031992244304411055	0.19229109928885002	0.0807213339765223	0.02275890956147036	0.12252152120000588	0.032619530722647554
6	0.10842884039721556	0.192794885412723	0.06343331790850243	0.02642246084385134	0.13179065260112308	0.028368403428545286
7	0.039318392366575076	0.1160133470973	0.05207023395664568	0.0	0.055249970286392745	0.016401093297399662
8	0.033184862339671634	0.08976208130807642	0.03767751394346014	0.0	0.03895522262993108	0.011225304794256713
9	0.011148812409112942	0.13888473258162437	0.06926265218771957	0.008240426563257392	0.08741781597603175	0.021673586106565473
10	0.08978076919826342	0.14974675085627423	0.05158896658222731	0.039324206478143074	0.11772861318188495	0.028881422826152872
11	0.06180291484134603	0.16069090424609928	0.06675879722310606	0.06661549336212588	0.1445697975324396	0.0347390690992941
12	0.001454192922927775	0.08442608260826215	0.031137210581787506	0.0	0.057904720459444996	0.016225262314830527
13	0.018904507998061076	0.18339503250822656	0.08328472170253	0.006776802524826128	0.09748772642279352	0.02248919170678605
14	0.03787142144791378	0.1495818360545654	0.0544737327790663	0.015996122152205527	0.0940257849394792	0.022781779786407042
15	0.028661866629873026	0.10024078133209365	0.0353525051183126	0.0	0.03103919348291296	0.009780335192481518
16	0.03363146638818648	0.16939613496869496	0.0625336730768486	0.023336775575313072	0.10737297685688209	0.029082296354190885
17	0.05790318825126843	0.2127669117114491	0.07406861854208788	0.05198477347275112	0.13461086582602294	0.03404140639607895
18	0.06284213201102341	0.1504963197817685	0.04228831237997304	0.017116031212241787	0.10923505179665523	0.02636282680573748
19	0.010179350460494426	0.09800848566316085	0.05195813033610885	0.010179350460494426	0.044986083542687606	0.0131346970288666
20	0.14454968814527258	0.27884284216787814	0.09379429062619951	0.0	0.11667372594912355	0.03477876840316967
21	0.09857402134244382	0.20097148635555562	0.0669085819286637	0.06850083938147826	0.12491209880638007	0.03310876702547059
22	0.008402159531527726	0.18717002917575234	0.09282225739432498	0.0	0.023480708537516524	0.009446529568705146
23	0.0	0.09142021422274468	0.05411544675436971	0.0	0.07078739401505904	0.023933589950433244
24	0.0	0.09408058040890702	0.0395991438341696	0.0	0.024667388116298965	0.00987572195966627
25	0.029327047574574907	0.07310358167040251	0.040691555228127105	0.0	0.02934860167957747	0.008089680451294838
26	0.037238642445859144	0.12052709119216494	0.04484360174354661	0.011148812409112942	0.06528177636953585	0.018153168427568655
27	0.015511391177896268	0.1027097814621182	0.03784357568756322	0.0	0.0601317337604356	0.016750651802612655
28	0.026498676052054988	0.09592467000149503	0.0418603968617835	0.015484522897419225	0.06221083197181054	0.014976050068946846
29	0.0300916928514018	0.13734544234810642	0.056519075174655244	0.02838246015044971	0.09932039682019318	0.02460503025391973
Spacing Value (S):
Run	Initial S:	Final S
0	75.3472285385302	3.981414195986145
1	143.46789962295472	19.09701173217332
2	92.63016800697275	47.41067775756954
3	116.30754923477666	79.42599024654082
4	76.97366995711369	46.24419764156867
5	126.24892513775116	10.703954456051742
6	104.94573163783271	24.449302455248173
7	28.853322024278842	4.6340769786921365
8	39.93822368280167	5.288512350452293
9	174.68763763930178	21.889706365093158
10	149.13457591495452	127.74418297818706
11	280.779658676569	117.91781733372608
12	129.3233541321907	7.496532783942076
13	144.89961559645354	2.2043983810151513
14	154.83348200766292	111.20475577931236
15	19.100564101617522	18.4014935643258
16	88.34931563311345	20.3555884881514
17	75.49457546075745	88.96554105546068
18	45.414849393212386	29.194942204774726
19	10.66645937298575	190.11179484903144
20	69.0254329142527	43.46417729617392
21	178.57533042388584	25.528831230591027
22	223.41012766658542	5.689243417772407
23	447.5108258176555	275.9503428726907
24	104.81758755571511	16.11456344745463
25	87.03406698529031	5.639257397920403
26	74.7464709267267	16.50175726393356
27	223.1666243437849	27.40194944403287
28	98.49648759600517	53.398529294214875
29	146.83592505144745	7.657595668914064
Aggregate Lists:Spacing in Aggregate Initial:	68.21306334520904
Spacing in Aggregate Final:	97.80433826039005
Maximum Spread Values (maximum= 1)
Run	InitialSpread	FinalSpread	
0	0.5639994514603062	0.6919637897278886
1	0.469374909356362	0.663398441857697
2	0.5014429208440485	0.6421028584827704
3	0.6034418518435699	0.6953809037892826
4	0.40667645960568105	0.6153357906411855
5	0.6839619856554985	0.7879342890377838
6	0.504171320167017	0.6481536536975437
7	0.3676899776593674	0.6491966034942814
8	0.3352649790021195	0.5813130135033892
9	0.5055122266154082	0.6331087714764657
10	0.4872537161305969	0.6356418090144579
11	0.6097273824313745	0.7263518219181456
12	0.6007136430093745	0.7620829201332558
13	0.5194848069858168	0.677067883011821
14	0.5193445287897109	0.7244292212577897
15	0.3920417677042548	0.5119127630794869
16	0.5351919046717025	0.6196310342587421
17	0.5133091931784084	0.6647002782376241
18	0.4821108095873591	0.6106367133630839
19	0.5275900407792968	0.6904534597585632
20	0.5450097157841631	0.6637467060863853
21	0.5467933151115719	0.5069672749899409
22	0.48454458244807624	0.5391812702657292
23	0.7217967064557798	0.9038120422112871
24	0.4740039731815687	0.6335063864220286
25	0.3468637007381016	0.5714832700288567
26	0.44529799534639714	0.5928170219671818
27	0.5970221824133117	0.6884096959917301
28	0.5015473594820283	0.7170504687450453
29	0.5098673215740109	0.7123547128339683
