
Run no: 0
0	1	2000.0		4429	81.38
1	1	1000.00024		68	101.68
2	1	1000.0		68	101.68
3	1	0.68989396		178	87.87
4	1	0.6760724		2597	86.63
5	1	0.3514371		3904	81.63
6	1	0.31674877		83	97.64
7	1	0.31674877		86	91.21
8	1	0.23485677		3311	83.31
9	1	0.20628929		3029	85.2
10	1	0.1695032		2817	86.43
11	1	0.14164737		3128	83.69
12	1	0.12038523		4429	81.38
13	1	0.08916256		68	101.68
14	1	0.08916256		69	99.87
15	1	0.073891625		89	89.71
16	1	0.073891625		177	89.37
17	1	0.073891625		86	91.21
18	1	0.06965344		83	97.64
19	1	0.06919482		82	99.04
20	1	0.060682062		3303	83.6
21	1	0.035960592		69	99.87
22	1	0.035960592		77	99.14
23	1	0.020178858		89	89.71
24	1	0.020178858		177	89.37
25	1	0.016978074		177	89.37
26	1	0.01674877		89	89.71
27	1	0.0123152705		4429	81.38
28	1	0.0060726344		81	99.06
29	1	0.0048581073		77	99.14
30	1	0.0018344417		77	99.14
31	1	0.0018344417		69	99.87
32	1	0.0012145268		82	99.04
33	1	6.879156E-4		86	91.21
34	1	6.879156E-4		89	89.71
35	1	6.879156E-4		86	91.21
36	1	2.2930521E-4		69	99.87
37	1	2.2930521E-4		83	97.64
38	1	0.0		86	91.21
39	1	0.0		177	89.37
40	1	0.0		86	91.21
41	1	0.0		89	89.71
42	1	0.0		77	99.14
43	1	0.0		86	91.21
44	1	0.0		69	99.87
45	1	0.0		68	101.68
46	1	0.0		68	101.68
47	1	0.0		69	99.87
48	1	0.0		68	101.68
49	1	0.0		86	91.21
50	1	0.0		77	99.14
51	1	0.0		177	89.37
52	1	0.0		77	99.14
53	1	0.0		77	99.14
54	1	0.0		89	89.71
55	1	0.0		86	91.21
56	1	0.0		86	91.21
57	1	0.0		68	101.68
58	1	0.0		68	101.68
59	1	0.0		86	91.21
60	1	0.0		69	99.87
61	1	0.0		77	99.14
62	1	0.0		77	99.14
63	1	0.0		77	99.14
64	1	0.0		86	91.21
65	1	0.0		68	101.68
66	1	0.0		68	101.68
67	1	0.0		68	101.68
68	1	0.0		77	99.14
69	1	0.0		77	99.14
70	1	0.0		77	99.14
71	1	0.0		68	101.68
72	1	0.0		68	101.68
73	1	0.0		86	91.21
74	1	0.0		77	99.14
75	1	0.0		69	99.87
76	1	0.0		69	99.87
77	1	0.0		68	101.68
78	1	0.0		77	99.14
79	1	0.0		68	101.68


Run no: 1
0	1	1000.0		3822	78.21
1	1	0.0		3822	78.21
2	1	1000.0		73	95.0
3	1	0.0		73	95.0
4	1	0.022712907		93	94.61
5	1	0.0		93	94.61
6	1	0.0		73	95.0
7	1	0.0		73	95.0
8	1	0.0		73	95.0
9	1	0.0		73	95.0
10	1	0.0		73	95.0
11	1	0.0		73	95.0
12	1	0.0		73	95.0
13	1	0.0		73	95.0
14	1	0.0		73	95.0
15	1	0.0		73	95.0
16	1	0.44788563		100	86.6
17	1	0.0		73	95.0
18	1	0.0		73	95.0
19	1	0.0		73	95.0
20	1	1000.0		73	95.0
21	1	0.0023823704		73	95.0
22	1	0.10171845		3476	83.92
23	1	0.0		73	95.0
24	1	0.0		73	95.0
25	1	0.0		73	95.0
26	1	0.006134969		100	86.6
27	1	0.001333689		93	94.61
28	1	0.0		3822	78.21
29	1	0.0		73	95.0
30	1	0.0		93	94.61
31	1	0.47893685		98	94.12
32	1	0.0		73	95.0
33	1	0.0		73	95.0
34	1	0.0		73	95.0
35	1	0.013336889		3822	78.21
36	1	0.0		73	95.0
37	1	0.0		73	95.0
38	1	0.028562868		86	94.96
39	1	1000.0		3822	78.21
40	1	0.0		73	95.0
41	1	0.0		73	95.0
42	1	0.04043818		100	86.6
43	1	1.0140859		3378	85.06
44	1	0.0		73	95.0
45	1	0.029184038		93	94.61
46	1	0.96608776		123	85.93
47	1	0.0		73	95.0
48	1	0.0		73	95.0
49	1	0.0		73	95.0
50	1	0.0		73	95.0
51	1	0.0		73	95.0
52	1	0.0034675912		73	95.0
53	1	0.0053603337		3822	78.21
54	1	0.41367745		3478	83.8
55	1	0.42469406		3772	78.3
56	2	0.030112924		3478	83.85
57	2	0.20702635		3439	85.74
58	2	0.6966542		3478	83.85
59	2	0.0		3478	83.85
60	2	0.014641289		3374	85.95
61	2	0.026348809		3374	85.95
62	2	0.019033674		3374	85.95
63	2	0.011127379		3439	85.74
64	2	0.025933634		3324	86.04
65	2	0.011292347		3374	85.95
66	2	0.04538248		3439	85.74
67	2	0.24855947		3477	84.09
68	2	0.8880091		3324	86.04
69	2	2000.0		390	86.27
70	2	0.09575403		3478	83.85
71	2	2000.0		3805	78.3
72	3	2000.0		3277	86.56
73	3	2000.0		3277	86.56
74	4	2000.0		122	86.85
75	4	2000.0		117	94.08
76	5	1000.9631		3333	86.29
77	5	1000.9349		113	94.12
78	5	1000.0651		3333	86.29
79	5	1000.0369		113	94.12


Run no: 2
0	1	2000.0		87	82.41
1	1	1000.05554		69	89.7
2	1	1000.0		69	89.7
3	1	0.9444444		70	88.95
4	1	0.89711934		70	88.95
5	1	0.10288066		69	89.7
6	1	0.10288066		70	88.95
7	1	0.055555556		70	88.95
8	1	0.0		69	89.7
9	1	0.0		69	89.7
10	1	0.0		70	88.95
11	1	0.0		70	88.95
12	1	0.0		69	89.7
13	1	0.0		69	89.7
14	1	0.0		69	89.7
15	1	0.0		69	89.7
16	1	0.0		69	89.7
17	1	0.0		69	89.7
18	1	0.0		69	89.7
19	1	0.0		69	89.7
20	1	0.0		69	89.7
21	1	0.0		69	89.7
22	1	0.0		69	89.7
23	1	0.0		69	89.7
24	1	0.0		69	89.7
25	1	0.0		69	89.7
26	1	0.0		69	89.7
27	1	0.0		69	89.7
28	1	0.0		69	89.7
29	1	0.0		69	89.7
30	1	0.0		69	89.7
31	1	0.0		69	89.7
32	1	0.0		69	89.7
33	1	0.0		69	89.7
34	1	0.0		69	89.7
35	1	0.0		69	89.7
36	1	0.0		69	89.7
37	1	0.0		69	89.7
38	1	0.0		69	89.7
39	1	0.0		69	89.7
40	1	0.0		69	89.7
41	1	0.0		69	89.7
42	1	0.0		69	89.7
43	1	0.0		69	89.7
44	1	0.0		69	89.7
45	1	0.0		69	89.7
46	1	0.0		69	89.7
47	1	0.0		69	89.7
48	1	0.0		69	89.7
49	1	0.0		69	89.7
50	1	0.0		69	89.7
51	1	0.0		70	88.95
52	1	0.0		69	89.7
53	1	0.0		69	89.7
54	1	0.0		69	89.7
55	1	0.0		69	89.7
56	1	0.0		69	89.7
57	1	0.0		69	89.7
58	1	0.0		69	89.7
59	1	0.0		69	89.7
60	1	0.0		69	89.7
61	1	0.0		69	89.7
62	1	0.0		69	89.7
63	1	0.0		69	89.7
64	1	0.0		69	89.7
65	1	0.0		69	89.7
66	1	0.0		69	89.7
67	1	0.0		69	89.7
68	1	0.0		69	89.7
69	1	0.0		69	89.7
70	1	0.0		69	89.7
71	1	0.0		69	89.7
72	1	0.0		69	89.7
73	1	0.0		69	89.7
74	1	0.0		69	89.7
75	1	0.0		69	89.7
76	1	0.0		69	89.7
77	1	0.0		69	89.7
78	1	0.0		69	89.7
79	1	0.0		69	89.7


Run no: 3
0	1	2000.0		5157	83.19
1	1	1000.0		77	94.32
2	1	0.0		77	94.32
3	1	1.0173106		4540	84.11
4	1	1.968504E-4		80	92.81
5	1	0.0		79	94.07
6	1	0.06239273		4783	83.81
7	1	0.03976378		4890	83.35
8	1	0.026954178		4783	83.81
9	1	0.012578616		4890	83.35
10	1	0.016258286		85	92.56
11	1	0.0		77	94.32
12	1	0.0		79	94.07
13	1	0.0		80	92.81
14	1	0.0		4783	83.81
15	1	0.0		4890	83.35
16	1	0.0		85	92.56
17	1	0.0		79	94.07
18	1	0.0		77	94.32
19	1	0.0		79	94.07
20	1	0.0		80	92.81
21	1	0.0		77	94.32
22	1	0.0		80	92.81
23	1	0.0		79	94.07
24	1	0.0		79	94.07
25	1	1000.0		77	94.32
26	1	0.0		80	92.81
27	1	0.0		79	94.07
28	1	0.0		77	94.32
29	1	0.113601245		79	94.07
30	1	0.0		77	94.32
31	1	0.0		80	92.81
32	1	0.0		80	92.81
33	1	0.0		80	92.81
34	1	0.022461815		77	94.32
35	1	0.11320755		80	92.81
36	1	0.0		77	94.32
37	1	0.0		79	94.07
38	1	0.022461815		80	92.81
39	1	0.022461815		85	92.56
40	1	0.066934615		5092	83.21
41	1	0.022461815		79	94.07
42	1	0.0		80	92.81
43	1	0.0		77	94.32
44	1	3.937008E-4		85	92.56
45	1	0.047834646		4783	83.81
46	1	0.021062993		4890	83.35
47	1	0.0		79	94.07
48	1	0.0		77	94.32
49	1	0.0		79	94.07
50	1	0.0		77	94.32
51	1	3.937008E-4		77	94.32
52	1	1.968504E-4		79	94.07
53	1	0.57547665		87	92.39
54	1	0.0		80	92.81
55	1	9.84252E-4		80	92.81
56	1	0.041329738		4890	83.35
57	1	0.6779883		101	86.19
58	1	1.0607011		108	84.89
59	2	2000.0		108	84.91
60	2	2000.0		96	92.53
61	2	1.0		108	84.91
62	2	1.0		108	84.91
63	2	0.0		108	84.91
64	2	0.0		108	84.91
65	2	0.0		108	84.91
66	2	0.0		108	84.91
67	2	0.0		108	84.91
68	2	0.0		108	84.91
69	2	0.0		108	84.91
70	2	0.0		108	84.91
71	2	0.0		108	84.91
72	2	0.0		108	84.91
73	2	0.0		108	84.91
74	2	0.0		108	84.91
75	2	0.0		108	84.91
76	2	0.0		108	84.91
77	2	0.0		108	84.91
78	2	0.0		108	84.91
79	2	0.0		108	84.91


Run no: 4
0	1	1000.0		144	85.18
1	1	1000.0		72	96.27
2	1	1000.0		144	85.18
3	1	1000.0		72	96.27
4	1	0.7096859		144	85.18
5	1	0.55409026		90	91.07
6	1	0.50135255		129	90.74
7	1	0.43055555		121	90.99
8	1	0.27107754		86	92.44
9	1	0.25518486		81	92.69
10	1	0.25518486		73	95.52
11	1	0.20833333		129	90.74
12	1	0.13365394		81	92.69
13	1	0.13365394		129	90.74
14	1	0.11111111		73	95.52
15	1	0.11111111		121	90.99
16	1	0.06944445		81	92.69
17	1	0.067628495		72	96.27
18	1	0.067628495		73	95.52
19	1	0.055555556		90	91.07
20	1	0.02254283		121	90.99
21	1	0.013888889		73	95.52
22	1	0.013888889		72	96.27
23	1	0.007213706		90	91.07
24	1	0.007213706		121	90.99
25	1	0.0		72	96.27
26	1	0.0		129	90.74
27	1	0.0		81	92.69
28	1	0.0		73	95.52
29	1	0.0		90	91.07
30	1	0.0		121	90.99
31	1	0.0		81	92.69
32	1	0.0		73	95.52
33	1	0.0		73	95.52
34	1	0.0		121	90.99
35	1	0.0		81	92.69
36	1	0.0		72	96.27
37	1	0.0		72	96.27
38	1	0.0		121	90.99
39	1	0.0		73	95.52
40	1	0.0		121	90.99
41	1	0.0		81	92.69
42	1	0.0		81	92.69
43	1	0.0		72	96.27
44	1	0.0		73	95.52
45	1	0.0		72	96.27
46	1	0.0		81	92.69
47	1	0.0		72	96.27
48	1	0.0		73	95.52
49	1	0.0		81	92.69
50	1	0.0		73	95.52
51	1	0.0		121	90.99
52	1	0.0		72	96.27
53	1	0.0		121	90.99
54	1	0.0		73	95.52
55	1	0.0		121	90.99
56	1	0.0		73	95.52
57	1	0.0		72	96.27
58	1	0.0		72	96.27
59	1	0.0		81	92.69
60	1	0.0		72	96.27
61	1	0.0		73	95.52
62	1	0.0		121	90.99
63	1	0.0		73	95.52
64	1	0.0		72	96.27
65	1	0.0		72	96.27
66	1	0.0		121	90.99
67	1	0.0		72	96.27
68	1	0.0		73	95.52
69	1	0.0		81	92.69
70	1	0.0		72	96.27
71	1	0.0		72	96.27
72	1	0.0		72	96.27
73	1	0.0		72	96.27
74	1	0.0		81	92.69
75	1	0.0		81	92.69
76	1	0.0		121	90.99
77	1	0.0		81	92.69
78	1	0.0		72	96.27
79	1	0.0		73	95.52


Run no: 5
0	1	2000.0		3517	79.11
1	1	1000.0003		70	93.12
2	1	1000.0		70	93.12
3	1	0.67305464		213	89.87
4	1	0.67139536		3050	82.7
5	1	0.6637755		2410	89.37
6	1	0.5802271		2602	88.85
7	1	0.39172566		3258	82.11
8	1	0.09080919		2410	89.37
9	1	0.089221984		71	92.37
10	1	0.089221984		80	91.12
11	1	0.055120394		2600	89.0
12	1	0.05353319		70	93.12
13	1	0.05353319		81	90.37
14	1	0.05353319		80	91.12
15	1	0.05353319		71	92.37
16	1	0.03829417		81	90.37
17	1	0.03829417		213	89.87
18	1	0.035978902		81	90.37
19	1	0.035688795		213	89.87
20	1	0.026409708		2600	89.0
21	1	0.011286853		2600	89.0
22	1	0.002610966		71	92.37
23	1	0.002610966		80	91.12
24	1	2.9010733E-4		71	92.37
25	1	2.9010733E-4		80	91.12
26	1	0.0		80	91.12
27	1	0.0		71	92.37
28	1	0.0		80	91.12
29	1	0.0		70	93.12
30	1	0.0		71	92.37
31	1	0.0		213	89.87
32	1	0.0		2410	89.37
33	1	0.0		2600	89.0
34	1	0.0		2600	89.0
35	1	0.0		71	92.37
36	1	0.0		70	93.12
37	1	0.0		70	93.12
38	1	0.0		80	91.12
39	1	0.0		70	93.12
40	1	0.0		71	92.37
41	1	0.0		80	91.12
42	1	0.0		71	92.37
43	1	0.0		80	91.12
44	1	0.0		71	92.37
45	1	0.0		70	93.12
46	1	0.0		70	93.12
47	1	0.0		71	92.37
48	1	0.0		71	92.37
49	1	0.0		70	93.12
50	1	0.0		80	91.12
51	1	0.0		80	91.12
52	1	0.0		71	92.37
53	1	0.0		70	93.12
54	1	0.0		80	91.12
55	1	0.0		80	91.12
56	1	0.0		80	91.12
57	1	0.0		71	92.37
58	1	0.0		70	93.12
59	1	0.0		80	91.12
60	1	0.0		71	92.37
61	1	0.0		70	93.12
62	1	0.0		71	92.37
63	1	0.0		70	93.12
64	1	0.0		71	92.37
65	1	0.0		70	93.12
66	1	0.0		71	92.37
67	1	0.0		70	93.12
68	1	0.0		70	93.12
69	1	0.0		71	92.37
70	1	0.0		80	91.12
71	1	0.0		70	93.12
72	1	0.0		71	92.37
73	1	0.0		71	92.37
74	1	0.0		70	93.12
75	1	0.0		80	91.12
76	1	0.0		80	91.12
77	1	0.0		70	93.12
78	1	0.0		71	92.37
79	1	0.0		71	92.37


Run no: 6
0	1	2000.0		566	78.78
1	1	1000.0		74	88.93
2	1	0.0		74	88.93
3	1	0.0		97	86.76
4	1	0.067073174		500	84.06
5	1	0.28275862		533	83.08
6	1	0.1408867		552	80.21
7	1	0.096551724		500	84.06
8	1	0.0		552	80.21
9	1	0.0		83	87.56
10	1	1.0851156		500	84.06
11	1	0.0		533	83.08
12	1	0.090640396		77	88.48
13	1	0.0		533	83.08
14	1	0.0		500	84.06
15	1	0.0		77	88.48
16	1	0.04464536		88	87.11
17	1	0.06262766		88	87.11
18	1	0.044334974		83	87.56
19	1	0.0		74	88.93
20	1	0.0		552	80.21
21	1	0.0		533	83.08
22	1	0.0		97	86.76
23	1	0.0		552	80.21
24	1	0.0		97	86.76
25	1	0.0121951215		83	87.56
26	1	0.0060975607		77	88.48
27	1	0.0		74	88.93
28	1	0.0		74	88.93
29	1	0.0		500	84.06
30	1	0.0		97	86.76
31	1	0.0		533	83.08
32	1	0.26600984		97	86.76
33	1	0.0		552	80.21
34	1	0.0		533	83.08
35	1	0.0		83	87.56
36	1	0.056530096		77	88.48
37	1	0.096551724		533	83.08
38	1	0.0		74	88.93
39	1	0.0		97	86.76
40	1	0.0		552	80.21
41	1	0.0		97	86.76
42	1	0.0		83	87.56
43	1	0.0		77	88.48
44	1	0.0		74	88.93
45	1	0.0		74	88.93
46	1	0.0		500	84.06
47	1	0.067073174		533	83.08
48	1	0.028455285		552	80.21
49	1	0.0		533	83.08
50	1	0.0		533	83.08
51	1	0.0		74	88.93
52	1	0.0		83	87.56
53	1	0.0		533	83.08
54	1	0.0		552	80.21
55	1	0.03448276		97	86.76
56	1	0.0		552	80.21
57	1	0.0		83	87.56
58	1	0.0		97	86.76
59	1	0.0		552	80.21
60	1	0.090640396		83	87.56
61	1	0.044334974		74	88.93
62	1	0.038617887		533	83.08
63	1	0.8191057		97	86.76
64	1	0.018292682		97	86.76
65	1	0.0		533	83.08
66	1	0.010162601		83	87.56
67	1	0.0		74	88.93
68	1	0.038617887		552	80.21
69	1	0.0		74	88.93
70	1	0.0		533	83.08
71	1	0.0		533	83.08
72	1	0.0		74	88.93
73	1	0.28275862		552	80.21
74	1	0.0		74	88.93
75	1	0.0		74	88.93
76	1	0.0		74	88.93
77	1	0.0		74	88.93
78	1	0.0		74	88.93
79	1	1000.0061		74	88.93


Run no: 7
0	1	2000.0		4102	80.75
1	1	1000.0		77	94.24
2	1	0.038012423		4102	80.75
3	1	0.0		77	94.24
4	1	0.014353213		560	86.58
5	1	0.8646624		3906	86.44
6	1	0.044041272		3949	85.99
7	1	0.0		4102	80.75
8	1	0.0		85	94.23
9	1	0.0014825797		90	90.48
10	1	0.12896694		357	89.46
11	1	0.0019875776		522	88.79
12	1	0.081841715		138	90.26
13	1	0.03436804		544	87.5
14	1	0.0		352	89.96
15	1	0.0		537	87.91
16	1	0.04521868		533	88.52
17	1	0.021061288		3906	86.44
18	1	0.38843587		3949	85.99
19	1	0.038012423		3949	85.99
20	1	0.022238696		352	89.96
21	1	0.069937795		544	87.5
22	1	0.0017391305		537	87.91
23	1	0.001242236		352	89.96
24	1	0.01907371		103	90.35
25	1	0.0		522	88.79
26	1	0.0019875776		530	88.59
27	1	0.89950305		560	86.58
28	1	0.012866582		95	90.46
29	1	0.0		130	90.32
30	1	0.0		130	90.32
31	1	0.0032136065		532	88.55
32	1	0.0029651595		530	88.59
33	1	0.002720764		532	88.55
34	1	0.0024723168		533	88.52
35	1	0.004447739		130	90.32
36	1	0.0		522	88.79
37	1	0.0		530	88.59
38	1	1000.0		77	94.24
39	1	0.0		130	90.32
40	1	0.031386673		537	87.91
41	1	0.001242236		90	90.48
42	1	0.0		90	90.48
43	1	0.001242236		85	94.23
44	1	0.0		90	90.48
45	1	0.0		533	88.52
46	1	0.0027288676		85	94.23
47	1	0.0		530	88.59
48	1	7.4128987E-4		77	94.24
49	1	0.0		3949	85.99
50	1	0.38843587		4102	80.75
51	1	0.2779837		85	94.23
52	1	0.2779837		90	90.48
53	1	0.09023219		352	89.96
54	1	0.0		130	90.32
55	1	0.014825797		522	88.79
56	1	0.0		533	88.52
57	1	0.0067080744		130	90.32
58	1	0.0		537	87.91
59	1	0.0		530	88.59
60	1	0.09066021		522	88.79
61	1	0.0		530	88.59
62	1	0.0019875776		77	94.24
63	1	9.937888E-4		533	88.52
64	1	0.0		530	88.59
65	1	0.0		90	90.48
66	1	0.0		90	90.48
67	1	0.0022238696		130	90.32
68	1	0.04521868		537	87.91
69	1	0.0		130	90.32
70	1	0.0		130	90.32
71	1	0.0		530	88.59
72	1	0.0		530	88.59
73	1	0.0		90	90.48
74	1	0.0		530	88.59
75	1	0.001242236		90	90.48
76	1	0.0019875776		130	90.32
77	1	0.0		530	88.59
78	1	0.0		530	88.59
79	1	0.015322692		530	88.59


Run no: 8
0	1	2000.0		73	100.89
1	1	1000.0331		496	83.73
2	1	1000.01166		496	83.73
3	1	0.84486026		461	88.21
4	1	0.7825059		130	90.31
5	1	0.50184745		90	92.4
6	1	0.18564533		478	84.67
7	1	0.14129016		461	88.21
8	1	0.13306552		472	86.71
9	1	0.12237762		130	90.31
10	1	0.08126684		469	87.14
11	1	0.08037825		127	90.75
12	1	0.08037825		93	91.96
13	1	0.070512824		93	91.96
14	1	0.070512824		127	90.75
15	1	0.06583015		90	92.4
16	1	0.043123543		482	83.93
17	1	0.03309693		482	83.93
18	1	0.032733224		130	90.31
19	1	0.025641026		127	90.75
20	1	0.025641026		93	91.96
21	1	0.017482517		469	87.14
22	1	0.017482517		471	86.84
23	1	0.011655011		482	83.93
24	1	0.009939824		472	86.71
25	1	0.009456265		482	83.93
26	1	0.007575758		471	86.84
27	1	0.0070921984		93	91.96
28	1	0.0070921984		127	90.75
29	1	0.0047281324		469	87.14
30	1	0.0047281324		471	86.84
31	1	0.0023640662		471	86.84
32	1	0.0		130	90.31
33	1	0.0		127	90.75
34	1	0.0		93	91.96
35	1	0.0		127	90.75
36	1	0.0		469	87.14
37	1	0.0		90	92.4
38	1	0.0		496	83.73
39	1	0.0		90	92.4
40	1	0.0		127	90.75
41	1	0.0		93	91.96
42	1	0.0		469	87.14
43	1	0.0		469	87.14
44	1	0.0		471	86.84
45	1	0.0		471	86.84
46	1	0.0		127	90.75
47	1	0.0		93	91.96
48	1	0.0		471	86.84
49	1	0.0		472	86.71
50	1	0.0		130	90.31
51	1	0.0		93	91.96
52	1	0.0		130	90.31
53	1	0.0		127	90.75
54	1	0.0		90	92.4
55	1	0.0		90	92.4
56	1	0.0		469	87.14
57	1	0.0		471	86.84
58	1	0.0		471	86.84
59	1	0.0		90	92.4
60	1	0.0		93	91.96
61	1	0.0		130	90.31
62	1	0.0		471	86.84
63	1	0.0		127	90.75
64	1	0.0		127	90.75
65	1	0.0		471	86.84
66	1	0.0		93	91.96
67	1	0.0		90	92.4
68	1	0.0		471	86.84
69	1	0.0		471	86.84
70	1	0.0		93	91.96
71	1	0.0		93	91.96
72	1	0.0		127	90.75
73	1	0.0		93	91.96
74	1	0.0		127	90.75
75	1	0.0		90	92.4
76	1	0.0		90	92.4
77	1	0.0		90	92.4
78	1	0.0		90	92.4
79	1	0.0		93	91.96


Run no: 9
0	1	1000.0035		2936	81.39
1	1	1000.0234		2936	81.39
2	1	1.3938675		2781	82.65
3	1	0.36542055		249	86.56
4	1	0.0013956734		80	86.82
5	1	0.073957644		2926	81.64
6	1	0.0678519		87	86.57
7	1	0.0		249	86.56
8	1	0.0034891835		2926	81.64
9	1	0.0013956734		84	86.67
10	1	0.0034891835		80	86.82
11	1	0.0		84	86.67
12	1	0.09439252		2926	81.64
13	1	0.009345794		84	86.67
14	1	0.0		80	86.82
15	1	0.0		249	86.56
16	1	0.0		80	86.82
17	1	0.8834613		249	86.56
18	1	0.0		80	86.82
19	1	0.0		249	86.56
20	1	0.0		84	86.67
21	1	0.014018691		80	86.82
22	1	0.0		84	86.67
23	1	0.056524772		249	86.56
24	1	0.0		80	86.82
25	1	9.3457947E-4		249	86.56
26	1	0.0		80	86.82
27	1	0.0		84	86.67
28	1	0.0		80	86.82
29	1	0.0150654465		84	86.67
30	1	0.0		80	86.82
31	1	0.0		80	86.82
32	1	0.0		80	86.82
33	1	0.0		80	86.82
34	1	0.0		80	86.82
35	1	0.0		80	86.82
36	1	0.0		80	86.82
37	1	0.0		80	86.82
38	1	0.0		80	86.82
39	1	0.0		80	86.82
40	1	0.0		80	86.82
41	1	0.0		80	86.82
42	1	0.49252337		80	86.82
43	1	2000.0		70	92.09
44	2	1000.7699		76	105.4
45	2	1000.3333		76	105.4
46	2	1000.2301		79	95.1
47	2	1000.0		79	95.1
48	2	0.7699029		77	97.47
49	2	0.6666667		79	95.1
50	2	0.6666667		77	97.47
51	2	0.33333334		77	97.47
52	2	0.23009709		77	97.47
53	2	0.0		77	97.47
54	2	0.0		79	95.1
55	2	0.0		77	97.47
56	2	0.0		77	97.47
57	2	0.0		79	95.1
58	2	0.0		79	95.1
59	2	0.0		77	97.47
60	2	0.0		79	95.1
61	2	0.0		79	95.1
62	2	0.0		79	95.1
63	2	0.0		79	95.1
64	2	0.0		77	97.47
65	2	0.0		79	95.1
66	2	0.0		77	97.47
67	2	0.0		79	95.1
68	2	0.0		79	95.1
69	2	0.0		77	97.47
70	2	0.0		79	95.1
71	2	0.0		79	95.1
72	2	0.0		77	97.47
73	2	0.0		79	95.1
74	2	0.0		79	95.1
75	2	0.0		79	95.1
76	2	0.0		79	95.1
77	2	0.0		79	95.1
78	2	0.0		79	95.1
79	2	0.0		79	95.1


Run no: 10
0	1	2000.0		3501	78.6
1	1	1000.0		61	100.28
2	1	0.0		61	100.28
3	1	0.7646883		2668	81.71
4	1	0.61930835		774	85.68
5	1	0.24859264		3025	80.44
6	1	0.0		61	100.28
7	1	0.0		62	95.15
8	1	0.11966125		3343	78.81
9	1	0.0		75	90.65
10	1	0.0		73	93.6
11	1	0.049784392		495	87.35
12	1	0.1313696		2875	81.25
13	1	0.11448554		251	88.96
14	1	0.1930018		774	85.68
15	1	0.07558998		194	89.32
16	1	0.0		740	87.17
17	1	0.009883721		740	87.17
18	1	0.06424419		472	88.59
19	1	0.051900797		69	93.64
20	1	0.0011627907		65	94.74
21	1	0.01380653		484	88.36
22	1	0.09751566		3343	78.81
23	1	0.04908929		3496	78.7
24	1	0.04241504		83	89.54
25	1	0.0		78	89.81
26	1	5.8139535E-4		75	90.65
27	1	0.017066421		472	88.59
28	1	0.0		62	95.15
29	1	8.72093E-4		65	94.74
30	1	0.0		484	88.36
31	1	0.012453875		83	89.54
32	1	0.0		78	89.81
33	1	0.003488372		472	88.59
34	1	0.07952351		740	87.17
35	1	0.008302583		495	87.35
36	1	0.068726934		740	87.17
37	1	0.0014534884		3496	78.7
38	1	0.07122093		495	87.35
39	1	0.13607012		73	93.6
40	1	0.0011627907		69	93.64
41	1	0.0050738007		3496	78.7
42	1	0.0014534884		83	89.54
43	1	0.012453875		78	89.81
44	1	0.0		69	93.64
45	1	0.0011627907		73	93.6
46	1	0.050738007		65	94.74
47	1	0.0		78	89.81
48	1	2.9069767E-4		62	95.15
49	1	0.13607012		75	90.65
50	1	0.03874539		75	90.65
51	1	0.0024264138		73	93.6
52	1	0.23662362		62	95.15
53	1	1000.0		61	100.28
54	1	0.2369143		61	100.28
55	1	0.01891144		62	95.15
56	1	8.72093E-4		75	90.65
57	1	0.0		740	87.17
58	1	0.010608856		472	88.59
59	1	0.0018450185		69	93.64
60	1	0.01891144		65	94.74
61	1	0.0		75	90.65
62	1	0.03961748		78	89.81
63	1	0.0		65	94.74
64	1	0.0		62	95.15
65	1	0.050075088		484	88.36
66	1	0.0		472	88.59
67	1	0.0		740	87.17
68	1	0.0		472	88.59
69	1	0.0		69	93.64
70	1	0.0		73	93.6
71	1	0.0014534884		78	89.81
72	1	0.0		69	93.64
73	1	0.0		73	93.6
74	1	0.0		65	94.74
75	1	0.0		75	90.65
76	1	0.0		73	93.6
77	1	8.72093E-4		62	95.15
78	1	0.08139213		2727	81.41
79	2	2000.0		2760	81.5


Run no: 11
0	1	1000.0419		2958	80.11
1	1	1000.0315		2958	80.11
2	1	1000.0		67	108.05
3	1	1000.0		67	108.05
4	1	0.8500468		137	85.94
5	1	0.7934971		2431	84.36
6	1	0.3035075		84	100.43
7	1	0.3035075		86	91.95
8	1	0.27119955		76	100.55
9	1	0.26843235		67	108.05
10	1	0.26105145		2475	81.41
11	1	0.12521619		2837	80.99
12	1	0.12080304		2431	84.36
13	1	0.073350094		2837	80.99
14	1	0.05654975		2431	84.36
15	1	0.051181104		99	88.88
16	1	0.051181104		96	90.31
17	1	0.038964134		137	85.94
18	1	0.03758053		133	86.99
19	1	0.034323316		99	88.88
20	1	0.033631515		102	87.95
21	1	0.03328561		87	91.02
22	1	0.03328561		86	91.95
23	1	0.024289832		103	87.73
24	1	0.020792443		108	87.24
25	1	0.019267086		95	90.36
26	1	0.017595273		133	86.99
27	1	0.017131636		91	90.8
28	1	0.015032212		2837	80.99
29	1	0.015032212		106	87.31
30	1	0.00925762		91	90.8
31	1	0.008911719		102	87.95
32	1	0.007874016		87	91.02
33	1	0.0042949175		76	100.55
34	1	0.0042949175		84	100.43
35	1	0.003543072		106	87.31
36	1	0.0031131096		76	100.55
37	1	0.0031131096		67	108.05
38	1	0.0027672085		84	100.43
39	1	0.001789549		96	90.31
40	1	0.0013836042		133	86.99
41	1	0.0013836042		87	91.02
42	1	0.0010377032		99	88.88
43	1	0.0010377032		96	90.31
44	1	6.918021E-4		84	100.43
45	1	6.918021E-4		106	87.31
46	1	6.918021E-4		86	91.95
47	1	3.4590106E-4		86	91.95
48	1	3.4590106E-4		87	91.02
49	1	3.4590106E-4		96	90.31
50	1	0.0		67	108.05
51	1	0.0		2431	84.36
52	1	0.0		67	108.05
53	1	0.0		2958	80.11
54	1	0.0		96	90.31
55	1	0.0		102	87.95
56	1	0.0		2431	84.36
57	1	0.0		106	87.31
58	1	0.0		76	100.55
59	1	0.0		84	100.43
60	1	0.0		76	100.55
61	1	0.0		133	86.99
62	1	0.0		96	90.31
63	1	0.0		86	91.95
64	1	0.0		86	91.95
65	1	0.0		67	108.05
66	1	0.0		2431	84.36
67	1	0.0		87	91.02
68	1	0.0		86	91.95
69	1	0.0		133	86.99
70	1	0.0		102	87.95
71	1	0.0		87	91.02
72	1	0.0		76	100.55
73	1	0.0		106	87.31
74	1	0.0		76	100.55
75	1	0.0		96	90.31
76	1	0.0		96	90.31
77	1	0.0		84	100.43
78	1	0.0		84	100.43
79	1	0.0		87	91.02


Run no: 12
0	1	1000.03326		2772	79.66
1	1	1000.0		65	94.02
2	1	0.0		65	94.02
3	1	0.17098223		2563	82.09
4	1	0.7742889		467	84.54
5	1	0.17444226		377	86.78
6	1	0.0		467	84.54
7	1	0.07910601		2682	80.17
8	1	0.15750895		70	93.94
9	1	0.0		71	91.79
10	1	0.0726894		184	88.85
11	1	0.17575346		377	86.78
12	1	0.11629526		2564	81.84
13	1	0.0		459	85.28
14	1	0.089560956		84	90.81
15	1	0.1463669		184	88.85
16	1	0.019493977		178	88.87
17	1	1000.0355		2772	79.66
18	1	0.0494429		129	89.6
19	1	0.06450392		129	89.6
20	1	0.0		92	90.31
21	1	0.0		72	91.49
22	1	0.0		2564	81.84
23	1	0.012207853		460	85.11
24	1	0.0025858884		467	84.54
25	1	0.033247136		2682	80.17
26	1	0.0		92	90.31
27	1	0.11629526		2682	80.17
28	1	0.0		459	85.28
29	1	0.0		72	91.49
30	1	0.14972144		71	91.79
31	1	0.79169834		2563	82.09
32	1	0.0		2564	81.84
33	1	0.01810122		129	89.6
34	1	0.0		92	90.31
35	1	0.104826234		459	85.28
36	1	0.0		460	85.11
37	1	0.0		65	94.02
38	1	3.6941262E-4		72	91.49
39	1	0.05305213		178	88.87
40	1	0.002955301		92	90.31
41	1	0.039693594		467	84.54
42	1	0.042279482		460	85.11
43	1	0.0		65	94.02
44	1	3.6941262E-4		71	91.79
45	1	0.042130277		459	85.28
46	1	0.0		72	91.49
47	1	0.0		71	91.79
48	1	0.0		460	85.11
49	1	0.0		65	94.02
50	1	0.17061281		467	84.54
51	1	0.0		65	94.02
52	1	0.0		92	90.31
53	1	0.0494429		92	90.31
54	1	0.0		71	91.79
55	1	0.0		72	91.49
56	1	0.04359069		2564	81.84
57	1	0.020891365		72	91.49
58	1	0.051786713		72	91.49
59	1	0.0		65	94.02
60	1	0.0		467	84.54
61	1	3.6941262E-4		2564	81.84
62	1	0.0		72	91.49
63	1	0.020891365		71	91.79
64	1	0.0		65	94.02
65	1	0.0		2564	81.84
66	1	0.0		72	91.49
67	1	0.0		72	91.49
68	1	1000.0		65	94.02
69	1	0.0055710305		65	94.02
70	1	0.0		72	91.49
71	1	0.0		72	91.49
72	1	0.0		72	91.49
73	1	0.0018470632		65	94.02
74	1	0.0		72	91.49
75	1	0.0		72	91.49
76	1	0.01740947		2564	81.84
77	1	0.0		92	90.31
78	1	3.6941262E-4		71	91.79
79	1	0.04848721		92	90.31


Run no: 13
0	1	2000.0		4013	80.74
1	1	1000.0		78	91.04
2	1	0.0		78	91.04
3	1	0.8025857		3081	85.76
4	1	0.030097088		127	86.07
5	1	0.2618053		3172	85.61
6	1	0.09514563		3865	82.12
7	1	0.0		93	86.63
8	1	0.0056167576		90	88.66
9	1	0.17159176		3907	81.14
10	1	0.0		82	90.9
11	1	0.13280122		85	89.54
12	1	0.010673444		3865	82.12
13	1	0.08058252		85	89.54
14	1	0.0058708875		86	88.71
15	1	0.0376889		3140	85.69
16	1	0.033329222		121	86.28
17	1	0.0		127	86.07
18	1	0.0		93	86.63
19	1	0.0		97	86.4
20	1	0.02038835		127	86.07
21	1	0.013592233		78	91.04
22	1	0.13305536		82	90.9
23	1	0.0058252425		99	86.34
24	1	0.0		3865	82.12
25	1	0.0		90	88.66
26	1	0.0058252425		97	86.4
27	1	0.0058252425		99	86.34
28	1	0.0		86	88.71
29	1	0.0015247776		127	86.07
30	1	0.013592233		82	90.9
31	1	0.0		97	86.4
32	1	0.0		78	91.04
33	1	0.0		86	88.71
34	1	2.541296E-4		85	89.54
35	1	0.0		93	86.63
36	1	7.623888E-4		82	90.9
37	1	0.0		99	86.34
38	1	0.0010165185		97	86.4
39	1	0.0		86	88.71
40	1	0.0		127	86.07
41	1	0.2690406		3865	82.12
42	1	0.19810389		90	88.66
43	1	0.19784977		93	86.63
44	1	0.0		85	89.54
45	1	0.0		86	88.71
46	1	0.0		93	86.63
47	1	0.0		97	86.4
48	1	0.0		78	91.04
49	1	0.0		99	86.34
50	1	0.0		99	86.34
51	1	0.022838356		97	86.4
52	1	0.0		99	86.34
53	1	2.541296E-4		86	88.71
54	1	0.0		82	90.9
55	1	0.0		97	86.4
56	1	0.0		86	88.71
57	1	0.0		93	86.63
58	1	0.0		97	86.4
59	1	5.082592E-4		99	86.34
60	1	0.0		86	88.71
61	1	1000.0		78	91.04
62	1	0.08058252		86	88.71
63	1	0.75069886		127	86.07
64	1	0.022330098		93	86.63
65	1	0.0		97	86.4
66	1	0.0		82	90.9
67	1	0.0		78	91.04
68	1	0.0		99	86.34
69	1	0.0		97	86.4
70	1	0.0		86	88.71
71	1	0.0		97	86.4
72	1	0.0		86	88.71
73	1	0.0010165185		78	91.04
74	1	0.0010165185		93	86.63
75	1	0.0055908514		99	86.34
76	1	0.51494676		3345	83.53
77	2	2000.0		3376	83.54
78	2	NaN		3376	83.54
79	2	NaN		3376	83.54


Run no: 14
0	1	2000.0		4256	80.68
1	1	1000.0		63	96.94
2	1	0.0		63	96.94
3	1	0.0		245	88.19
4	1	0.5609965		2807	83.33
5	1	0.34924868		3906	83.23
6	1	0.29889297		245	88.19
7	1	0.6171684		2807	83.33
8	1	0.0		2807	83.33
9	1	0.24029902		4029	82.39
10	1	0.052514017		73	91.94
11	1	0.0014309564		72	95.38
12	1	0.07326186		113	90.05
13	1	0.03148104		245	88.19
14	1	0.14587218		113	90.05
15	1	0.06723662		66	96.45
16	1	0.0		72	95.38
17	1	0.0		74	91.09
18	1	0.2118006		73	91.94
19	1	0.0		74	91.09
20	1	0.03085078		66	96.45
21	1	0.0		245	88.19
22	1	0.0		63	96.94
23	1	0.06396064		74	91.09
24	1	0.0		72	95.38
25	1	0.0		74	91.09
26	1	0.030135302		63	96.94
27	1	0.61101836		245	88.19
28	1	0.0		72	95.38
29	1	0.009301216		74	91.09
30	1	0.21156211		72	95.38
31	1	0.0		63	96.94
32	1	0.0		74	91.09
33	1	0.0		63	96.94
34	1	0.0		72	95.38
35	1	0.0		74	91.09
36	1	0.0		63	96.94
37	1	0.0		63	96.94
38	1	0.0		63	96.94
39	1	0.0		63	96.94
40	1	1000.0		63	96.94
41	1	0.0		74	91.09
42	1	0.0		63	96.94
43	1	0.0		63	96.94
44	1	0.0		63	96.94
45	1	0.0		63	96.94
46	1	0.0		63	96.94
47	1	0.0		63	96.94
48	1	0.0		63	96.94
49	1	0.0		63	96.94
50	1	0.0		63	96.94
51	1	0.0		63	96.94
52	1	0.0		74	91.09
53	1	0.0		63	96.94
54	1	2.3849272E-4		74	91.09
55	1	0.0		72	95.38
56	1	0.0		63	96.94
57	1	0.0		63	96.94
58	1	0.0		74	91.09
59	1	0.0		63	96.94
60	1	0.0		63	96.94
61	1	0.0		63	96.94
62	1	0.0		63	96.94
63	1	0.0		63	96.94
64	1	0.0		63	96.94
65	1	0.0		72	95.38
66	1	0.0		63	96.94
67	1	0.0		63	96.94
68	1	0.0		63	96.94
69	1	0.11439114		245	88.19
70	1	0.0		74	91.09
71	1	0.0		74	91.09
72	1	0.0		63	96.94
73	1	0.0		63	96.94
74	1	0.0		63	96.94
75	1	0.0		63	96.94
76	1	0.052275524		74	91.09
77	1	0.0		63	96.94
78	1	7.154782E-4		63	96.94
79	1	0.06604415		72	95.38


Run no: 15
0	1	1000.5795		160	86.14
1	1	1000.03925		160	86.14
2	1	1000.0		72	102.69
3	1	0.0		72	102.69
4	1	0.039274924		109	86.79
5	1	0.0		89	94.34
6	1	0.0		86	99.34
7	1	0.0		91	89.4
8	1	0.20785499		90	92.84
9	1	0.57954544		109	86.79
10	1	0.0		107	89.17
11	1	0.21921863		91	89.4
12	1	0.045454547		76	101.34
13	1	0.0		102	89.28
14	1	0.0		80	100.84
15	1	0.0		86	99.34
16	1	0.0		89	94.34
17	1	0.0		80	100.84
18	1	0.011363637		90	92.84
19	1	0.0		72	102.69
20	1	0.03021148		76	101.34
21	1	0.06818182		86	99.34
22	1	0.125		102	89.28
23	1	0.0		107	89.17
24	1	0.06818182		80	100.84
25	1	0.081571		72	102.69
26	1	0.0		109	86.79
27	1	0.33620572		86	99.34
28	1	0.022727273		107	89.17
29	1	0.0		109	86.79
30	1	0.0		91	89.4
31	1	0.011363637		90	92.84
32	1	0.0		90	92.84
33	1	0.03409091		89	94.34
34	1	0.007250755		102	89.28
35	1	0.0066465256		102	89.28
36	1	0.0066465256		107	89.17
37	1	0.0		72	102.69
38	1	0.3021148		89	94.34
39	1	0.0		86	99.34
40	1	0.0		90	92.84
41	1	0.14380665		107	89.17
42	1	0.056818184		102	89.28
43	1	0.13225076		91	89.4
44	1	0.011363637		89	94.34
45	1	0.0		90	92.84
46	1	0.0		86	99.34
47	1	0.0		80	100.84
48	1	0.0		76	101.34
49	1	0.0		76	101.34
50	1	0.0		80	100.84
51	1	0.0		76	101.34
52	1	0.0		72	102.69
53	1	0.022727273		109	86.79
54	1	0.0		86	99.34
55	1	0.0		80	100.84
56	1	0.0		109	86.79
57	1	0.056818184		107	89.17
58	1	0.09063444		90	92.84
59	1	0.0		107	89.17
60	1	1000.0		72	102.69
61	1	0.0		91	89.4
62	1	0.09063444		86	99.34
63	1	0.0		90	92.84
64	1	0.045454547		80	100.84
65	1	0.0		72	102.69
66	1	0.0		76	101.34
67	1	0.0		72	102.69
68	1	0.09063444		80	100.84
69	1	0.0		76	101.34
70	1	0.0		109	86.79
71	1	0.09063444		89	94.34
72	1	0.0		91	89.4
73	1	0.0		90	92.84
74	1	0.0		102	89.28
75	1	0.0		91	89.4
76	1	0.14380665		109	86.79
77	1	0.03021148		80	100.84
78	1	0.045454547		72	102.69
79	1	0.12702554		76	101.34


Run no: 16
0	1	2000.0		5042	80.88
1	1	0.8889286		200	85.87
2	1	0.065133125		4216	85.02
3	1	0.024282562		79	85.9
4	1	0.21595211		4756	82.22
5	1	0.14305744		4339	83.11
6	1	0.14678808		4840	81.38
7	1	0.1116522		4271	84.04
8	1	0.0		4339	83.11
9	1	0.03335557		4258	84.54
10	1	0.0040136464		79	85.9
11	1	0.0026088702		4258	84.54
12	1	0.83796155		4216	85.02
13	1	0.0		4216	85.02
14	1	0.040450007		4258	84.54
15	1	0.0		79	85.9
16	1	0.66511005		79	85.9
17	1	0.0020013342		79	85.9
18	1	0.0		79	85.9
19	1	0.0		4339	83.11
20	1	0.0		79	85.9
21	1	0.013646398		4339	83.11
22	1	0.0		4216	85.02
23	1	0.0		79	85.9
24	1	0.06204136		4339	83.11
25	1	2000.0		59	95.87
26	2	2000.0		77	104.85
27	2	NaN		77	104.85
28	2	NaN		77	104.85
29	2	NaN		77	104.85
30	2	NaN		77	104.85
31	2	NaN		77	104.85
32	2	NaN		77	104.85
33	2	NaN		77	104.85
34	2	NaN		77	104.85
35	2	NaN		77	104.85
36	2	NaN		77	104.85
37	2	NaN		77	104.85
38	2	NaN		77	104.85
39	2	NaN		77	104.85
40	2	NaN		77	104.85
41	2	NaN		77	104.85
42	2	NaN		77	104.85
43	2	NaN		77	104.85
44	2	NaN		77	104.85
45	2	NaN		77	104.85
46	2	NaN		77	104.85
47	2	NaN		77	104.85
48	2	NaN		77	104.85
49	2	NaN		77	104.85
50	2	NaN		77	104.85
51	2	NaN		77	104.85
52	2	NaN		77	104.85
53	2	NaN		77	104.85
54	2	NaN		77	104.85
55	2	NaN		77	104.85
56	2	NaN		77	104.85
57	2	NaN		77	104.85
58	2	NaN		77	104.85
59	2	NaN		77	104.85
60	2	NaN		77	104.85
61	2	NaN		77	104.85
62	2	NaN		77	104.85
63	2	NaN		77	104.85
64	2	NaN		77	104.85
65	2	NaN		77	104.85
66	2	NaN		77	104.85
67	2	NaN		77	104.85
68	2	NaN		77	104.85
69	2	NaN		77	104.85
70	2	NaN		77	104.85
71	2	NaN		77	104.85
72	2	NaN		77	104.85
73	2	NaN		77	104.85
74	2	NaN		77	104.85
75	2	NaN		77	104.85
76	2	NaN		77	104.85
77	2	NaN		77	104.85
78	2	NaN		77	104.85
79	2	NaN		77	104.85


Run no: 17
0	1	2000.0		5655	84.86
1	1	1000.0		73	96.96
2	1	0.0		73	96.96
3	1	0.79788727		3005	89.73
4	1	0.53333884		3479	86.7
5	1	0.0		422	90.07
6	1	0.011570248		5514	85.0
7	1	0.24169393		98	92.23
8	1	1.7914726E-4		3478	87.04
9	1	0.46273738		422	90.07
10	1	0.14659873		84	94.39
11	1	0.3645647		5514	85.0
12	1	0.0		79	95.89
13	1	0.11983471		97	92.29
14	1	8.957363E-4		92	93.74
15	1	0.028099174		3478	87.04
16	1	0.12396694		79	95.89
17	1	0.0		77	96.64
18	1	0.028099174		422	90.07
19	1	0.16575563		5514	85.0
20	1	0.3070507		3478	87.04
21	1	0.02716287		74	96.71
22	1	0.0		90	94.14
23	1	1000.0		73	96.96
24	1	0.0		91	93.93
25	1	0.0		90	94.14
26	1	0.0		92	93.74
27	1	0.0		91	93.93
28	1	0.0		77	96.64
29	1	0.005854414		97	92.29
30	1	1.7914726E-4		90	94.14
31	1	0.0		97	92.29
32	1	0.0		79	95.89
33	1	0.11983471		92	93.74
34	1	3.5829452E-4		77	96.64
35	1	3.5829452E-4		79	95.89
36	1	0.0		77	96.64
37	1	0.015702479		91	93.93
38	1	1.7914726E-4		97	92.29
39	1	0.0		73	96.96
40	1	0.0		92	93.74
41	1	0.017355371		90	94.14
42	1	0.0		91	93.93
43	1	0.020661157		73	96.96
44	1	0.23655611		422	90.07
45	1	0.0		79	95.89
46	1	0.0		92	93.74
47	1	0.0		79	95.89
48	1	0.0		77	96.64
49	1	0.0		90	94.14
50	1	0.0		73	96.96
51	1	0.0010748835		90	94.14
52	1	0.0		91	93.93
53	1	0.0063225655		77	96.64
54	1	0.0		79	95.89
55	1	0.0		77	96.64
56	1	0.0		77	96.64
57	1	0.0		92	93.74
58	1	0.0		90	94.14
59	1	0.0		73	96.96
60	1	0.0		79	95.89
61	1	0.0		77	96.64
62	1	0.0		73	96.96
63	1	1.7914726E-4		91	93.93
64	1	1.7914726E-4		91	93.93
65	1	0.06198347		77	96.64
66	1	0.015881626		92	93.74
67	1	0.0		79	95.89
68	1	0.0		77	96.64
69	1	0.0		77	96.64
70	1	0.0		73	96.96
71	1	0.0		73	96.96
72	1	0.0		90	94.14
73	1	0.017355371		91	93.93
74	1	0.0		79	95.89
75	1	0.020661157		90	94.14
76	1	0.0		79	95.89
77	1	1.7914726E-4		73	96.96
78	1	0.0		79	95.89
79	1	0.062879205		79	95.89


Run no: 18
0	1	2000.0		2621	77.59
1	1	1000.0		70	107.34
2	1	0.0		70	107.34
3	1	1.034276		115	79.47
4	1	0.997781		2357	78.59
5	1	0.0		76	95.28
6	1	0.0		70	107.34
7	1	0.0011760094		95	84.82
8	1	7.8400626E-4		93	92.26
9	1	0.16672084		107	83.12
10	1	0.12741117		2524	77.88
11	1	3.9200313E-4		77	95.26
12	1	7.8400626E-4		79	92.71
13	1	0.047772203		2616	77.82
14	1	0.03932773		103	84.29
15	1	0.08571429		79	92.71
16	1	0.0		98	84.79
17	1	0.0		100	84.32
18	1	0.0		91	92.29
19	1	0.0047040377		91	92.29
20	1	6.722689E-4		76	95.28
21	1	0.40537816		70	107.34
22	1	7.8400626E-4		100	84.32
23	1	0.0		103	84.29
24	1	0.016582325		98	84.79
25	1	0.25008404		95	84.82
26	1	0.0		103	84.29
27	1	0.0		103	84.29
28	1	0.0		95	84.82
29	1	0.25008404		93	92.26
30	1	0.0		91	92.29
31	1	0.0011760094		98	84.79
32	1	0.018821685		79	92.71
33	1	0.0011760094		100	84.32
34	1	0.0		93	92.26
35	1	0.0017924096		95	84.82
36	1	0.0010084034		98	84.79
37	1	7.8400626E-4		93	92.26
38	1	7.8400626E-4		91	92.29
39	1	0.40537816		76	95.28
40	1	0.0		77	95.26
41	1	0.08649829		77	95.26
42	1	0.0		70	107.34
43	1	0.0		95	84.82
44	1	0.0		93	92.26
45	1	6.722689E-4		77	95.26
46	1	0.0011760094		103	84.29
47	1	0.0010084034		91	92.29
48	1	0.0		76	95.28
49	1	0.0010084034		100	84.32
50	1	0.0		91	92.29
51	1	0.0015680125		103	84.29
52	1	0.0		93	92.26
53	1	0.0		98	84.79
54	1	0.014117647		91	92.29
55	1	0.0		100	84.32
56	1	0.0		93	92.26
57	1	3.9200313E-4		76	95.28
58	1	0.0023520188		76	95.28
59	1	0.0		70	107.34
60	1	0.0		100	84.32
61	1	0.0		70	107.34
62	1	0.0		93	92.26
63	1	0.0		103	84.29
64	1	0.0		98	84.79
65	1	0.0		91	92.29
66	1	0.0		100	84.32
67	1	0.0		98	84.79
68	1	0.0		93	92.26
69	1	0.0		95	84.82
70	1	0.0		76	95.28
71	1	0.0		76	95.28
72	1	0.0		70	107.34
73	1	0.0		93	92.26
74	1	0.0		70	107.34
75	1	0.0010084034		103	84.29
76	1	0.0		95	84.82
77	1	0.01579832		100	84.32
78	1	0.0010084034		93	92.26
79	1	1000.0024		70	107.34


Run no: 19
0	1	2000.0		3399	83.24
1	1	1000.00244		72	103.94
2	1	1000.0		72	103.94
3	1	0.8830273		2343	84.77
4	1	0.58551246		395	88.93
5	1	0.28330132		2616	84.47
6	1	0.22687063		80	99.64
7	1	0.22657005		81	94.95
8	1	0.20096618		395	88.93
9	1	0.19178744		73	103.89
10	1	0.19178744		76	99.92
11	1	0.18675265		3165	84.02
12	1	0.14658938		283	89.93
13	1	0.11352657		157	92.28
14	1	0.1080148		3290	83.41
15	1	0.06703998		3165	84.02
16	1	0.056446377		129	94.04
17	1	0.056446377		140	92.94
18	1	0.04994925		283	89.93
19	1	0.040974807		3399	83.24
20	1	0.037871957		157	92.28
21	1	0.036231883		393	89.68
22	1	0.036231883		395	88.93
23	1	0.03306282		393	89.68
24	1	0.03188406		140	92.94
25	1	0.03188406		157	92.28
26	1	0.025958017		123	94.54
27	1	0.024154589		129	94.04
28	1	0.019806763		81	94.95
29	1	0.019806763		123	94.54
30	1	0.012678437		393	89.68
31	1	0.012623985		81	94.95
32	1	0.012623985		123	94.54
33	1	0.011411682		79	99.69
34	1	0.011111111		76	99.92
35	1	0.0051097083		157	92.28
36	1	0.0051097083		140	92.94
37	1	0.0033171722		79	99.69
38	1	0.00271603		73	103.89
39	1	0.002415459		80	99.64
40	1	0.0018034265		129	94.04
41	1	9.0171327E-4		76	99.92
42	1	9.0171327E-4		73	103.89
43	1	9.0171327E-4		76	99.92
44	1	6.011422E-4		395	88.93
45	1	3.005711E-4		80	99.64
46	1	3.005711E-4		81	94.95
47	1	3.005711E-4		72	103.94
48	1	0.0		395	88.93
49	1	0.0		157	92.28
50	1	0.0		393	89.68
51	1	0.0		129	94.04
52	1	0.0		123	94.54
53	1	0.0		393	89.68
54	1	0.0		129	94.04
55	1	0.0		80	99.64
56	1	0.0		72	103.94
57	1	0.0		76	99.92
58	1	0.0		79	99.69
59	1	0.0		73	103.89
60	1	0.0		395	88.93
61	1	0.0		72	103.94
62	1	0.0		72	103.94
63	1	0.0		395	88.93
64	1	0.0		81	94.95
65	1	0.0		73	103.89
66	1	0.0		76	99.92
67	1	0.0		157	92.28
68	1	0.0		129	94.04
69	1	0.0		393	89.68
70	1	0.0		393	89.68
71	1	0.0		79	99.69
72	1	0.0		157	92.28
73	1	0.0		79	99.69
74	1	0.0		129	94.04
75	1	0.0		73	103.89
76	1	0.0		76	99.92
77	1	0.0		76	99.92
78	1	0.0		393	89.68
79	1	0.0		80	99.64


Run no: 20
0	1	1000.0		570	81.84
1	1	1000.0		69	93.56
2	1	0.002559727		69	93.56
3	1	0.0		570	81.84
4	1	0.8313271		433	86.31
5	1	0.73596156		124	87.52
6	1	0.49192742		486	85.09
7	1	0.35580206		90	89.36
8	1	0.0		78	93.53
9	1	0.32549748		545	81.86
10	1	0.0068259384		95	88.01
11	1	0.119470954		545	81.86
12	1	0.0		90	89.36
13	1	0.12928239		455	85.52
14	1	0.043912176		455	85.52
15	1	0.0499002		570	81.84
16	1	0.0		455	85.52
17	1	0.042418577		98	87.93
18	1	0.04132179		108	87.63
19	1	0.0		455	85.52
20	1	0.023952097		90	89.36
21	1	0.37376612		78	93.53
22	1	0.0059726965		119	87.59
23	1	0.0		78	93.53
24	1	0.0059726965		103	87.7
25	1	0.0		69	93.56
26	1	0.021956088		119	87.59
27	1	0.0		103	87.7
28	1	0.0		90	89.36
29	1	0.019624574		103	87.7
30	1	0.0		95	88.01
31	1	0.0		95	88.01
32	1	0.0		119	87.59
33	1	0.00998004		103	87.7
34	1	0.0		69	93.56
35	1	0.0		570	81.84
36	1	0.0		69	93.56
37	1	1000.0		570	81.84
38	1	0.0		119	87.59
39	1	0.0		95	88.01
40	1	0.11518771		90	89.36
41	1	0.03668942		455	85.52
42	1	0.0		455	85.52
43	1	0.0		103	87.7
44	1	0.0		570	81.84
45	1	0.0		455	85.52
46	1	0.0		455	85.52
47	1	0.00998004		90	89.36
48	1	1000.0		69	93.56
49	1	0.0		95	88.01
50	1	0.0		103	87.7
51	1	0.0		90	89.36
52	1	0.00998004		103	87.7
53	1	0.0		119	87.59
54	1	0.00998004		95	88.01
55	1	0.026511824		78	93.53
56	1	0.0		69	93.56
57	1	0.0		570	81.84
58	1	0.00998004		119	87.59
59	1	0.0		90	89.36
60	1	0.0		455	85.52
61	1	0.0		570	81.84
62	1	0.0		90	89.36
63	1	0.0		119	87.59
64	1	0.0		119	87.59
65	1	0.0		103	87.7
66	1	0.0		90	89.36
67	1	0.0		455	85.52
68	1	0.0		69	93.56
69	1	0.0		95	88.01
70	1	0.0		103	87.7
71	1	0.0		69	93.56
72	1	0.0017064846		570	81.84
73	1	0.0		90	89.36
74	1	0.0		90	89.36
75	1	0.0		103	87.7
76	1	0.0034129692		119	87.59
77	1	0.0		90	89.36
78	1	0.017964073		69	93.56
79	1	0.121175736		95	88.01


Run no: 21
0	1	2000.0		4158	80.79
1	1	1000.0		67	101.33
2	1	1000.0		67	101.33
3	1	1.1053478		3774	85.65
4	1	0.86873627		220	87.32
5	1	0.4425511		73	97.93
6	1	0.4425511		77	88.84
7	1	0.33047608		4158	80.79
8	1	0.17516935		3774	85.65
9	1	0.0860705		93	88.24
10	1	0.08130477		220	87.32
11	1	0.07583441		220	87.32
12	1	0.07302824		73	97.93
13	1	0.07302824		68	99.83
14	1	0.07302824		67	101.33
15	1	0.07302824		72	99.43
16	1	0.024841739		81	88.39
17	1	0.021908471		77	88.84
18	1	0.019718636		72	99.43
19	1	0.019474197		68	99.83
20	1	0.00828058		81	88.39
21	1	9.777561E-4		73	97.93
22	1	9.777561E-4		77	88.84
23	1	9.777561E-4		72	99.43
24	1	9.777561E-4		77	88.84
25	1	9.777561E-4		68	99.83
26	1	2.4443903E-4		68	99.83
27	1	2.4443903E-4		73	97.93
28	1	2.4443903E-4		67	101.33
29	1	0.0		4158	80.79
30	1	0.0		67	101.33
31	1	0.0		77	88.84
32	1	0.0		220	87.32
33	1	0.0		72	99.43
34	1	0.0		72	99.43
35	1	0.0		81	88.39
36	1	0.0		73	97.93
37	1	0.0		68	99.83
38	1	0.0		72	99.43
39	1	0.0		77	88.84
40	1	0.0		81	88.39
41	1	0.0		73	97.93
42	1	0.0		72	99.43
43	1	0.0		67	101.33
44	1	0.0		73	97.93
45	1	0.0		77	88.84
46	1	0.0		68	99.83
47	1	0.0		67	101.33
48	1	0.0		81	88.39
49	1	0.0		72	99.43
50	1	0.0		68	99.83
51	1	0.0		77	88.84
52	1	0.0		77	88.84
53	1	0.0		68	99.83
54	1	0.0		68	99.83
55	1	0.0		73	97.93
56	1	0.0		67	101.33
57	1	0.0		67	101.33
58	1	0.0		77	88.84
59	1	0.0		72	99.43
60	1	0.0		67	101.33
61	1	0.0		68	99.83
62	1	0.0		73	97.93
63	1	0.0		77	88.84
64	1	0.0		77	88.84
65	1	0.0		68	99.83
66	1	0.0		67	101.33
67	1	0.0		67	101.33
68	1	0.0		73	97.93
69	1	0.0		67	101.33
70	1	0.0		77	88.84
71	1	0.0		72	99.43
72	1	0.0		72	99.43
73	1	0.0		68	99.83
74	1	0.0		77	88.84
75	1	0.0		68	99.83
76	1	0.0		67	101.33
77	1	0.0		72	99.43
78	1	0.0		72	99.43
79	1	0.0		68	99.83


Run no: 22
0	1	2000.0		3928	80.66
1	1	2000.0		66	97.61
2	1	0.050606392		66	97.61
3	1	0.8120472		3616	82.59
4	1	0.8091137		591	82.8
5	1	0.005178664		86	96.84
6	1	0.0		88	87.16
7	1	0.08790561		479	84.43
8	1	0.1511933		3802	81.33
9	1	0.021478318		546	82.94
10	1	0.028764347		114	84.68
11	1	0.106112964		3677	82.58
12	1	0.0		86	96.84
13	1	0.037758112		107	85.79
14	1	0.001179941		3828	80.68
15	1	0.0		110	85.15
16	1	0.0		88	87.16
17	1	0.03480826		90	86.57
18	1	0.016384896		3677	82.58
19	1	0.0		98	86.09
20	1	0.028318584		90	86.57
21	1	0.0		110	85.15
22	1	0.0147492625		114	84.68
23	1	0.006732263		3828	80.68
24	1	0.0023303987		107	85.79
25	1	0.0		98	86.09
26	1	0.0		479	84.43
27	1	0.094510615		114	84.68
28	1	0.0		479	84.43
29	1	0.0		555	82.87
30	1	0.0		3828	80.68
31	1	0.090236		546	82.94
32	1	0.0		555	82.87
33	1	0.0041297935		555	82.87
34	1	0.03039005		98	86.09
35	1	0.0		90	86.57
36	1	0.0		3828	80.68
37	1	0.0		110	85.15
38	1	0.0		110	85.15
39	1	0.5710915		88	87.16
40	1	0.5710915		86	96.84
41	1	0.035326127		88	87.16
42	1	0.0147492625		479	84.43
43	1	0.04542773		86	96.84
44	1	0.017699115		107	85.79
45	1	0.0		3828	80.68
46	1	0.020029513		98	86.09
47	1	0.028505413		110	85.15
48	1	0.0		90	86.57
49	1	0.0		107	85.79
50	1	0.017348524		479	84.43
51	1	0.0041297935		555	82.87
52	1	0.0		98	86.09
53	1	7.7679957E-4		107	85.79
54	1	5.178664E-4		90	86.57
55	1	0.0		107	85.79
56	1	0.0		88	87.16
57	1	0.0		86	96.84
58	1	5.178664E-4		86	96.84
59	1	0.0		3828	80.68
60	1	5.178664E-4		88	87.16
61	1	0.0		90	86.57
62	1	0.0		107	85.79
63	1	0.0		98	86.09
64	1	0.0023303987		555	82.87
65	1	0.0		107	85.79
66	1	0.0		98	86.09
67	1	0.037758112		110	85.15
68	1	0.0		98	86.09
69	1	0.0		3828	80.68
70	1	0.009321595		555	82.87
71	1	0.094510615		479	84.43
72	1	0.0		3828	80.68
73	1	0.0		110	85.15
74	1	0.0		555	82.87
75	1	0.0		107	85.79
76	1	0.0		90	86.57
77	1	0.0020714656		90	86.57
78	1	0.0010357328		110	85.15
79	1	0.0642414		3828	80.68


Run no: 23
0	1	2000.0		4016	82.78
1	1	1000.0		80	99.79
2	1	0.0		80	99.79
3	1	0.8621982		3274	84.33
4	1	0.7967829		375	84.92
5	1	0.0		82	90.07
6	1	0.0		80	99.79
7	1	0.27963912		3285	82.83
8	1	0.20327443		118	87.33
9	1	0.13794433		83	88.57
10	1	0.02175191		360	85.29
11	1	0.08818342		82	90.07
12	1	0.06148374		360	85.29
13	1	0.0446796		102	87.81
14	1	0.0		360	85.29
15	1	0.0		106	87.65
16	1	0.0010162601		102	87.81
17	1	0.021861244		106	87.65
18	1	0.0		106	87.65
19	1	0.0		102	87.81
20	1	0.0		106	87.65
21	1	5.0813006E-4		82	90.07
22	1	0.0		80	99.79
23	1	0.0		80	99.79
24	1	0.0		82	90.07
25	1	0.0		106	87.65
26	1	0.0		82	90.07
27	1	0.12374043		360	85.29
28	1	0.0		106	87.65
29	1	0.014233467		102	87.81
30	1	0.0		80	99.79
31	1	0.0		82	90.07
32	1	1000.0		80	99.79
33	1	0.0		82	90.07
34	1	0.0010162601		106	87.65
35	1	0.0		82	90.07
36	1	0.0		106	87.65
37	1	0.0		106	87.65
38	1	0.0		82	90.07
39	1	0.0		82	90.07
40	1	0.5714286		80	99.79
41	1	0.0		80	99.79
42	1	0.0		82	90.07
43	1	0.0		82	90.07
44	1	0.0		106	87.65
45	1	0.0		106	87.65
46	1	0.0		106	87.65
47	1	0.0		82	90.07
48	1	5.0813006E-4		80	99.79
49	1	0.0		82	90.07
50	1	0.0		82	90.07
51	1	0.0		82	90.07
52	1	0.0		82	90.07
53	1	0.0		82	90.07
54	1	0.0		82	90.07
55	1	0.0		82	90.07
56	1	0.0		82	90.07
57	1	0.0		82	90.07
58	1	0.0		82	90.07
59	1	0.0		82	90.07
60	1	0.0		82	90.07
61	1	0.0		82	90.07
62	1	0.0		82	90.07
63	1	0.0		82	90.07
64	1	0.0		82	90.07
65	1	0.0		82	90.07
66	1	0.0		82	90.07
67	1	0.0		82	90.07
68	1	0.0		82	90.07
69	1	0.0		82	90.07
70	1	0.0		82	90.07
71	1	0.0		82	90.07
72	1	0.0		82	90.07
73	1	0.0		82	90.07
74	1	0.0		82	90.07
75	1	0.0		82	90.07
76	1	0.0		82	90.07
77	1	0.009406231		106	87.65
78	1	0.0		82	90.07
79	1	0.57168263		82	90.07


Run no: 24
0	1	2000.0		292	86.91
1	1	2000.0		62	98.57
2	1	0.48542023		69	92.91
3	1	0.44740847		273	87.43
4	1	0.44740847		177	87.78
5	1	0.14856438		135	88.53
6	1	0.14461929		93	90.23
7	1	0.14347826		135	88.53
8	1	0.14347826		168	88.42
9	1	0.13913043		103	88.94
10	1	0.12746663		69	92.91
11	1	0.109158024		102	89.51
12	1	0.10548885		84	91.46
13	1	0.08833619		78	91.88
14	1	0.06296517		292	86.91
15	1	0.06296517		177	87.78
16	1	0.05652174		273	87.43
17	1	0.05652174		286	87.34
18	1	0.049921695		171	88.21
19	1	0.048885077		103	88.94
20	1	0.04495488		93	90.23
21	1	0.042881645		99	90.01
22	1	0.039510775		103	88.94
23	1	0.039130434		78	91.88
24	1	0.039130434		84	91.46
25	1	0.036878217		286	87.34
26	1	0.036020584		78	91.88
27	1	0.036020584		84	91.46
28	1	0.03516295		135	88.53
29	1	0.030434782		69	92.91
30	1	0.026086956		78	91.88
31	1	0.026086956		84	91.46
32	1	0.026086956		171	88.21
33	1	0.026086956		286	87.34
34	1	0.026086956		99	90.01
35	1	0.018867925		99	90.01
36	1	0.018010292		171	88.21
37	1	0.018010292		168	88.42
38	1	0.013043478		168	88.42
39	1	0.013043478		99	90.01
40	1	0.009433962		168	88.42
41	1	0.0077186963		273	87.43
42	1	0.0077186963		286	87.34
43	1	0.0		84	91.46
44	1	0.0		69	92.91
45	1	0.0		103	88.94
46	1	0.0		103	88.94
47	1	0.0		99	90.01
48	1	0.0		171	88.21
49	1	0.0		103	88.94
50	1	0.0		286	87.34
51	1	0.0		78	91.88
52	1	0.0		84	91.46
53	1	0.0		69	92.91
54	1	0.0		99	90.01
55	1	0.0		171	88.21
56	1	0.0		286	87.34
57	1	0.0		99	90.01
58	1	0.0		286	87.34
59	1	0.0		168	88.42
60	1	0.0		69	92.91
61	1	0.0		84	91.46
62	1	0.0		168	88.42
63	1	0.0		171	88.21
64	1	0.0		78	91.88
65	1	0.0		93	90.23
66	1	0.0		69	92.91
67	1	0.0		171	88.21
68	1	0.0		99	90.01
69	1	0.0		84	91.46
70	1	0.0		286	87.34
71	1	0.0		171	88.21
72	1	0.0		286	87.34
73	1	0.0		286	87.34
74	1	0.0		168	88.42
75	1	0.0		286	87.34
76	1	0.0		78	91.88
77	1	0.0		84	91.46
78	1	0.0		103	88.94
79	1	0.0		78	91.88


Run no: 25
0	1	2000.0		3705	75.97
1	1	1000.00934		66	94.19
2	1	0.0		66	94.19
3	1	1.0557735		3472	80.37
4	1	1.0253559		474	81.55
5	1	0.0532382		81	92.4
6	1	0.0		83	87.3
7	1	0.015916575		3559	77.76
8	1	0.006315139		99	85.17
9	1	0.0		90	87.12
10	1	0.08647099		3636	76.97
11	1	0.0		272	83.03
12	1	0.073846		3639	76.26
13	1	0.0		272	83.03
14	1	0.06451861		3566	77.47
15	1	0.06366781		78	93.37
16	1	0.0038472107		223	84.13
17	1	0.13673918		272	83.03
18	1	0.0		81	92.4
19	1	0.0		125	85.1
20	1	0.003841932		209	84.2
21	1	0.0		77	93.54
22	1	0.009330406		67	94.02
23	1	0.0019236053		3559	77.76
24	1	0.0		209	84.2
25	1	0.003841932		125	85.1
26	1	0.16715685		3559	77.76
27	1	0.01730717		223	84.13
28	1	0.0		67	94.02
29	1	5.4960157E-4		83	87.3
30	1	0.002473207		90	87.12
31	1	1000.0		66	94.19
32	1	0.0		77	93.54
33	1	0.0		209	84.2
34	1	0.10702524		99	85.17
35	1	0.023083264		125	85.1
36	1	0.00714482		99	85.17
37	1	0.060373217		223	84.13
38	1	0.04939627		125	85.1
39	1	0.029092684		77	93.54
40	1	0.0		90	87.12
41	1	0.0019236053		83	87.3
42	1	0.0		90	87.12
43	1	0.0		81	92.4
44	1	0.27991217		83	87.3
45	1	0.2804618		81	92.4
46	1	0.009330406		77	93.54
47	1	2.7480078E-4		67	94.02
48	1	0.0		66	94.19
49	1	0.0		66	94.19
50	1	0.013465238		272	83.03
51	1	0.0		83	87.3
52	1	0.10702524		90	87.12
53	1	0.060373217		272	83.03
54	1	8.244023E-4		81	92.4
55	1	0.00714482		125	85.1
56	1	0.0		67	94.02
57	1	0.0		125	85.1
58	1	0.0		209	84.2
59	1	0.009879254		90	87.12
60	1	0.0027480077		67	94.02
61	1	0.0		66	94.19
62	1	0.0		209	84.2
63	1	0.0		209	84.2
64	1	0.009879254		83	87.3
65	1	0.0		81	92.4
66	1	2.7480078E-4		77	93.54
67	1	0.0		66	94.19
68	1	0.0		83	87.3
69	1	0.0019236053		90	87.12
70	1	0.023083264		209	84.2
71	1	0.026344676		67	94.02
72	1	0.0		77	93.54
73	1	0.0		66	94.19
74	1	0.0		209	84.2
75	1	0.0		209	84.2
76	1	0.0		83	87.3
77	1	0.0		66	94.19
78	1	2.7480078E-4		66	94.19
79	1	0.053243477		209	84.2


Run no: 26
0	1	2000.0		3548	80.56
1	1	2000.0		67	106.12
2	1	0.0		67	106.12
3	1	1.014633		526	86.06
4	1	0.03605949		3432	82.45
5	1	2.8727378E-4		74	105.16
6	1	2.8727378E-4		76	98.63
7	1	0.23811522		95	92.0
8	1	0.2306215		82	97.88
9	1	0.11330894		127	90.42
10	1	0.109653726		491	90.29
11	1	0.07436502		517	86.98
12	1	0.06372229		501	89.67
13	1	0.016224		503	88.28
14	1	0.051476404		3469	81.8
15	1	0.045350704		3534	81.06
16	1	0.043977164		117	90.44
17	1	0.017605634		111	91.52
18	1	0.9760539		3432	82.45
19	1	0.035785817		515	87.88
20	1	0.03220737		3495	81.33
21	1	0.025857225		3475	81.45
22	1	0.0014363689		73	105.37
23	1	0.0096523315		68	105.91
24	1	0.0		82	97.88
25	1	0.0014363689		111	91.52
26	1	0.019096738		515	87.88
27	1	0.0		106	91.97
28	1	7.824726E-4		80	98.31
29	1	0.0		503	88.28
30	1	0.014163855		491	90.29
31	1	8.618213E-4		494	89.95
32	1	0.0		77	98.33
33	1	0.01173709		76	98.63
34	1	2.8727378E-4		68	105.91
35	1	0.02112676		73	105.37
36	1	0.2554773		74	105.16
37	1	0.0041996366		495	89.85
38	1	0.008765896		495	89.85
39	1	0.0026100778		106	91.97
40	1	0.003912363		494	89.95
41	1	0.0		503	88.28
42	1	0.0		117	90.44
43	1	5.7454756E-4		80	98.31
44	1	0.043977164		111	91.52
45	1	0.017605634		106	91.97
46	1	0.0		494	89.95
47	1	0.0016442939		77	98.33
48	1	0.0028727378		117	90.44
49	1	0.012024363		77	98.33
50	1	0.016823161		82	97.88
51	1	0.017684983		80	98.31
52	1	0.0034472852		503	88.28
53	1	0.0		76	98.63
54	1	0.0		74	105.16
55	1	0.00879051		74	105.16
56	1	0.0		495	89.85
57	1	5.7454756E-4		76	98.63
58	1	0.0		67	106.12
59	1	0.0		67	106.12
60	1	0.2554773		76	98.63
61	1	7.824726E-4		117	90.44
62	1	0.0		117	90.44
63	1	0.0		73	105.37
64	1	0.02112676		68	105.91
65	1	0.003734559		82	97.88
66	1	0.054381847		503	88.28
67	1	0.0		76	98.63
68	1	0.0		77	98.33
69	1	0.0		68	105.91
70	1	0.008503236		67	106.12
71	1	0.008215962		73	105.37
72	1	0.0		117	90.44
73	1	0.0		494	89.95
74	1	0.0031600115		106	91.97
75	1	0.0		117	90.44
76	1	0.0		77	98.33
77	1	0.0		76	98.63
78	1	2.8727378E-4		73	105.37
79	1	0.013589309		494	89.95


Run no: 27
0	1	2000.0		435	87.41
1	1	2000.0		77	95.74
2	1	1.1962584		100	88.31
3	1	0.9357542		435	87.41
4	1	0.31932774		82	93.08
5	1	0.28407452		89	92.96
6	1	0.276087		92	90.73
7	1	0.26050422		95	90.48
8	1	0.108043216		100	88.31
9	1	0.108043216		435	87.41
10	1	0.038391892		92	90.73
11	1	0.030012004		95	90.48
12	1	0.017591394		87	92.98
13	1	0.01396648		82	93.08
14	1	0.01396648		82	93.08
15	1	0.01396648		100	88.31
16	1	0.01396648		87	92.98
17	1	0.01396648		95	90.48
18	1	0.012004802		82	93.08
19	1	0.008379889		95	90.48
20	1	0.0024009603		87	92.98
21	1	0.0		435	87.41
22	1	0.0		100	88.31
23	1	0.0		92	90.73
24	1	0.0		435	87.41
25	1	0.0		95	90.48
26	1	0.0		82	93.08
27	1	0.0		87	92.98
28	1	0.0		95	90.48
29	1	0.0		87	92.98
30	1	0.0		82	93.08
31	1	0.0		92	90.73
32	1	0.0		95	90.48
33	1	0.0		87	92.98
34	1	0.0		95	90.48
35	1	0.0		87	92.98
36	1	0.0		87	92.98
37	1	0.0		82	93.08
38	1	0.0		95	90.48
39	1	0.0		82	93.08
40	1	0.0		87	92.98
41	1	0.0		95	90.48
42	1	0.0		82	93.08
43	1	0.0		87	92.98
44	1	0.0		82	93.08
45	1	0.0		87	92.98
46	1	0.0		87	92.98
47	1	0.0		87	92.98
48	1	0.0		82	93.08
49	1	0.0		95	90.48
50	1	0.0		95	90.48
51	1	0.0		82	93.08
52	1	0.0		87	92.98
53	1	0.0		95	90.48
54	1	0.0		95	90.48
55	1	0.0		95	90.48
56	1	0.0		95	90.48
57	1	0.0		95	90.48
58	1	0.0		95	90.48
59	1	0.0		95	90.48
60	1	0.0		95	90.48
61	1	0.0		95	90.48
62	1	0.0		95	90.48
63	1	0.0		95	90.48
64	1	0.0		95	90.48
65	1	0.0		95	90.48
66	1	0.0		95	90.48
67	1	0.0		95	90.48
68	1	0.0		95	90.48
69	1	0.0		95	90.48
70	1	0.0		95	90.48
71	1	0.0		95	90.48
72	1	0.0		95	90.48
73	1	0.0		95	90.48
74	1	0.0		95	90.48
75	1	0.0		95	90.48
76	1	0.0		95	90.48
77	1	0.0		95	90.48
78	1	0.0		95	90.48
79	1	0.0		95	90.48


Run no: 28
0	1	2000.0		527	75.79
1	1	1000.0		74	91.55
2	1	1000.0		74	91.55
3	1	0.70398694		405	79.63
4	1	0.618736		125	86.55
5	1	0.61810154		405	79.63
6	1	0.4390863		125	86.55
7	1	0.26490065		525	77.42
8	1	0.16045316		74	91.55
9	1	0.14720812		80	89.23
10	1	0.14022842		405	79.63
11	1	0.14022842		525	77.42
12	1	0.099288724		526	77.32
13	1	0.0922558		85	87.35
14	1	0.08121827		83	88.63
15	1	0.06953082		100	86.62
16	1	0.05962926		120	86.56
17	1	0.038071066		80	89.23
18	1	0.038071066		83	88.63
19	1	0.02538071		97	87.02
20	1	0.01900892		85	87.35
21	1	0.017382706		90	87.12
22	1	0.015452539		97	87.02
23	1	0.015452539		90	87.12
24	1	0.014593909		90	87.12
25	1	0.013245033		80	89.23
26	1	0.012967695		97	87.02
27	1	0.011037528		125	86.55
28	1	0.0085526835		525	77.42
29	1	0.0066225166		83	88.63
30	1	0.0066225166		100	86.62
31	1	0.0066225166		80	89.23
32	1	0.0063451775		526	77.32
33	1	0.004415011		83	88.63
34	1	0.0038071065		100	86.62
35	1	0.0022075055		526	77.32
36	1	0.0		405	79.63
37	1	0.0		405	79.63
38	1	0.0		525	77.42
39	1	0.0		85	87.35
40	1	0.0		97	87.02
41	1	0.0		100	86.62
42	1	0.0		85	87.35
43	1	0.0		90	87.12
44	1	0.0		80	89.23
45	1	0.0		125	86.55
46	1	0.0		85	87.35
47	1	0.0		80	89.23
48	1	0.0		97	87.02
49	1	0.0		526	77.32
50	1	0.0		100	86.62
51	1	0.0		526	77.32
52	1	0.0		526	77.32
53	1	0.0		125	86.55
54	1	0.0		405	79.63
55	1	0.0		125	86.55
56	1	0.0		100	86.62
57	1	0.0		83	88.63
58	1	0.0		97	87.02
59	1	0.0		90	87.12
60	1	0.0		85	87.35
61	1	0.0		80	89.23
62	1	0.0		80	89.23
63	1	0.0		526	77.32
64	1	0.0		526	77.32
65	1	0.0		100	86.62
66	1	0.0		83	88.63
67	1	0.0		97	87.02
68	1	0.0		100	86.62
69	1	0.0		97	87.02
70	1	0.0		90	87.12
71	1	0.0		80	89.23
72	1	0.0		90	87.12
73	1	0.0		83	88.63
74	1	0.0		526	77.32
75	1	0.0		405	79.63
76	1	0.0		100	86.62
77	1	0.0		80	89.23
78	1	0.0		97	87.02
79	1	0.0		90	87.12


Run no: 29
0	1	0.0038161317		5827	80.08
1	1	0.012662619		3973	82.0
2	1	0.02575387		5827	80.08
3	1	0.080094725		3344	85.56
4	1	0.13840203		109	92.46
5	1	0.0012142238		116	90.46
6	1	0.007792617		3385	85.51
7	1	0.031313818		5827	80.08
8	1	0.2475394		3866	82.58
9	1	0.0		3973	82.0
10	1	0.0		5827	80.08
11	1	0.0		109	92.46
12	1	1000.0		84	94.31
13	1	2000.0		5849	79.62
14	1	0.05192244		142	90.07
15	1	0.0		5827	80.08
16	1	0.0076322635		3300	86.47
17	1	0.031058647		138	90.14
18	1	0.025599658		116	90.46
19	1	0.01701838		84	94.31
20	1	0.026958058		4046	81.79
21	1	0.19894813		143	89.39
22	1	0.7463896		3300	86.47
23	1	0.0		116	90.46
24	1	0.0		109	92.46
25	1	0.0		3973	82.0
26	1	0.13262929		5706	80.15
27	1	0.026971165		3965	82.1
28	1	0.11186646		96	92.62
29	1	0.0108917635		109	92.46
30	1	0.006807352		3973	82.0
31	1	0.049847882		3896	82.2
32	1	0.069145225		3385	85.51
33	1	0.015683124		3973	82.0
34	1	0.11712577		92	94.06
35	1	0.0		5827	80.08
36	1	0.29270965		5706	80.15
37	1	1000.0014		84	94.31
38	1	0.0		109	92.46
39	1	0.0		116	90.46
40	1	0.13614704		116	90.46
41	1	0.39958507		4046	81.79
42	1	0.0012142238		109	92.46
43	1	0.061946902		3300	86.47
44	1	0.28288993		3764	85.5
45	1	0.03512995		5849	79.62
46	1	0.5939049		143	89.39
47	2	1000.0		92	94.12
48	2	0.0		92	94.12
49	2	1000.0		3867	83.55
50	2	1000.0		3867	83.55
51	2	1.1542857		3801	85.5
52	2	0.0		140	90.14
53	2	0.44851467		140	90.14
54	2	0.13010406		104	92.71
55	2	0.9698013		140	90.14
56	2	0.43897825		3801	85.5
57	2	0.017483443		3867	83.55
58	2	0.25267738		104	92.71
59	2	0.12851466		95	94.06
60	2	0.017483443		3801	85.5
61	2	0.18448439		3867	83.55
62	2	0.24314097		140	90.14
63	2	0.0		92	94.12
64	2	0.0		95	94.06
65	2	0.002384106		95	94.06
66	2	0.0		92	94.12
67	2	0.0		95	94.06
68	2	0.0		95	94.06
69	2	0.0056764428		92	94.12
70	2	0.0		92	94.12
71	2	0.0		92	94.12
72	2	0.0		92	94.12
73	2	0.0		92	94.12
74	2	0.0		95	94.06
75	2	0.0		92	94.12
76	2	0.0		95	94.06
77	2	0.0		95	94.06
78	2	0.0056764428		95	94.06
79	2	1000.0008		92	94.12

