
Run no: 0
94.47	
94.47	
94.47	
92.16	
90.32	
90.32	
90.25	
90.25	
85.99	
85.99	
85.96	
85.96	
85.96	
85.96	
84.56	
84.54	
84.54	
84.54	
84.54	
84.52	
84.52	
84.52	
84.52	
84.49	
83.54	
83.54	
83.54	
83.54	
81.38	
81.38	
81.38	

Run no: 1
90.46	
90.46	
90.4	
90.4	
87.52	
87.52	
80.16	
80.16	
80.16	
80.16	
80.16	
79.71	
79.71	
79.65	
79.65	
79.65	
79.65	
79.65	
79.65	
79.58	
79.58	
79.58	
78.33	
78.33	
78.33	
78.33	
78.21	
78.21	
78.21	
78.21	
78.21	

Run no: 2
91.23	
91.23	
91.23	
89.77	
89.77	
89.77	
86.68	
86.68	
86.23	
86.23	
86.23	
86.23	
86.23	
86.23	
83.61	
83.61	
83.61	
83.61	
83.61	
83.36	
83.36	
83.36	
83.36	
83.33	
83.33	
83.31	
83.31	
83.31	
82.41	
82.41	
82.41	

Run no: 3
93.82	
93.82	
93.82	
93.82	
86.0	
86.0	
85.97	
85.97	
85.97	
85.97	
85.5	
85.5	
85.34	
85.34	
85.34	
83.6	
83.33	
83.33	
83.33	
83.33	
83.33	
83.33	
83.33	
83.33	
83.33	
83.33	
83.33	
83.33	
83.19	
83.19	
83.19	

Run no: 4
91.07	
91.07	
91.07	
91.07	
91.07	
91.03	
90.06	
89.47	
89.47	
89.47	
89.47	
89.47	
89.47	
87.87	
87.72	
87.72	
87.72	
87.72	
87.72	
87.13	
87.13	
87.13	
87.13	
86.81	
86.81	
86.81	
86.81	
85.18	
85.18	
85.18	
85.18	

Run no: 5
94.74	
94.74	
94.74	
94.54	
93.75	
93.75	
93.75	
93.12	
93.12	
93.12	
93.12	
82.52	
82.52	
82.52	
82.52	
82.52	
81.52	
81.52	
81.42	
81.42	
81.42	
81.42	
81.39	
81.39	
81.39	
81.39	
79.13	
79.11	
79.11	
79.11	
79.11	

Run no: 6
91.52	
88.91	
87.8	
87.8	
87.48	
87.48	
86.56	
86.14	
86.02	
86.02	
86.02	
86.02	
85.85	
85.85	
85.28	
84.31	
84.31	
83.23	
83.23	
83.08	
83.08	
80.21	
80.21	
80.21	
80.21	
80.21	
78.97	
78.78	
78.78	
78.78	
78.78	

Run no: 7
92.32	
92.32	
92.32	
92.32	
90.83	
90.83	
90.83	
90.83	
90.83	
90.24	
84.59	
84.59	
84.59	
84.59	
84.59	
84.59	
84.59	
84.59	
84.59	
84.59	
80.95	
80.95	
80.95	
80.95	
80.95	
80.75	
80.75	
80.75	
80.75	
80.75	
80.75	

Run no: 8
88.64	
88.64	
88.64	
87.14	
87.14	
87.14	
87.14	
87.14	
87.14	
87.14	
87.14	
87.14	
87.14	
86.84	
84.97	
84.97	
84.97	
84.97	
84.97	
84.72	
84.72	
84.17	
83.98	
83.98	
83.98	
83.98	
83.98	
83.93	
83.73	
83.73	
83.73	

Run no: 9
94.73	
89.68	
89.68	
89.68	
89.68	
89.58	
89.58	
89.58	
87.53	
87.44	
87.44	
82.26	
82.26	
82.26	
82.26	
82.26	
82.26	
82.21	
82.21	
82.21	
82.12	
82.12	
81.93	
81.93	
81.69	
81.69	
81.41	
81.41	
81.39	
81.39	
81.39	

Run no: 10
91.49	
91.49	
91.49	
90.83	
90.83	
90.83	
90.82	
90.82	
86.88	
81.34	
81.34	
81.34	
81.34	
81.34	
81.34	
81.34	
79.84	
79.84	
79.8	
79.8	
79.45	
79.45	
79.45	
79.45	
79.17	
78.92	
78.92	
78.92	
78.92	
78.7	
78.6	

Run no: 11
94.26	
91.95	
91.88	
91.88	
91.53	
91.16	
91.13	
89.3	
82.19	
82.19	
82.19	
82.19	
82.19	
82.19	
82.16	
82.16	
82.16	
82.16	
82.16	
81.86	
81.86	
81.86	
81.86	
80.11	
80.11	
80.11	
80.11	
80.11	
80.11	
80.11	
80.11	

Run no: 12
91.04	
91.04	
91.04	
91.04	
90.94	
90.52	
84.15	
84.15	
84.15	
84.15	
80.65	
80.65	
80.65	
80.3	
80.16	
80.0	
80.0	
80.0	
80.0	
79.79	
79.79	
79.79	
79.79	
79.79	
79.66	
79.66	
79.66	
79.66	
79.66	
79.66	
79.66	

Run no: 13
93.47	
93.41	
93.41	
93.41	
92.29	
89.3	
85.11	
85.11	
85.11	
85.11	
85.11	
85.01	
85.01	
85.01	
85.01	
85.01	
83.34	
83.34	
83.34	
83.34	
83.34	
83.34	
83.34	
83.34	
83.34	
82.09	
81.19	
81.19	
81.19	
81.19	
80.74	

Run no: 14
92.88	
92.88	
92.88	
92.88	
82.9	
82.9	
82.9	
82.9	
82.9	
82.9	
82.9	
82.85	
82.85	
82.25	
82.03	
82.03	
82.03	
82.03	
82.03	
82.03	
82.03	
82.03	
82.03	
82.03	
81.92	
80.76	
80.76	
80.76	
80.76	
80.76	
80.68	

Run no: 15
92.38	
92.38	
92.38	
90.98	
89.15	
89.15	
88.9	
88.36	
88.36	
88.36	
88.36	
87.49	
87.49	
87.49	
86.79	
86.79	
86.79	
86.79	
86.79	
86.79	
86.79	
86.79	
86.79	
86.79	
86.79	
86.79	
86.79	
86.79	
86.79	
86.14	
86.14	

Run no: 16
95.59	
94.95	
94.95	
94.95	
93.98	
93.98	
93.88	
93.78	
93.34	
93.21	
93.21	
93.18	
93.18	
93.18	
92.33	
92.33	
84.67	
84.67	
81.53	
81.53	
81.53	
81.53	
81.53	
81.53	
81.53	
81.38	
81.38	
81.38	
81.38	
81.38	
80.88	

Run no: 17
94.53	
94.53	
94.39	
94.39	
94.39	
94.39	
90.35	
89.31	
89.31	
89.31	
89.31	
89.31	
89.06	
89.06	
89.06	
89.06	
89.06	
89.06	
85.36	
85.36	
85.36	
85.36	
85.36	
85.36	
85.36	
84.86	
84.86	
84.86	
84.86	
84.86	
84.86	

Run no: 18
92.77	
92.77	
89.41	
89.41	
87.13	
87.13	
87.13	
84.82	
84.82	
84.82	
84.82	
84.82	
79.62	
79.62	
79.62	
79.62	
79.62	
79.62	
79.42	
77.92	
77.92	
77.92	
77.92	
77.92	
77.92	
77.92	
77.82	
77.82	
77.82	
77.82	
77.59	

Run no: 19
96.23	
96.23	
96.23	
96.18	
96.14	
95.06	
89.43	
89.43	
89.43	
89.43	
89.43	
89.43	
89.43	
89.43	
89.43	
88.68	
83.63	
83.63	
83.63	
83.41	
83.41	
83.41	
83.41	
83.41	
83.41	
83.41	
83.41	
83.41	
83.41	
83.24	
83.24	

Run no: 20
94.76	
94.76	
94.76	
89.42	
89.42	
89.42	
89.42	
87.84	
86.54	
86.54	
84.74	
84.74	
84.74	
84.59	
84.59	
84.59	
84.59	
84.59	
84.59	
83.34	
83.34	
83.34	
83.34	
83.34	
83.07	
81.84	
81.84	
81.84	
81.84	
81.84	
81.84	

Run no: 21
91.02	
91.02	
91.02	
90.53	
90.08	
90.08	
90.08	
89.37	
89.37	
89.37	
89.37	
88.28	
84.67	
84.67	
84.67	
84.67	
84.67	
84.67	
84.49	
84.4	
84.4	
84.4	
84.4	
84.4	
84.4	
84.4	
80.79	
80.79	
80.79	
80.79	
80.79	

Run no: 22
93.88	
93.88	
93.88	
87.16	
87.16	
87.16	
87.16	
87.16	
87.16	
84.06	
84.06	
80.69	
80.69	
80.66	
80.66	
80.66	
80.66	
80.66	
80.66	
80.66	
80.66	
80.66	
80.66	
80.66	
80.66	
80.66	
80.66	
80.66	
80.66	
80.66	
80.66	

Run no: 23
90.89	
90.89	
90.89	
90.42	
90.42	
85.31	
85.31	
85.31	
85.31	
85.31	
85.31	
85.31	
85.06	
85.06	
84.96	
84.96	
84.96	
84.96	
84.96	
84.96	
84.96	
84.96	
84.96	
84.52	
84.52	
84.32	
82.88	
82.88	
82.88	
82.88	
82.78	

Run no: 24
91.69	
91.69	
91.69	
91.69	
91.69	
91.34	
91.34	
91.34	
91.34	
89.67	
89.67	
89.67	
88.92	
88.92	
88.92	
88.92	
88.9	
88.9	
88.67	
87.84	
87.84	
87.84	
87.84	
87.34	
87.34	
87.34	
87.34	
87.34	
87.34	
86.91	
86.91	

Run no: 25
93.81	
93.81	
93.81	
87.31	
87.31	
87.31	
87.31	
87.31	
87.31	
86.34	
86.34	
86.34	
86.34	
85.71	
81.8	
81.8	
81.8	
76.47	
76.47	
76.47	
76.47	
76.47	
76.47	
76.47	
76.47	
76.22	
76.22	
76.22	
76.06	
76.06	
75.97	

Run no: 26
94.58	
94.53	
93.63	
93.63	
92.26	
92.26	
92.26	
92.26	
82.14	
81.81	
81.81	
81.81	
81.81	
81.81	
81.59	
81.59	
81.59	
81.59	
81.44	
81.37	
81.37	
81.37	
81.33	
81.33	
81.33	
81.23	
81.23	
81.23	
81.23	
81.23	
80.56	

Run no: 27
92.33	
92.33	
92.33	
92.33	
92.33	
90.33	
90.33	
89.83	
89.83	
89.83	
89.83	
87.43	
87.43	
87.43	
87.43	
87.43	
87.43	
87.43	
87.43	
87.43	
87.43	
87.43	
87.43	
87.43	
87.43	
87.43	
87.41	
87.41	
87.41	
87.41	
87.41	

Run no: 28
87.83	
87.83	
87.83	
87.77	
87.19	
81.94	
81.94	
81.94	
81.94	
81.86	
81.63	
81.63	
81.63	
79.83	
79.83	
79.83	
79.83	
79.83	
79.83	
79.83	
77.32	
77.32	
77.32	
77.32	
77.32	
77.16	
77.16	
77.16	
77.16	
75.79	
75.79	

Run no: 29
94.12	
94.12	
94.12	
92.82	
92.82	
92.82	
92.4	
91.73	
91.73	
86.84	
85.21	
85.21	
81.07	
81.07	
80.91	
80.91	
80.91	
80.76	
80.76	
80.76	
80.76	
80.47	
80.47	
80.47	
80.42	
79.76	
79.76	
79.76	
79.67	
79.62	
79.62	
