
Run no: 0
96.0	
96.0	
89.79	
89.79	
89.79	
89.49	
89.49	
88.47	
87.19	
87.19	
87.19	
87.19	
87.12	
87.12	
85.24	
85.24	
85.24	
85.24	
85.24	
84.94	
84.94	
84.81	
84.81	
83.92	
83.92	
83.92	
83.44	
83.44	
82.43	
82.36	
82.36	

Run no: 1
92.76	
92.76	
92.76	
92.76	
92.76	
92.76	
92.69	
81.0	
81.0	
81.0	
81.0	
81.0	
81.0	
81.0	
81.0	
75.17	
75.17	
75.17	
75.17	
75.16	
75.07	
75.07	
75.07	
74.75	
74.75	
74.75	
74.75	
74.75	
74.75	
74.75	
74.45	

Run no: 2
88.85	
88.85	
88.85	
87.84	
87.84	
87.84	
87.84	
87.23	
87.23	
87.23	
87.23	
87.23	
87.23	
87.23	
84.71	
84.71	
82.43	
81.9	
81.72	
81.72	
81.72	
81.68	
81.15	
81.15	
81.15	
80.81	
80.81	
80.81	
80.81	
80.81	
80.81	

Run no: 3
88.58	
88.58	
88.58	
88.58	
88.58	
88.28	
88.28	
88.07	
87.83	
87.83	
85.21	
85.21	
85.08	
82.9	
82.9	
82.9	
82.72	
82.72	
82.72	
82.72	
82.72	
82.72	
82.61	
81.29	
81.29	
81.29	
81.29	
81.29	
81.29	
81.29	
81.16	

Run no: 4
93.25	
93.25	
91.21	
91.21	
90.35	
88.66	
88.66	
88.66	
87.16	
87.16	
87.16	
87.06	
87.06	
87.06	
87.06	
87.06	
87.06	
87.01	
80.32	
80.32	
80.32	
80.32	
80.32	
79.62	
79.62	
78.83	
78.83	
78.83	
78.8	
78.65	
78.65	

Run no: 5
87.79	
87.79	
87.73	
87.73	
87.73	
86.76	
86.76	
86.76	
86.76	
86.76	
86.76	
86.76	
86.76	
85.79	
85.79	
85.79	
85.79	
84.38	
84.38	
83.98	
83.98	
83.98	
83.98	
83.98	
83.98	
83.98	
83.88	
83.88	
83.11	
83.11	
81.45	

Run no: 6
94.52	
94.5	
94.42	
91.4	
91.4	
85.37	
85.37	
82.07	
82.07	
81.97	
81.97	
81.97	
81.82	
81.82	
81.82	
81.82	
80.03	
80.03	
80.03	
80.03	
80.03	
80.03	
80.03	
80.03	
80.03	
80.03	
79.69	
79.69	
79.69	
79.69	
78.51	

Run no: 7
96.67	
88.65	
88.65	
88.65	
88.65	
88.54	
88.54	
88.54	
88.39	
88.39	
88.39	
88.26	
88.26	
88.26	
88.26	
88.01	
88.01	
88.01	
88.01	
87.98	
87.34	
87.34	
87.14	
84.7	
84.7	
84.7	
84.7	
84.7	
83.86	
83.86	
80.5	

Run no: 8
90.46	
89.39	
89.39	
89.39	
88.85	
88.73	
86.67	
86.67	
86.67	
85.85	
85.85	
85.85	
84.28	
84.28	
84.28	
81.18	
81.18	
81.18	
81.18	
81.18	
81.18	
81.18	
81.18	
81.18	
81.18	
81.18	
81.18	
81.18	
81.18	
81.18	
81.18	

Run no: 9
93.66	
93.66	
93.66	
93.66	
91.07	
91.07	
91.07	
90.46	
85.09	
85.02	
85.02	
85.02	
85.02	
85.02	
84.55	
84.55	
84.55	
84.55	
84.55	
84.55	
84.55	
84.55	
83.55	
83.55	
82.8	
82.8	
82.8	
82.8	
82.34	
82.27	
82.27	

Run no: 10
93.38	
93.38	
93.38	
93.38	
93.38	
93.38	
92.59	
92.59	
92.02	
91.26	
85.39	
85.39	
84.97	
84.97	
84.97	
84.97	
84.97	
84.97	
84.97	
84.97	
79.79	
79.79	
79.79	
79.79	
77.05	
77.05	
77.05	
77.05	
77.05	
77.01	
77.01	

Run no: 11
97.67	
97.67	
97.67	
95.97	
95.97	
95.97	
95.59	
88.36	
88.36	
88.36	
88.36	
88.11	
88.11	
88.11	
88.11	
88.11	
88.11	
88.11	
87.86	
87.86	
87.86	
87.86	
87.86	
87.86	
87.86	
79.35	
79.35	
79.35	
79.19	
79.19	
77.16	

Run no: 12
95.43	
95.43	
93.43	
89.67	
89.67	
89.67	
89.67	
89.67	
89.31	
89.14	
89.14	
88.34	
87.64	
87.64	
87.64	
86.93	
86.93	
86.93	
86.76	
86.76	
86.76	
86.76	
86.76	
86.76	
86.76	
86.0	
86.0	
86.0	
86.0	
85.95	
85.95	

Run no: 13
93.84	
93.84	
93.09	
91.23	
91.23	
91.23	
91.23	
91.23	
90.37	
90.37	
90.37	
87.81	
87.81	
87.81	
87.81	
87.07	
87.07	
87.07	
87.07	
87.07	
86.91	
86.91	
86.91	
86.72	
86.72	
86.72	
86.72	
86.72	
86.72	
86.37	
86.37	

Run no: 14
94.61	
94.61	
94.29	
93.65	
93.65	
93.65	
91.28	
91.28	
89.92	
89.92	
89.92	
89.92	
89.92	
89.92	
88.66	
88.48	
86.31	
86.31	
86.31	
86.28	
86.28	
86.28	
86.28	
86.28	
86.28	
86.28	
84.87	
84.87	
84.87	
84.87	
84.87	

Run no: 15
92.13	
92.13	
89.42	
89.42	
89.42	
89.38	
89.38	
89.38	
88.56	
88.56	
88.56	
86.92	
86.92	
86.92	
86.92	
86.92	
86.9	
86.9	
86.49	
86.49	
86.49	
86.49	
86.49	
86.49	
86.49	
86.49	
82.32	
82.32	
82.32	
81.39	
81.39	

Run no: 16
93.77	
93.77	
90.07	
86.99	
85.64	
85.55	
85.55	
85.55	
85.55	
85.55	
83.64	
82.34	
82.34	
82.34	
82.34	
82.34	
82.34	
82.34	
81.11	
81.11	
81.11	
81.11	
81.11	
80.32	
80.32	
80.32	
80.32	
80.32	
80.32	
80.32	
80.32	

Run no: 17
91.19	
91.19	
91.19	
83.76	
83.76	
83.76	
83.76	
83.71	
83.36	
83.36	
83.3	
83.3	
83.3	
83.3	
82.9	
82.9	
82.9	
82.9	
82.9	
82.9	
82.65	
82.65	
78.78	
78.78	
78.78	
78.78	
78.78	
78.6	
78.6	
78.6	
78.6	

Run no: 18
89.5	
89.5	
89.5	
88.59	
87.48	
86.47	
86.47	
86.13	
86.13	
86.13	
86.07	
85.35	
83.5	
83.5	
83.33	
83.29	
83.29	
83.29	
78.72	
78.66	
78.66	
78.66	
78.45	
78.45	
78.45	
78.33	
78.33	
78.33	
77.63	
77.32	
77.09	

Run no: 19
94.24	
94.24	
94.24	
94.24	
93.84	
93.84	
93.84	
93.84	
92.64	
87.15	
87.15	
87.15	
87.15	
87.15	
87.15	
87.15	
87.15	
87.15	
87.15	
87.15	
86.75	
86.75	
86.75	
86.75	
86.75	
86.55	
86.55	
86.55	
83.51	
83.51	
83.35	

Run no: 20
95.39	
95.39	
85.37	
85.37	
85.37	
85.37	
85.37	
84.84	
84.23	
84.23	
84.23	
84.23	
79.93	
79.93	
78.38	
78.38	
78.38	
78.38	
78.38	
78.38	
78.38	
77.78	
77.78	
77.78	
77.78	
77.78	
77.78	
77.78	
77.78	
77.78	
77.78	

Run no: 21
99.01	
89.32	
89.0	
88.89	
88.89	
87.95	
87.95	
84.75	
84.75	
84.75	
84.75	
84.75	
84.0	
83.24	
82.05	
82.05	
81.43	
81.03	
81.03	
80.67	
80.67	
80.67	
80.67	
80.67	
80.67	
80.55	
80.55	
80.49	
80.49	
80.49	
80.49	

Run no: 22
95.97	
90.7	
90.7	
90.7	
90.7	
89.76	
89.76	
89.76	
89.61	
89.61	
86.03	
86.03	
86.03	
86.03	
86.03	
86.03	
86.03	
81.38	
79.17	
79.17	
77.64	
77.64	
77.64	
77.46	
75.42	
75.42	
75.42	
75.42	
75.42	
75.42	
75.42	

Run no: 23
94.07	
94.07	
93.39	
93.39	
93.39	
88.53	
88.53	
88.53	
86.93	
86.93	
86.93	
86.93	
86.37	
82.5	
82.5	
81.53	
81.51	
81.47	
81.47	
81.31	
81.31	
81.01	
80.76	
80.76	
80.2	
80.2	
80.2	
79.85	
79.85	
79.85	
79.85	

Run no: 24
94.72	
94.72	
94.72	
94.72	
94.72	
89.3	
89.23	
86.23	
86.23	
84.76	
84.76	
84.54	
84.54	
84.54	
84.54	
81.76	
81.76	
81.76	
81.76	
81.31	
81.31	
81.31	
81.31	
81.31	
80.84	
80.84	
80.84	
75.96	
75.96	
75.96	
75.93	

Run no: 25
93.59	
93.59	
92.49	
88.85	
88.85	
88.85	
88.55	
88.45	
88.45	
88.27	
88.27	
88.27	
88.27	
88.27	
88.27	
84.49	
84.49	
84.49	
84.49	
84.49	
84.49	
84.49	
84.44	
84.44	
84.44	
84.44	
84.44	
83.86	
83.76	
83.76	
83.76	

Run no: 26
97.95	
96.12	
96.12	
96.12	
95.62	
95.62	
88.24	
88.24	
88.24	
88.24	
88.24	
88.24	
83.66	
83.66	
83.66	
83.66	
83.57	
83.51	
83.51	
83.51	
83.51	
82.7	
82.7	
82.7	
82.7	
82.7	
82.7	
82.56	
81.49	
81.49	
81.48	

Run no: 27
92.37	
91.76	
91.76	
91.04	
90.9	
90.58	
90.58	
88.47	
87.36	
87.36	
87.36	
87.36	
87.36	
87.36	
87.36	
87.36	
84.47	
84.47	
84.03	
84.03	
84.03	
83.78	
77.19	
77.19	
77.02	
77.02	
77.02	
77.02	
77.02	
77.02	
77.02	

Run no: 28
91.8	
90.87	
90.87	
79.12	
79.12	
79.12	
78.58	
78.58	
78.26	
78.26	
78.26	
78.26	
78.22	
78.22	
78.22	
78.22	
78.22	
78.22	
78.22	
77.4	
75.35	
75.35	
75.35	
75.06	
75.06	
75.06	
75.06	
75.05	
75.05	
74.9	
74.8	

Run no: 29
94.1	
94.1	
94.1	
93.96	
93.96	
93.75	
93.75	
93.75	
93.75	
93.75	
92.4	
92.4	
87.34	
87.34	
87.34	
87.34	
87.34	
87.04	
87.04	
86.99	
86.99	
86.99	
86.99	
86.63	
86.49	
86.49	
86.49	
84.81	
84.81	
83.75	
83.75	
