
Run no: 1
55.81	
55.81	
50.56	
50.19	
50.19	
50.19	
49.59	
49.59	
49.59	
49.59	
49.59	
49.59	
49.59	
49.59	
49.56	
49.37	
49.37	
49.37	
49.37	
49.37	
49.37	
49.37	
49.3	
49.07	
48.6	
48.6	
48.6	
48.4	
48.4	
48.4	
48.4	

Run no: 2
56.57	
56.57	
52.55	
51.02	
51.02	
51.02	
49.05	
49.05	
49.05	
49.05	
49.05	
48.13	
48.13	
48.13	
48.13	
48.13	
48.13	
48.13	
48.06	
48.06	
48.06	
48.06	
48.06	
47.96	
47.96	
47.94	
47.94	
47.8	
47.8	
47.8	
47.67	

Run no: 3
54.21	
54.21	
54.21	
54.21	
54.09	
54.09	
53.94	
53.94	
53.49	
53.49	
53.49	
52.63	
52.63	
52.63	
51.72	
51.59	
49.78	
49.72	
49.72	
49.72	
49.72	
49.72	
49.7	
48.92	
48.92	
48.92	
48.92	
48.92	
48.92	
48.92	
48.92	

Run no: 4
57.52	
53.63	
53.63	
52.4	
52.4	
52.4	
51.77	
51.77	
51.77	
51.77	
51.77	
51.2	
51.2	
51.2	
51.2	
49.58	
49.58	
49.58	
49.58	
49.58	
49.58	
49.58	
49.58	
49.58	
49.52	
49.52	
49.52	
49.52	
49.52	
49.5	
49.5	

Run no: 5
56.3	
56.3	
56.3	
56.25	
56.25	
56.25	
55.55	
55.55	
55.28	
55.28	
55.28	
55.08	
53.95	
53.95	
53.03	
52.55	
52.55	
50.93	
50.93	
50.93	
50.93	
50.93	
50.89	
50.89	
50.86	
50.76	
50.76	
50.57	
50.45	
50.19	
50.19	

Run no: 6
57.04	
57.04	
57.04	
57.04	
57.04	
56.32	
55.91	
55.91	
55.91	
53.82	
51.18	
51.18	
51.18	
48.17	
48.15	
48.15	
48.15	
48.15	
48.15	
48.11	
48.11	
47.92	
47.9	
47.8	
47.8	
47.8	
47.8	
47.8	
47.8	
47.8	
47.79	

Run no: 7
54.29	
54.29	
53.4	
53.4	
53.4	
53.4	
53.14	
53.09	
53.09	
53.09	
53.09	
52.14	
52.14	
52.14	
52.14	
51.9	
51.9	
51.65	
51.4	
51.15	
51.15	
51.15	
51.15	
51.15	
51.15	
51.15	
50.39	
48.98	
48.98	
48.98	
48.98	

Run no: 8
58.79	
58.79	
58.44	
57.5	
56.49	
56.49	
56.49	
53.22	
53.22	
52.92	
52.92	
52.37	
52.08	
52.08	
52.08	
52.08	
52.08	
51.67	
51.67	
51.67	
51.67	
51.66	
51.66	
51.66	
51.62	
51.24	
51.24	
51.24	
51.24	
51.24	
51.24	

Run no: 9
54.73	
54.73	
52.3	
52.3	
52.3	
52.3	
52.3	
52.27	
52.2	
52.01	
51.7	
51.2	
51.2	
51.02	
51.02	
51.02	
51.02	
51.02	
51.0	
51.0	
51.0	
50.38	
50.38	
50.38	
50.38	
50.38	
50.38	
50.38	
50.16	
50.16	
50.16	

Run no: 10
56.77	
56.7	
56.7	
53.92	
53.92	
53.92	
53.92	
53.67	
53.37	
53.37	
52.53	
52.52	
52.52	
52.52	
51.81	
51.81	
51.81	
51.81	
51.81	
51.81	
51.28	
51.28	
51.28	
51.25	
51.25	
51.25	
51.25	
51.25	
51.25	
51.25	
51.25	

Run no: 11
57.41	
57.41	
56.77	
56.77	
54.64	
54.64	
52.29	
52.29	
52.29	
52.27	
52.16	
51.8	
51.64	
51.45	
51.45	
51.45	
51.11	
51.11	
50.97	
50.42	
50.42	
50.42	
50.42	
50.42	
50.42	
50.42	
50.42	
50.42	
49.88	
49.88	
49.58	

Run no: 12
49.93	
49.93	
49.93	
49.93	
49.93	
49.93	
49.93	
49.93	
49.76	
49.76	
49.76	
48.81	
48.81	
48.81	
48.81	
48.81	
48.81	
48.81	
48.17	
48.17	
48.17	
48.17	
48.17	
48.17	
48.17	
48.17	
48.17	
48.17	
47.08	
47.08	
47.08	

Run no: 13
55.37	
55.37	
53.92	
53.65	
53.65	
53.64	
53.64	
51.68	
51.68	
51.68	
51.68	
51.68	
51.68	
51.68	
51.68	
51.66	
51.66	
51.66	
50.41	
50.16	
50.16	
50.16	
50.16	
50.16	
50.16	
50.16	
49.08	
49.08	
49.08	
49.08	
49.08	

Run no: 14
57.47	
57.47	
57.47	
57.47	
57.47	
56.86	
56.86	
56.86	
56.86	
56.23	
54.24	
54.17	
54.17	
54.17	
54.11	
54.11	
53.76	
53.76	
53.74	
52.91	
51.79	
51.79	
51.79	
51.79	
51.79	
51.79	
51.49	
51.43	
48.39	
48.39	
48.39	

Run no: 15
58.12	
58.12	
57.32	
57.32	
57.32	
57.32	
57.32	
55.14	
55.14	
55.14	
50.04	
50.04	
50.04	
49.74	
49.74	
49.07	
49.07	
49.07	
49.07	
49.07	
49.07	
48.98	
48.77	
48.77	
48.77	
48.77	
48.77	
48.77	
48.14	
48.1	
48.1	

Run no: 16
60.34	
60.34	
60.34	
60.34	
53.78	
53.78	
53.43	
53.43	
53.43	
53.43	
53.43	
53.43	
53.18	
52.82	
52.65	
52.65	
52.65	
52.26	
52.26	
52.26	
52.26	
51.28	
51.28	
51.28	
51.28	
51.28	
51.28	
51.28	
49.74	
49.74	
49.74	

Run no: 17
58.2	
51.67	
51.67	
51.63	
51.63	
51.61	
51.61	
51.61	
51.21	
51.02	
50.65	
50.65	
50.65	
50.65	
50.59	
50.59	
50.59	
50.07	
49.83	
49.83	
49.83	
49.83	
49.83	
49.83	
49.83	
49.83	
49.83	
49.83	
49.83	
49.09	
49.09	

Run no: 18
57.71	
57.71	
57.17	
57.17	
56.83	
56.75	
56.75	
53.53	
53.53	
52.4	
52.4	
51.82	
51.82	
51.82	
51.82	
51.82	
51.82	
51.01	
51.01	
50.72	
49.16	
49.16	
49.16	
49.16	
49.16	
48.85	
48.85	
48.85	
48.59	
48.59	
48.59	

Run no: 19
54.67	
53.33	
53.23	
53.23	
53.23	
51.7	
51.7	
51.7	
51.68	
51.37	
50.2	
50.04	
50.04	
50.04	
50.04	
50.04	
50.04	
48.7	
48.7	
48.7	
48.7	
48.7	
48.7	
48.7	
48.55	
48.55	
48.55	
48.55	
48.55	
48.55	
48.55	

Run no: 20
56.14	
56.14	
56.14	
55.92	
55.92	
55.92	
55.92	
54.78	
54.37	
54.37	
54.37	
50.24	
50.24	
50.24	
50.24	
50.24	
50.14	
50.13	
50.13	
50.13	
49.13	
49.13	
49.13	
49.13	
49.08	
49.08	
49.08	
49.08	
49.08	
49.08	
49.08	

Run no: 21
56.87	
56.64	
56.64	
56.64	
56.64	
56.64	
52.28	
52.28	
52.28	
52.28	
52.28	
52.28	
52.18	
52.11	
52.11	
51.71	
51.65	
51.65	
51.23	
50.95	
50.95	
50.88	
50.88	
50.88	
50.88	
50.34	
50.34	
50.34	
50.34	
50.34	
49.6	

Run no: 22
52.7	
52.7	
52.7	
52.56	
52.56	
52.56	
50.92	
50.92	
50.92	
50.92	
50.92	
50.92	
50.92	
50.92	
48.31	
48.31	
48.31	
48.31	
48.31	
48.31	
47.92	
47.85	
47.85	
47.85	
47.85	
47.85	
47.78	
47.68	
47.68	
47.68	
47.68	

Run no: 23
55.03	
55.03	
55.03	
54.53	
54.53	
51.84	
51.84	
51.84	
51.73	
51.73	
51.73	
51.73	
51.73	
51.44	
51.44	
51.44	
51.44	
51.44	
48.77	
48.77	
48.77	
48.77	
48.77	
48.77	
48.08	
48.08	
47.58	
47.58	
47.36	
47.36	
47.36	

Run no: 24
56.17	
56.17	
56.17	
54.78	
54.78	
54.78	
54.78	
52.77	
52.77	
52.77	
50.69	
50.69	
50.69	
50.69	
50.69	
50.67	
50.67	
50.67	
50.55	
50.55	
50.55	
50.06	
50.06	
50.06	
50.06	
50.06	
50.06	
50.06	
49.09	
49.09	
48.95	

Run no: 25
57.18	
57.18	
56.66	
56.66	
56.66	
56.66	
52.02	
52.02	
52.02	
52.02	
52.02	
52.02	
52.02	
52.02	
51.87	
51.87	
51.48	
51.48	
51.48	
51.48	
51.48	
51.39	
51.08	
51.08	
51.08	
51.08	
51.08	
51.08	
50.71	
50.21	
50.21	

Run no: 26
50.77	
50.77	
50.77	
50.62	
50.62	
50.62	
50.62	
50.62	
50.62	
50.62	
50.62	
49.32	
49.32	
49.1	
47.69	
47.69	
47.69	
47.69	
47.69	
47.69	
47.69	
47.69	
47.69	
47.51	
47.51	
47.51	
47.51	
47.51	
47.27	
47.27	
47.27	

Run no: 27
53.02	
53.02	
51.26	
51.26	
51.26	
51.26	
51.26	
51.26	
51.26	
51.26	
51.26	
51.26	
51.26	
51.23	
51.23	
51.23	
51.23	
51.23	
51.16	
50.92	
50.92	
50.92	
50.92	
50.61	
50.17	
49.69	
49.69	
49.69	
49.69	
49.69	
49.69	

Run no: 28
54.13	
54.13	
54.13	
52.36	
52.36	
52.36	
52.3	
51.88	
51.88	
51.55	
51.55	
49.05	
49.05	
48.65	
48.65	
48.65	
48.65	
48.65	
48.65	
48.63	
48.62	
48.62	
48.62	
48.62	
48.62	
48.62	
48.62	
48.62	
48.39	
48.39	
48.39	

Run no: 29
54.73	
54.73	
52.9	
52.9	
52.9	
52.9	
52.9	
52.9	
52.9	
52.71	
52.71	
52.71	
52.71	
52.6	
52.6	
52.6	
52.43	
52.43	
52.3	
51.8	
51.8	
51.72	
51.72	
51.72	
51.72	
51.72	
51.72	
50.72	
50.72	
50.72	
50.72	

Run no: 30
55.06	
55.06	
55.06	
55.06	
54.94	
54.83	
52.47	
52.47	
51.58	
51.58	
51.58	
51.48	
51.11	
51.11	
51.11	
51.11	
51.11	
51.11	
50.49	
50.49	
48.76	
48.76	
48.76	
48.71	
48.71	
48.71	
48.71	
48.71	
48.5	
48.5	
47.39	
