
Run no: 1
91.39	
91.39	
82.97	
82.97	
82.53	
82.53	
81.18	
81.18	
81.18	
81.18	
81.18	
81.18	
81.0	
78.89	
78.89	
78.89	
78.18	
78.18	
78.18	
78.18	
78.18	
78.13	
77.9	
77.9	
77.9	
77.9	
72.81	
72.81	
72.81	
72.81	
72.81	

Run no: 2
89.93	
89.93	
89.93	
83.21	
83.21	
83.14	
83.14	
78.5	
78.5	
78.5	
78.5	
78.19	
78.04	
77.54	
77.54	
77.54	
74.71	
74.71	
74.71	
74.71	
74.71	
74.71	
74.71	
74.71	
74.71	
74.71	
74.71	
74.71	
74.5	
74.5	
74.41	

Run no: 3
92.13	
92.1	
88.35	
88.35	
88.35	
88.35	
88.35	
86.97	
86.97	
86.77	
81.76	
81.33	
81.33	
80.75	
79.82	
79.82	
79.82	
79.71	
79.71	
78.88	
78.88	
78.88	
78.88	
76.38	
76.38	
76.38	
76.38	
76.38	
76.38	
76.38	
76.31	

Run no: 4
80.01	
80.01	
80.01	
80.01	
80.01	
80.01	
80.01	
80.01	
79.6	
78.44	
77.76	
77.66	
77.66	
76.55	
76.55	
76.55	
76.55	
75.85	
75.77	
75.77	
75.77	
75.77	
75.7	
75.67	
75.63	
74.91	
74.7	
74.7	
74.7	
74.7	
74.7	

Run no: 5
90.26	
90.26	
90.26	
83.33	
83.33	
83.33	
82.15	
82.04	
82.04	
82.04	
81.96	
81.92	
81.92	
81.9	
81.65	
75.45	
74.92	
74.92	
74.37	
74.37	
74.37	
74.37	
74.37	
74.37	
73.47	
71.35	
71.35	
69.6	
69.6	
69.6	
69.55	

Run no: 6
87.17	
81.29	
81.29	
81.29	
80.49	
80.49	
80.49	
80.49	
79.18	
79.08	
79.08	
79.08	
79.08	
78.94	
78.94	
78.94	
78.94	
78.94	
78.93	
78.93	
78.74	
77.81	
77.81	
77.81	
77.81	
77.81	
77.81	
77.81	
77.81	
77.81	
77.7	

Run no: 7
89.76	
89.76	
89.76	
84.53	
84.53	
84.53	
84.53	
84.53	
83.07	
83.07	
82.92	
82.92	
80.65	
80.65	
80.65	
80.65	
79.33	
79.29	
79.29	
79.29	
79.29	
78.5	
78.5	
78.5	
78.5	
78.5	
78.37	
78.34	
78.34	
78.34	
78.34	

Run no: 8
92.44	
92.44	
92.44	
92.44	
87.65	
87.47	
87.47	
87.4	
86.63	
86.63	
86.63	
80.26	
80.26	
80.26	
80.26	
80.26	
80.26	
80.06	
80.06	
80.06	
80.06	
79.94	
79.94	
79.94	
79.94	
79.94	
79.94	
79.94	
79.94	
79.94	
79.38	

Run no: 9
82.87	
82.87	
82.87	
82.87	
82.87	
82.87	
82.87	
82.87	
82.57	
81.29	
81.22	
81.22	
81.22	
81.22	
81.13	
81.13	
81.09	
80.96	
80.73	
80.73	
80.59	
80.59	
80.59	
80.59	
80.56	
80.56	
80.56	
80.39	
80.39	
80.39	
79.44	

Run no: 10
87.3	
87.3	
87.3	
81.8	
81.8	
81.8	
81.8	
81.8	
81.8	
81.8	
81.8	
81.75	
81.75	
81.75	
81.62	
81.62	
81.62	
81.62	
81.62	
81.49	
81.38	
81.38	
81.2	
80.4	
80.4	
80.4	
80.4	
80.4	
80.4	
79.69	
79.69	

Run no: 11
91.26	
91.26	
91.26	
91.26	
91.26	
85.1	
85.1	
79.77	
79.77	
79.77	
79.72	
79.72	
79.72	
79.67	
79.67	
79.67	
79.67	
79.67	
79.21	
79.21	
79.21	
79.21	
79.04	
79.04	
79.04	
78.95	
78.88	
78.88	
78.88	
78.88	
78.86	

Run no: 12
90.19	
90.19	
89.69	
84.46	
84.46	
84.05	
84.05	
84.05	
84.05	
84.05	
81.89	
81.89	
81.89	
81.18	
81.18	
81.18	
81.18	
81.18	
78.87	
78.87	
78.87	
78.87	
78.87	
78.87	
78.87	
78.84	
78.51	
78.51	
78.09	
78.09	
78.09	

Run no: 13
89.11	
88.56	
88.54	
88.54	
88.54	
88.54	
88.54	
88.54	
87.93	
87.93	
86.67	
86.09	
86.09	
86.09	
86.09	
84.67	
84.67	
84.67	
84.2	
84.2	
82.83	
78.92	
78.92	
78.92	
78.92	
78.92	
78.92	
78.27	
78.27	
78.27	
78.09	

Run no: 14
84.31	
84.31	
84.31	
82.82	
82.82	
82.82	
82.82	
81.32	
81.32	
81.32	
78.96	
78.96	
78.96	
78.88	
77.97	
77.97	
77.97	
77.97	
77.97	
77.97	
77.97	
77.15	
77.15	
77.15	
77.08	
77.08	
77.05	
77.05	
77.05	
77.05	
77.05	

Run no: 15
90.22	
90.22	
90.22	
90.22	
86.87	
86.87	
84.26	
84.26	
84.26	
83.88	
83.75	
83.58	
83.24	
83.24	
83.24	
83.24	
82.26	
81.66	
81.52	
81.52	
81.33	
80.42	
80.42	
80.42	
79.81	
78.84	
78.84	
78.84	
78.84	
78.84	
78.84	

Run no: 16
93.67	
93.66	
90.85	
90.85	
83.38	
83.38	
83.38	
83.38	
83.38	
83.19	
83.18	
83.08	
83.08	
83.08	
82.92	
82.92	
82.92	
82.92	
82.92	
81.74	
81.74	
81.42	
81.42	
78.28	
78.28	
71.98	
71.98	
71.98	
71.98	
71.98	
71.98	

Run no: 17
86.35	
86.35	
86.35	
86.35	
86.35	
80.44	
80.08	
80.08	
80.08	
80.08	
80.08	
80.08	
79.54	
79.25	
79.03	
77.46	
77.46	
77.22	
77.22	
77.22	
77.22	
77.22	
77.22	
77.07	
77.07	
77.06	
77.06	
77.02	
76.76	
76.76	
76.76	

Run no: 18
86.39	
86.39	
86.39	
85.74	
84.01	
84.01	
84.01	
84.01	
84.01	
82.77	
80.6	
80.6	
80.6	
80.25	
80.25	
80.25	
80.1	
80.1	
79.11	
79.11	
78.83	
78.83	
78.83	
78.83	
77.81	
77.81	
75.87	
75.87	
75.87	
75.87	
75.87	

Run no: 19
92.59	
92.59	
92.59	
90.69	
90.69	
90.69	
90.69	
90.69	
85.04	
85.04	
84.96	
84.96	
80.46	
80.46	
79.86	
78.36	
78.36	
78.36	
78.36	
78.36	
78.36	
78.36	
78.36	
78.09	
78.09	
78.09	
78.09	
78.09	
78.09	
78.09	
78.09	

Run no: 20
78.93	
78.93	
78.93	
78.93	
77.36	
77.36	
77.21	
76.6	
76.6	
76.6	
76.6	
75.71	
75.05	
75.05	
75.05	
75.05	
75.05	
75.05	
75.05	
74.16	
74.14	
74.14	
74.14	
74.14	
74.14	
74.14	
72.99	
72.99	
72.99	
72.99	
72.99	

Run no: 21
89.81	
89.81	
89.81	
88.33	
88.33	
88.33	
88.33	
88.33	
85.02	
85.02	
85.02	
84.53	
84.4	
84.4	
83.09	
83.09	
79.15	
79.15	
79.15	
79.15	
79.15	
79.15	
79.15	
79.15	
79.15	
79.15	
79.15	
79.15	
78.58	
78.58	
78.3	

Run no: 22
93.06	
91.44	
91.44	
91.44	
82.7	
82.63	
82.62	
82.62	
82.62	
82.62	
79.07	
79.07	
79.07	
79.07	
79.07	
77.36	
77.36	
77.36	
77.19	
77.19	
77.19	
77.19	
76.93	
76.93	
76.93	
76.93	
76.93	
76.93	
76.93	
75.64	
75.64	

Run no: 23
81.51	
81.51	
81.51	
78.92	
78.92	
78.92	
78.92	
78.92	
78.92	
78.92	
78.92	
78.92	
78.92	
78.88	
78.88	
78.69	
78.24	
77.98	
77.98	
77.64	
77.64	
77.64	
77.64	
77.64	
77.64	
77.39	
77.39	
77.39	
77.39	
77.39	
77.39	

Run no: 24
90.15	
90.15	
81.91	
81.91	
81.91	
81.91	
81.9	
81.9	
81.76	
81.45	
81.45	
81.23	
80.44	
80.11	
80.11	
80.11	
80.11	
80.11	
80.11	
80.05	
79.78	
79.78	
79.78	
79.66	
79.52	
79.24	
77.03	
77.03	
77.03	
77.03	
77.02	

Run no: 25
85.69	
83.97	
83.97	
83.79	
83.79	
83.79	
83.49	
83.49	
83.49	
83.49	
83.2	
83.2	
83.2	
83.2	
83.17	
82.84	
82.53	
82.53	
82.53	
82.41	
82.41	
82.21	
82.21	
82.16	
82.16	
82.16	
82.16	
82.16	
82.12	
80.16	
80.16	

Run no: 26
90.68	
90.0	
90.0	
90.0	
90.0	
89.61	
89.61	
89.61	
89.61	
89.61	
87.04	
87.04	
87.04	
87.04	
87.04	
87.04	
87.04	
86.97	
76.02	
76.02	
76.02	
76.02	
76.02	
76.02	
76.02	
76.02	
76.02	
73.37	
72.97	
72.97	
72.12	

Run no: 27
92.08	
91.88	
87.88	
87.88	
84.49	
83.46	
83.46	
83.46	
83.46	
83.46	
82.96	
82.21	
82.21	
82.21	
82.21	
82.15	
80.78	
80.44	
80.44	
80.44	
80.44	
78.97	
77.23	
77.23	
77.23	
77.23	
77.23	
77.16	
76.76	
76.76	
76.76	

Run no: 28
90.24	
86.9	
86.65	
86.65	
86.65	
86.65	
85.05	
85.05	
85.05	
85.05	
85.05	
85.05	
84.61	
84.61	
84.61	
84.61	
84.6	
84.6	
83.76	
83.76	
81.47	
78.96	
78.96	
78.96	
78.96	
78.96	
78.96	
78.96	
78.67	
78.67	
78.67	

Run no: 29
83.95	
83.95	
83.95	
83.95	
83.95	
83.95	
83.95	
83.95	
83.95	
83.95	
83.95	
83.95	
83.95	
83.62	
83.62	
80.98	
80.98	
80.98	
80.98	
80.98	
80.67	
79.86	
79.66	
79.66	
79.66	
79.48	
79.48	
79.48	
79.48	
79.48	
75.71	

Run no: 30
89.19	
89.19	
89.19	
89.19	
89.19	
86.89	
86.89	
86.89	
86.89	
86.89	
86.89	
86.89	
86.39	
86.3	
86.3	
86.3	
86.3	
86.3	
86.3	
86.23	
86.23	
86.23	
79.59	
79.59	
79.44	
79.44	
79.44	
78.13	
78.13	
78.13	
78.13	
