
Run no: 1
78.23	
78.23	
78.23	
75.09	
73.06	
72.63	
72.61	
72.42	
72.32	
72.32	
72.26	
72.09	
72.09	
72.09	
70.3	
70.3	
69.52	
69.52	
67.87	
67.87	
67.87	
67.87	
67.84	
67.7	
67.7	
67.7	
67.7	
66.39	
66.39	
66.34	
66.34	

Run no: 2
75.01	
75.01	
74.97	
74.97	
74.09	
74.09	
74.09	
73.84	
73.84	
73.84	
73.27	
73.27	
73.22	
72.92	
72.92	
72.4	
72.4	
72.36	
72.36	
72.36	
72.19	
72.19	
72.19	
72.19	
71.84	
71.61	
71.61	
71.61	
71.61	
71.61	
71.61	

Run no: 3
75.61	
75.61	
75.61	
75.61	
75.61	
75.61	
73.87	
73.87	
73.87	
72.24	
72.24	
72.24	
72.24	
72.24	
70.77	
70.77	
70.64	
70.64	
70.64	
70.64	
70.47	
70.47	
70.41	
70.41	
70.41	
70.41	
70.41	
70.41	
70.13	
70.13	
69.86	

Run no: 4
78.14	
78.12	
78.07	
76.41	
76.37	
76.37	
75.82	
75.82	
75.82	
74.71	
74.71	
69.43	
69.43	
69.39	
69.39	
69.39	
69.37	
69.3	
69.3	
69.02	
69.02	
69.02	
68.88	
68.88	
68.88	
68.88	
68.88	
68.88	
68.77	
68.77	
68.77	

Run no: 5
75.54	
75.54	
75.54	
75.54	
75.54	
75.54	
75.54	
75.54	
75.37	
75.26	
75.26	
75.26	
75.26	
75.26	
74.24	
74.24	
74.24	
73.12	
73.12	
73.12	
72.5	
72.5	
72.5	
72.5	
72.5	
72.24	
72.11	
71.91	
71.91	
71.91	
71.91	

Run no: 6
70.54	
70.54	
70.54	
70.54	
69.79	
69.79	
69.79	
69.79	
69.79	
69.79	
69.04	
69.04	
69.04	
69.04	
69.04	
68.79	
68.79	
68.79	
68.79	
68.79	
68.79	
68.54	
68.54	
68.54	
68.54	
68.54	
68.54	
68.54	
68.51	
67.01	
67.01	

Run no: 7
74.75	
74.75	
74.75	
74.08	
74.08	
74.08	
74.08	
72.77	
72.77	
72.35	
72.35	
71.96	
71.96	
69.98	
69.98	
69.98	
69.98	
69.85	
69.75	
69.75	
69.75	
69.3	
69.3	
69.3	
69.3	
69.3	
69.3	
69.13	
68.04	
68.04	
68.04	

Run no: 8
76.16	
76.16	
76.16	
73.31	
73.31	
73.31	
73.31	
73.31	
73.31	
73.31	
72.8	
72.12	
69.84	
69.84	
69.75	
69.75	
69.2	
69.2	
69.2	
68.5	
68.5	
68.5	
68.5	
68.5	
68.5	
68.5	
68.5	
68.5	
68.5	
68.5	
68.5	

Run no: 9
73.93	
73.93	
73.93	
72.3	
72.3	
71.45	
70.89	
70.89	
70.89	
70.89	
70.89	
70.89	
70.89	
70.89	
70.89	
69.44	
69.44	
69.22	
69.01	
69.01	
69.01	
68.56	
68.4	
68.4	
68.4	
68.4	
68.4	
68.4	
68.4	
68.4	
68.01	

Run no: 10
77.5	
77.5	
76.64	
76.64	
76.64	
69.84	
69.84	
69.84	
69.84	
69.84	
69.71	
69.71	
69.71	
69.71	
68.63	
68.49	
68.49	
68.49	
68.49	
67.84	
67.82	
67.82	
67.82	
67.82	
67.82	
67.82	
67.82	
67.35	
67.35	
67.35	
67.35	

Run no: 11
76.54	
76.54	
76.43	
76.43	
76.26	
76.26	
73.87	
73.85	
73.22	
73.22	
73.22	
73.07	
72.79	
72.79	
70.07	
70.07	
70.07	
70.07	
69.78	
69.78	
69.78	
69.78	
69.78	
69.05	
68.98	
68.98	
68.98	
68.98	
68.98	
68.98	
68.98	

Run no: 12
75.66	
75.43	
75.43	
75.43	
75.19	
75.19	
75.19	
75.19	
74.74	
72.55	
72.55	
72.55	
72.55	
72.55	
72.55	
72.55	
72.55	
72.55	
72.55	
72.55	
72.55	
72.55	
72.52	
72.52	
72.52	
72.52	
72.15	
72.12	
71.91	
70.86	
70.86	

Run no: 13
76.26	
76.03	
76.03	
75.16	
71.68	
71.41	
71.41	
71.41	
71.41	
71.41	
71.41	
71.41	
71.41	
71.41	
71.41	
71.41	
71.41	
71.41	
71.41	
71.41	
71.41	
71.41	
71.41	
71.26	
71.26	
68.94	
68.94	
68.94	
68.94	
68.94	
67.55	

Run no: 14
78.12	
74.93	
74.93	
72.38	
71.7	
71.7	
71.23	
70.39	
70.39	
70.39	
70.39	
70.39	
70.39	
70.39	
70.39	
70.39	
70.39	
70.39	
70.39	
70.39	
70.37	
70.17	
70.17	
70.17	
69.07	
69.07	
69.07	
68.26	
68.16	
68.16	
67.89	

Run no: 15
74.0	
74.0	
73.8	
72.74	
72.36	
71.26	
71.08	
71.08	
71.0	
71.0	
71.0	
71.0	
71.0	
69.48	
69.48	
69.48	
69.48	
69.48	
69.48	
69.48	
69.47	
69.47	
69.47	
69.15	
69.12	
69.12	
68.85	
68.85	
68.82	
67.92	
67.92	

Run no: 16
74.64	
74.64	
74.54	
71.71	
68.7	
68.7	
68.7	
68.7	
68.7	
68.7	
68.52	
68.52	
68.52	
67.71	
67.71	
67.71	
67.71	
67.71	
67.53	
67.43	
67.39	
67.39	
67.33	
67.31	
67.06	
67.06	
67.06	
66.66	
66.47	
66.47	
66.47	

Run no: 17
76.13	
76.13	
75.77	
75.62	
69.16	
69.16	
69.16	
69.16	
69.12	
68.78	
68.74	
68.53	
68.53	
68.46	
68.46	
68.4	
68.4	
68.36	
68.36	
68.36	
68.36	
68.36	
68.11	
68.11	
68.11	
68.11	
68.11	
67.69	
67.69	
67.69	
67.69	

Run no: 18
77.32	
74.35	
74.25	
74.25	
74.25	
74.25	
74.25	
74.25	
74.25	
73.94	
73.94	
73.01	
73.01	
73.01	
72.44	
72.44	
72.44	
72.09	
72.09	
71.83	
71.41	
71.41	
71.41	
71.41	
71.41	
71.41	
71.41	
71.41	
71.41	
71.41	
71.41	

Run no: 19
72.61	
72.61	
72.61	
72.61	
72.31	
72.06	
72.02	
71.87	
71.49	
71.49	
70.53	
70.53	
70.53	
70.53	
70.46	
70.39	
70.39	
70.39	
70.32	
70.32	
69.05	
69.05	
68.8	
68.8	
68.65	
68.65	
68.65	
68.65	
68.65	
68.65	
68.65	

Run no: 20
73.24	
73.24	
73.24	
73.18	
73.18	
73.18	
73.18	
73.18	
73.18	
72.68	
72.68	
72.68	
69.97	
69.97	
69.65	
69.65	
69.27	
69.27	
69.27	
69.19	
69.15	
69.15	
69.15	
69.15	
69.15	
69.15	
69.15	
68.62	
68.56	
68.56	
68.53	

Run no: 21
74.76	
74.76	
74.76	
74.76	
74.76	
74.71	
69.83	
69.83	
69.83	
69.83	
69.4	
69.4	
69.4	
69.4	
69.4	
69.4	
69.4	
68.82	
68.82	
68.82	
68.82	
68.82	
68.82	
68.82	
68.82	
68.82	
68.82	
68.82	
68.82	
68.68	
68.6	

Run no: 22
76.84	
76.84	
76.84	
76.84	
76.84	
76.84	
76.06	
75.87	
73.18	
73.18	
73.18	
72.53	
70.32	
70.32	
70.32	
70.32	
70.32	
70.32	
70.32	
69.8	
69.8	
69.8	
69.78	
69.78	
69.78	
69.78	
69.6	
69.51	
69.39	
69.02	
69.02	

Run no: 23
72.61	
72.61	
72.61	
72.61	
72.61	
72.18	
72.18	
71.8	
71.68	
71.68	
71.68	
71.68	
71.68	
71.68	
71.68	
71.68	
71.68	
71.68	
71.3	
71.3	
71.3	
71.3	
68.43	
68.43	
68.43	
68.43	
68.43	
68.43	
68.43	
68.43	
68.43	

Run no: 24
72.09	
72.09	
71.74	
71.74	
71.74	
71.74	
71.72	
71.72	
71.72	
71.72	
71.72	
70.84	
70.84	
70.75	
70.75	
70.75	
70.75	
70.75	
70.75	
70.75	
70.75	
70.75	
70.7	
70.7	
70.7	
70.7	
70.7	
70.08	
70.08	
70.06	
70.06	

Run no: 25
73.78	
73.78	
73.78	
73.78	
73.78	
73.78	
71.73	
71.73	
71.73	
71.73	
71.7	
69.77	
69.77	
69.77	
69.77	
69.77	
69.77	
69.77	
69.77	
69.77	
69.77	
69.77	
68.57	
68.57	
68.57	
68.57	
68.57	
68.57	
68.57	
68.57	
68.57	

Run no: 26
73.68	
73.68	
73.68	
73.68	
73.68	
69.42	
69.02	
69.02	
69.02	
69.02	
68.9	
68.9	
68.9	
68.82	
67.98	
67.98	
67.98	
67.98	
67.98	
67.98	
67.98	
67.3	
67.3	
66.03	
65.33	
65.33	
65.33	
65.33	
65.33	
65.33	
65.33	

Run no: 27
76.05	
74.17	
74.17	
74.17	
74.17	
74.17	
73.22	
73.22	
73.22	
73.22	
73.18	
73.18	
73.18	
73.18	
73.18	
72.78	
71.51	
71.51	
71.51	
71.51	
71.51	
71.28	
71.28	
71.23	
71.23	
71.23	
70.22	
70.22	
70.22	
70.22	
70.22	

Run no: 28
72.53	
72.53	
72.53	
72.53	
72.53	
72.53	
70.63	
70.63	
70.63	
70.03	
69.93	
69.93	
69.53	
69.53	
69.53	
69.19	
69.19	
69.03	
69.03	
69.03	
69.03	
69.03	
69.03	
69.03	
68.58	
68.28	
68.25	
68.25	
68.25	
68.25	
68.25	

Run no: 29
75.0	
75.0	
75.0	
75.0	
75.0	
75.0	
74.29	
74.29	
74.29	
73.69	
73.3	
73.09	
73.09	
73.09	
72.94	
72.94	
72.94	
72.94	
72.94	
72.94	
72.94	
72.94	
71.43	
69.68	
69.53	
69.53	
69.53	
69.53	
69.53	
69.53	
69.53	

Run no: 30
76.87	
71.83	
69.94	
69.94	
69.94	
69.94	
69.94	
69.94	
69.9	
69.9	
69.9	
69.9	
69.79	
68.21	
65.65	
65.65	
65.65	
65.65	
65.65	
65.65	
65.61	
65.51	
65.51	
65.51	
65.51	
65.51	
65.51	
65.51	
65.51	
65.51	
65.51	
