
Run no: 1
76		634		1227		
5		599		1227		
5		591		1227		
5		519		1227		
5		456		1227		
5		432		1227		
5		469		1227		
5		437		1227		
5		462		1227		
5		399		1227		
5		370		1227		
5		398		1227		
5		459		1251		
5		451		1229		
5		456		1229		
5		467		1238		
5		484		1229		
5		482		1229		
5		445		1229		
5		501		1229		
5		477		1229		
5		464		1229		
5		454		1229		
5		482		1229		
5		444		1229		
5		420		1221		
5		405		1221		
5		426		1234		
5		397		1211		
5		367		1164		
5		380		1164		

Run no: 2
245		629		1283		
245		661		1289		
5		630		1289		
5		598		1289		
5		595		1338		
5		596		1312		
5		577		1289		
5		547		1289		
5		529		1288		
5		562		1283		
5		538		1279		
5		476		1249		
5		528		1263		
5		524		1250		
5		498		1247		
5		528		1250		
5		509		1250		
5		499		1246		
5		496		1246		
5		491		1243		
5		523		1243		
5		528		1234		
5		492		1230		
5		505		1222		
5		471		1214		
5		445		1214		
5		516		1214		
5		516		1207		
5		496		1207		
5		502		1202		
5		514		1202		

Run no: 3
160		700		1632		
160		665		1632		
6		579		1632		
6		574		1632		
6		557		1419		
5		530		1399		
5		500		1399		
5		543		2037		
5		504		1114		
5		516		1104		
5		502		1103		
5		474		1103		
5		499		1113		
5		488		1103		
5		483		1096		
5		511		1098		
5		459		1096		
5		425		1096		
5		438		1071		
5		442		1093		
5		468		1093		
5		459		1082		
5		488		1108		
5		495		1082		
5		461		1082		
5		494		1082		
5		454		1082		
5		459		1081		
5		468		1081		
5		487		1081		
5		422		1066		

Run no: 4
233		643		1447		
233		683		1455		
5		718		1465		
5		801		1465		
5		726		1465		
5		698		1455		
5		645		1426		
5		560		1253		
5		533		1253		
5		466		1253		
5		464		1253		
5		484		1253		
5		466		1229		
5		523		1227		
5		492		1223		
5		476		1223		
5		553		1214		
5		498		1184		
5		434		1177		
5		438		1177		
5		464		1117		
5		397		1113		
5		444		2451		
5		408		1108		
5		401		1105		
5		454		1103		
5		469		1103		
5		438		1096		
5		404		1081		
5		455		1080		
5		415		1091		

Run no: 5
193		643		1363		
6		533		1105		
6		544		1105		
6		551		1112		
6		490		1112		
6		506		1112		
5		523		1112		
5		532		1105		
5		550		1107		
5		511		1105		
5		438		1071		
5		412		1048		
5		388		1050		
5		322		1038		
5		396		1038		
5		388		907		
5		311		902		
5		348		902		
5		369		929		
5		399		929		
5		338		901		
5		356		916		
5		351		916		
5		400		916		
5		434		900		
5		418		899		
5		392		891		
5		404		891		
5		351		891		
5		375		891		
5		353		891		

Run no: 6
226		572		1295		
5		592		1234		
5		532		1235		
5		497		1238		
5		473		1234		
5		479		1234		
5		472		1234		
5		469		1229		
5		505		2257		
5		488		1230		
5		448		1229		
5		422		1229		
5		453		1242		
5		469		1228		
5		443		1228		
5		486		1339		
5		435		1228		
5		480		1228		
5		516		1228		
5		519		1228		
5		519		1228		
5		555		1228		
5		580		1228		
5		463		1190		
5		476		1196		
5		469		1196		
5		505		1190		
5		440		1189		
5		431		1188		
5		467		1201		
5		400		1187		

Run no: 7
182		680		1299		
182		657		1910		
182		712		1910		
182		633		1203		
182		626		1098		
182		630		1101		
5		583		1087		
5		577		1076		
5		565		1074		
5		511		1054		
5		498		1054		
5		483		976		
5		450		976		
5		434		954		
5		449		947		
5		420		947		
5		419		947		
5		416		945		
5		428		944		
5		460		943		
5		451		943		
5		483		943		
5		438		942		
5		456		942		
5		423		952		
5		455		952		
5		432		942		
5		455		942		
5		427		942		
5		423		942		
5		399		942		

Run no: 8
176		590		1326		
6		567		1326		
5		504		1236		
5		466		1236		
5		470		1236		
5		461		1232		
5		539		1232		
5		438		1227		
5		468		1227		
5		422		1225		
5		424		1225		
5		415		1225		
5		390		1225		
5		407		2350		
5		345		1223		
5		323		1197		
5		340		1197		
5		291		1188		
5		378		2113		
5		362		2016		
5		328		1188		
5		363		1188		
5		415		1188		
5		311		1121		
5		310		1121		
5		284		1120		
5		290		1120		
5		307		1120		
5		298		1120		
5		310		1114		
5		313		1111		

Run no: 9
186		665		1216		
5		606		1216		
5		569		1145		
5		511		1145		
5		533		1145		
5		508		1143		
5		490		877		
5		479		882		
5		477		892		
5		460		882		
5		413		877		
5		438		877		
5		407		869		
5		387		862		
5		371		862		
5		407		862		
5		396		862		
5		396		861		
5		425		898		
5		378		861		
5		398		861		
5		363		861		
5		327		861		
5		334		904		
5		318		904		
5		335		864		
5		353		869		
5		338		864		
5		327		864		
5		371		864		
5		431		906		

Run no: 10
60		645		1292		
6		654		1292		
6		641		1292		
6		537		1108		
6		507		1108		
5		481		1108		
5		399		1103		
5		377		1050		
5		434		1050		
5		445		1065		
5		391		1040		
5		325		1039		
5		285		1036		
5		261		1035		
5		273		1040		
5		267		1035		
5		280		1033		
5		301		1033		
5		292		1033		
5		331		1033		
5		321		1035		
5		277		1035		
5		313		1039		
5		363		1039		
5		384		1039		
5		433		1039		
5		371		1038		
5		364		1038		
5		326		1038		
5		303		1035		
5		330		1035		

Run no: 11
88		597		1250		
88		574		1152		
5		574		1119		
5		499		1115		
5		508		1115		
5		495		1115		
5		556		2211		
5		506		2168		
5		589		2235		
5		536		2168		
5		496		991		
5		474		987		
5		450		982		
5		396		982		
5		319		982		
5		305		981		
5		278		980		
5		300		980		
5		299		980		
5		284		980		
5		284		980		
5		329		980		
5		308		980		
5		299		979		
5		300		979		
5		285		978		
5		236		978		
5		258		978		
5		240		977		
5		259		977		
5		246		977		

Run no: 12
176		592		1179		
5		534		1179		
5		537		1179		
5		498		1179		
5		469		1179		
5		400		1179		
5		465		1179		
5		440		1179		
5		403		1179		
5		332		1179		
5		356		1179		
5		329		1179		
5		355		1179		
5		343		1179		
5		358		1179		
5		326		1185		
5		368		1185		
5		382		1204		
5		401		1185		
5		367		1181		
5		364		1189		
5		318		1110		
5		265		1129		
5		255		1102		
5		270		1102		
5		212		1065		
5		206		480		
5		196		460		
5		201		460		
5		197		460		
5		188		459		

Run no: 13
193		650		1311		
5		599		1311		
5		540		1322		
5		568		2394		
5		599		2392		
5		429		1223		
5		362		679		
5		342		679		
5		331		679		
5		351		681		
5		361		679		
5		349		679		
5		329		661		
5		330		661		
5		329		661		
5		344		661		
5		340		661		
5		317		655		
5		331		652		
5		324		652		
5		303		639		
5		302		639		
5		263		632		
5		241		627		
5		236		627		
5		248		627		
5		233		627		
5		236		627		
5		230		626		
5		212		626		
5		235		626		

Run no: 14
150		568		1161		
6		499		1161		
5		509		1177		
5		489		1177		
5		520		1181		
5		489		1177		
5		480		1170		
5		494		1170		
5		448		1170		
5		447		1170		
5		481		1180		
5		412		1161		
5		414		1161		
5		422		1173		
5		452		1173		
5		422		1173		
5		432		1161		
5		368		1161		
5		384		1161		
5		344		644		
5		331		610		
5		312		608		
5		298		608		
5		299		608		
5		289		608		
5		274		604		
5		284		604		
5		277		604		
5		274		604		
5		272		604		
5		233		604		

Run no: 15
101		584		1131		
101		565		1131		
5		623		1185		
5		573		1130		
5		615		1130		
5		601		1091		
5		602		1082		
5		557		1085		
5		563		1082		
5		596		1091		
5		483		1066		
5		471		2238		
5		424		1066		
5		479		1085		
5		440		1066		
5		429		1076		
5		415		1072		
5		409		1066		
5		399		1059		
5		416		1059		
5		387		1043		
5		431		1043		
5		420		1043		
5		409		1043		
5		371		1043		
5		348		1042		
5		333		1042		
5		306		1039		
5		318		1064		
5		298		580		
5		276		561		

Run no: 16
193		578		1229		
193		565		1229		
193		553		1029		
5		573		1029		
5		590		1988		
5		533		1988		
5		622		1988		
5		489		850		
5		435		783		
5		406		783		
5		353		783		
5		366		1754		
5		344		1751		
5		325		792		
5		313		789		
5		308		787		
5		292		785		
5		270		783		
5		304		783		
5		265		757		
5		292		757		
5		273		751		
5		221		746		
5		224		745		
5		206		745		
5		197		744		
5		196		721		
5		188		718		
5		222		718		
5		236		723		
5		250		718		

Run no: 17
378		728		1379		
378		697		1313		
5		690		1320		
5		592		1320		
5		602		1313		
5		547		1313		
5		532		1310		
5		485		1119		
5		465		1119		
5		486		1119		
5		469		1108		
5		463		1105		
5		457		1103		
5		464		1109		
5		428		1103		
5		391		1101		
5		417		1111		
5		395		1107		
5		382		1143		
5		368		1143		
5		417		2194		
5		382		1143		
5		375		1143		
5		431		1143		
5		412		1143		
5		411		1143		
5		488		1143		
5		460		1106		
5		492		1101		
5		474		1088		
5		435		1084		

Run no: 18
130		590		1421		
6		615		1424		
6		547		1148		
6		500		1079		
5		511		1072		
5		500		1068		
5		467		1052		
5		427		1047		
5		423		1047		
5		525		1044		
5		405		1037		
5		460		1018		
5		374		1006		
5		326		1019		
5		420		1831		
5		416		1831		
5		458		1831		
5		472		1831		
5		435		1779		
5		456		1057		
5		408		1026		
5		317		1019		
5		329		1019		
5		319		1017		
5		347		1009		
5		437		1009		
5		402		1009		
5		345		995		
5		368		995		
5		400		995		
5		383		995		

Run no: 19
75		578		1167		
5		514		1167		
5		457		943		
5		474		949		
5		453		949		
5		450		949		
5		446		945		
5		432		945		
5		409		943		
5		442		956		
5		416		942		
5		430		942		
5		434		942		
5		414		902		
5		434		907		
5		421		902		
5		407		897		
5		339		690		
5		324		649		
5		311		647		
5		305		647		
5		327		647		
5		302		654		
5		305		652		
5		279		649		
5		301		649		
5		266		647		
5		295		647		
5		269		645		
5		260		640		
5		252		640		

Run no: 20
71		665		1289		
71		567		1098		
5		554		1098		
5		541		1098		
5		479		1098		
5		423		1098		
5		423		831		
5		390		828		
5		383		827		
5		387		826		
5		381		783		
5		351		783		
5		341		735		
5		298		735		
5		285		733		
5		303		724		
5		314		710		
5		288		704		
5		283		701		
5		296		701		
5		338		2418		
5		300		704		
5		308		701		
5		315		701		
5		311		701		
5		352		708		
5		378		701		
5		367		699		
5		334		705		
5		311		705		
5		311		703		

Run no: 21
205		745		1395		
205		708		1395		
205		655		1395		
204		653		1397		
204		648		1410		
204		661		1410		
6		665		1410		
6		657		1410		
6		671		1410		
6		712		1454		
6		628		1454		
6		645		1445		
6		573		1410		
5		626		1410		
5		639		1410		
5		647		1410		
5		655		1410		
5		634		1408		
5		586		1405		
5		625		1405		
5		589		1405		
5		613		1405		
5		634		1431		
5		607		1406		
5		575		1398		
5		603		1398		
5		605		1442		
5		576		1397		
5		576		1397		
5		550		1397		
5		529		1376		

Run no: 22
219		631		1337		
5		657		1366		
5		633		1379		
5		605		1342		
5		568		1339		
5		597		1354		
5		592		1339		
5		615		1339		
5		563		1339		
5		504		1336		
5		533		1336		
5		493		1305		
5		487		1305		
5		427		1305		
5		471		1313		
5		534		1322		
5		567		1322		
5		528		1322		
5		530		1322		
5		518		1320		
5		535		1320		
5		552		1320		
5		526		1320		
5		558		2043		
5		520		1315		
5		498		1313		
5		417		1239		
5		449		1242		
5		487		1239		
5		436		1222		
5		422		1220		

Run no: 23
140		599		1403		
140		606		1412		
140		629		1412		
5		675		1425		
5		662		1412		
5		645		1404		
5		549		1404		
5		439		1403		
5		407		872		
5		354		865		
5		343		758		
5		318		755		
5		314		755		
5		317		755		
5		290		755		
5		264		755		
5		280		754		
5		264		742		
5		271		742		
5		249		746		
5		231		742		
5		251		742		
5		224		737		
5		248		737		
5		229		718		
5		211		710		
5		217		710		
5		235		710		
5		214		708		
5		231		727		
5		228		709		

Run no: 24
214		581		1382		
5		517		1382		
5		510		1384		
5		479		1385		
5		489		1397		
5		469		1395		
5		357		1384		
5		443		1412		
5		355		1384		
5		351		1384		
5		382		1413		
5		287		1372		
5		287		1303		
5		269		1285		
5		259		1285		
5		252		1285		
5		264		593		
5		245		593		
5		269		606		
5		276		593		
5		259		573		
5		238		525		
5		241		541		
5		235		525		
5		249		522		
5		247		502		
5		234		497		
5		247		497		
5		217		497		
5		197		497		
5		181		492		

Run no: 25
226		614		1174		
226		611		1185		
226		591		1185		
226		572		1185		
5		515		1185		
5		524		1174		
5		550		1174		
5		493		1170		
5		463		1170		
5		455		1170		
5		388		1144		
5		407		1146		
5		435		1146		
5		423		1146		
5		362		1144		
5		398		1152		
5		400		1152		
5		371		1144		
5		385		1146		
5		367		1144		
5		386		1142		
5		371		1142		
5		379		1815		
5		347		1137		
5		388		1145		
5		381		1145		
5		425		1135		
5		429		1135		
5		407		1134		
5		349		1134		
5		369		1132		

Run no: 26
148		602		1127		
148		573		1127		
148		597		1127		
148		577		1152		
148		600		1132		
148		622		2175		
148		656		2175		
148		573		1135		
148		663		1135		
5		581		1114		
5		582		1114		
5		545		1127		
5		544		1116		
5		564		1114		
5		512		1114		
5		517		1110		
5		459		1092		
5		486		1092		
5		490		1107		
5		525		1107		
5		502		1099		
5		478		1094		
5		480		1094		
5		505		1094		
5		464		1092		
5		402		1088		
5		439		1065		
5		393		1031		
5		387		1031		
5		436		2469		
5		443		2469		

Run no: 27
164		598		1341		
164		637		1345		
159		644		2286		
6		668		2286		
5		675		2292		
5		637		2286		
5		568		1367		
5		539		1412		
5		587		1412		
5		564		1377		
5		461		1367		
5		475		1367		
5		436		1293		
5		410		1284		
5		453		1284		
5		507		1285		
5		469		1284		
5		435		1281		
5		455		1279		
5		477		2378		
5		443		1256		
5		443		1256		
5		363		1226		
5		382		1226		
5		427		1290		
5		412		1226		
5		449		1237		
5		435		1176		
5		443		1176		
5		419		1176		
5		395		1176		

Run no: 28
57		607		1284		
5		549		1153		
5		472		1153		
5		401		999		
5		364		999		
5		405		999		
5		363		984		
5		477		2251		
5		407		1001		
5		352		998		
5		370		996		
5		362		989		
5		337		982		
5		343		982		
5		316		982		
5		345		984		
5		364		982		
5		344		837		
5		301		832		
5		317		830		
5		336		830		
5		328		1822		
5		321		827		
5		329		827		
5		318		781		
5		366		810		
5		326		780		
5		317		809		
5		297		783		
5		337		780		
5		297		780		

Run no: 29
185		664		1178		
185		643		1178		
185		644		1052		
5		637		1044		
5		582		1035		
5		529		1018		
5		548		2182		
5		494		1047		
5		504		1012		
5		476		1012		
5		443		1012		
5		403		1008		
5		424		1008		
5		410		1008		
5		368		1008		
5		403		1031		
5		377		1031		
5		417		1031		
5		406		1008		
5		368		989		
5		331		989		
5		257		969		
5		296		969		
5		328		969		
5		305		960		
5		274		758		
5		283		758		
5		263		758		
5		237		761		
5		275		758		
5		231		754		

Run no: 30
211		643		1547		
211		604		1547		
211		587		1547		
6		529		872		
6		487		872		
6		501		872		
5		498		921		
5		474		883		
5		490		1714		
5		493		886		
5		447		886		
5		443		886		
5		395		886		
5		449		886		
5		492		886		
5		513		864		
5		494		864		
5		473		864		
5		473		862		
5		468		862		
5		462		848		
5		453		847		
5		437		847		
5		478		847		
5		450		847		
5		446		845		
5		474		845		
5		479		845		
5		475		845		
5		475		845		
5		435		828		
