
Run no: 1
1.0	
1.0	
1.0	
1.0	
1.0	
1.0	
1.0	
1.0	
1.0	
1.0	
1.0	
1.0	
1.0	
1.0	
1.0	
1.0	
1.0	
1.0	
1.0	
1.0	
1.0	
1.0	
1.0	
1.0	
1.0	
1.0	
1.0	
1.0	
1.0	
1.0	
1.0	

Run no: 2
1.02	
1.02	
1.02	
1.02	
1.02	
1.02	
1.02	
1.02	
1.02	
1.02	
1.02	
1.02	
1.02	
1.02	
1.02	
1.02	
1.02	
1.02	
1.02	
1.02	
1.02	
1.02	
1.02	
1.02	
1.02	
1.02	
1.02	
1.02	
1.02	
1.02	
1.02	

Run no: 3
1.21	
1.21	
1.21	
1.21	
1.21	
1.21	
1.21	
1.21	
1.21	
1.21	
1.21	
1.21	
1.21	
1.21	
1.21	
1.21	
1.13	
1.13	
1.13	
1.13	
0.94	
0.94	
0.94	
0.94	
0.94	
0.94	
0.94	
0.94	
0.94	
0.94	
0.94	

Run no: 4
1.07	
1.07	
1.07	
1.07	
1.07	
1.07	
1.01	
1.01	
1.01	
1.01	
1.01	
1.01	
1.01	
1.01	
1.01	
1.01	
1.01	
1.01	
1.01	
1.01	
1.01	
1.01	
1.01	
1.01	
1.01	
1.01	
1.01	
1.01	
1.01	
1.01	
1.01	

Run no: 5
1.19	
1.19	
1.19	
1.19	
1.19	
1.19	
1.19	
1.19	
1.19	
1.19	
1.19	
1.19	
1.19	
1.12	
1.12	
1.12	
1.12	
1.12	
1.12	
1.12	
1.12	
1.12	
0.81	
0.81	
0.81	
0.81	
0.81	
0.81	
0.81	
0.81	
0.81	

Run no: 6
0.97	
0.97	
0.97	
0.97	
0.97	
0.97	
0.97	
0.97	
0.97	
0.97	
0.97	
0.97	
0.97	
0.97	
0.97	
0.97	
0.97	
0.97	
0.97	
0.97	
0.97	
0.97	
0.97	
0.97	
0.97	
0.97	
0.97	
0.97	
0.97	
0.97	
0.97	

Run no: 7
1.25	
1.25	
1.25	
1.25	
1.25	
1.25	
1.25	
1.25	
1.25	
1.25	
1.25	
1.25	
1.25	
1.25	
1.25	
1.25	
1.25	
1.25	
1.25	
0.76	
0.76	
0.76	
0.76	
0.76	
0.76	
0.76	
0.76	
0.76	
0.76	
0.76	
0.76	

Run no: 8
0.8	
0.8	
0.8	
0.7	
0.7	
0.7	
0.7	
0.7	
0.7	
0.7	
0.7	
0.7	
0.7	
0.7	
0.7	
0.7	
0.7	
0.7	
0.7	
0.7	
0.7	
0.7	
0.7	
0.7	
0.7	
0.7	
0.7	
0.7	
0.7	
0.7	
0.7	

Run no: 9
1.03	
1.03	
1.03	
1.03	
1.03	
1.03	
1.03	
1.03	
1.03	
1.03	
1.03	
1.03	
1.03	
1.03	
1.03	
1.03	
1.03	
1.03	
1.03	
1.03	
1.03	
1.03	
0.78	
0.78	
0.78	
0.78	
0.78	
0.78	
0.78	
0.78	
0.78	

Run no: 10
1.03	
1.03	
1.03	
1.03	
1.03	
1.03	
1.03	
1.03	
1.03	
1.03	
1.03	
1.03	
1.03	
1.03	
1.03	
1.03	
1.03	
0.98	
0.98	
0.98	
0.98	
0.98	
0.98	
0.98	
0.98	
0.98	
0.98	
0.98	
0.98	
0.98	
0.98	

Run no: 11
0.81	
0.81	
0.81	
0.81	
0.81	
0.81	
0.81	
0.81	
0.81	
0.81	
0.81	
0.81	
0.81	
0.81	
0.81	
0.81	
0.81	
0.81	
0.81	
0.81	
0.81	
0.81	
0.81	
0.81	
0.81	
0.81	
0.81	
0.81	
0.81	
0.81	
0.81	

Run no: 12
1.07	
1.07	
1.07	
1.07	
1.07	
1.07	
1.07	
1.07	
1.07	
1.07	
1.07	
1.07	
1.07	
1.07	
1.07	
1.07	
1.07	
1.07	
0.94	
0.94	
0.94	
0.94	
0.94	
0.94	
0.94	
0.94	
0.94	
0.94	
0.94	
0.94	
0.94	

Run no: 13
1.21	
1.21	
1.21	
1.21	
1.21	
1.21	
1.21	
1.21	
1.21	
1.21	
1.21	
1.21	
1.21	
1.21	
1.21	
1.21	
1.21	
1.21	
1.21	
1.21	
1.21	
1.21	
1.21	
1.21	
1.21	
1.21	
1.21	
1.21	
1.21	
1.21	
1.21	

Run no: 14
1.12	
1.12	
1.12	
1.12	
1.12	
1.12	
1.12	
1.12	
1.12	
1.12	
1.08	
1.08	
1.08	
1.08	
1.08	
1.08	
1.08	
1.08	
1.08	
1.08	
1.08	
1.08	
1.08	
1.08	
1.08	
1.08	
1.08	
1.08	
1.08	
1.08	
1.08	

Run no: 15
0.93	
0.93	
0.93	
0.93	
0.93	
0.93	
0.93	
0.93	
0.93	
0.93	
0.93	
0.93	
0.93	
0.93	
0.93	
0.93	
0.93	
0.93	
0.93	
0.93	
0.93	
0.93	
0.93	
0.93	
0.93	
0.9	
0.9	
0.9	
0.9	
0.89	
0.89	

Run no: 16
0.86	
0.86	
0.86	
0.86	
0.86	
0.86	
0.86	
0.86	
0.69	
0.69	
0.69	
0.69	
0.69	
0.69	
0.69	
0.69	
0.69	
0.69	
0.69	
0.69	
0.69	
0.69	
0.69	
0.69	
0.69	
0.69	
0.69	
0.69	
0.58	
0.58	
0.34	

Run no: 17
1.06	
1.06	
1.06	
1.06	
1.06	
1.06	
1.06	
1.06	
1.06	
1.06	
1.02	
1.02	
1.02	
1.02	
1.02	
1.02	
1.02	
1.02	
1.02	
1.02	
1.02	
1.02	
1.02	
1.02	
1.02	
1.02	
1.02	
1.02	
1.02	
1.02	
1.02	

Run no: 18
0.98	
0.98	
0.98	
0.98	
0.98	
0.98	
0.98	
0.98	
0.98	
0.98	
0.98	
0.88	
0.88	
0.88	
0.88	
0.88	
0.88	
0.88	
0.88	
0.88	
0.88	
0.65	
0.65	
0.65	
0.65	
0.65	
0.65	
0.65	
0.65	
0.65	
0.65	

Run no: 19
1.1	
1.1	
1.1	
1.1	
1.1	
1.1	
1.1	
1.1	
1.1	
1.1	
1.1	
1.1	
1.1	
1.01	
1.01	
1.01	
1.01	
1.01	
1.01	
1.01	
1.01	
1.01	
1.01	
1.01	
1.01	
1.01	
1.01	
1.01	
1.01	
1.01	
1.01	

Run no: 20
1.02	
1.02	
1.02	
1.02	
1.0	
1.0	
1.0	
1.0	
1.0	
1.0	
1.0	
1.0	
1.0	
1.0	
1.0	
1.0	
1.0	
1.0	
1.0	
1.0	
1.0	
1.0	
1.0	
1.0	
1.0	
1.0	
1.0	
1.0	
1.0	
1.0	
1.0	

Run no: 21
1.04	
1.04	
1.04	
1.04	
0.85	
0.85	
0.85	
0.85	
0.85	
0.85	
0.85	
0.85	
0.85	
0.85	
0.85	
0.85	
0.85	
0.85	
0.85	
0.85	
0.85	
0.85	
0.85	
0.85	
0.85	
0.85	
0.85	
0.85	
0.85	
0.85	
0.85	

Run no: 22
1.02	
1.02	
1.02	
1.02	
1.02	
1.02	
1.02	
1.02	
1.02	
1.02	
1.02	
0.93	
0.93	
0.93	
0.93	
0.93	
0.93	
0.93	
0.93	
0.93	
0.93	
0.93	
0.93	
0.93	
0.93	
0.93	
0.93	
0.93	
0.93	
0.93	
0.93	

Run no: 23
0.71	
0.71	
0.71	
0.71	
0.71	
0.67	
0.67	
0.67	
0.67	
0.67	
0.67	
0.67	
0.67	
0.67	
0.67	
0.67	
0.67	
0.67	
0.67	
0.67	
0.67	
0.67	
0.67	
0.67	
0.67	
0.67	
0.67	
0.67	
0.67	
0.67	
0.67	

Run no: 24
0.97	
0.97	
0.97	
0.97	
0.97	
0.97	
0.97	
0.97	
0.94	
0.94	
0.94	
0.94	
0.94	
0.6	
0.6	
0.6	
0.6	
0.6	
0.6	
0.6	
0.6	
0.6	
0.6	
0.6	
0.6	
0.6	
0.6	
0.6	
0.6	
0.6	
0.6	

Run no: 25
0.9	
0.9	
0.9	
0.9	
0.9	
0.9	
0.9	
0.9	
0.9	
0.9	
0.9	
0.9	
0.9	
0.9	
0.9	
0.9	
0.9	
0.9	
0.9	
0.9	
0.9	
0.9	
0.9	
0.9	
0.9	
0.9	
0.9	
0.9	
0.9	
0.9	
0.9	

Run no: 26
0.86	
0.86	
0.86	
0.86	
0.86	
0.86	
0.86	
0.86	
0.86	
0.86	
0.86	
0.86	
0.86	
0.86	
0.86	
0.86	
0.86	
0.86	
0.86	
0.86	
0.86	
0.86	
0.86	
0.86	
0.86	
0.86	
0.86	
0.86	
0.86	
0.86	
0.86	

Run no: 27
0.85	
0.85	
0.85	
0.85	
0.85	
0.63	
0.63	
0.63	
0.63	
0.63	
0.63	
0.63	
0.63	
0.63	
0.63	
0.63	
0.63	
0.63	
0.63	
0.63	
0.63	
0.63	
0.63	
0.63	
0.63	
0.63	
0.63	
0.63	
0.63	
0.63	
0.63	

Run no: 28
0.86	
0.86	
0.86	
0.86	
0.86	
0.86	
0.86	
0.86	
0.86	
0.86	
0.86	
0.86	
0.85	
0.85	
0.85	
0.85	
0.85	
0.85	
0.85	
0.85	
0.85	
0.85	
0.85	
0.85	
0.85	
0.85	
0.85	
0.85	
0.85	
0.85	
0.85	

Run no: 29
0.9	
0.9	
0.9	
0.9	
0.9	
0.9	
0.9	
0.9	
0.9	
0.9	
0.9	
0.9	
0.9	
0.9	
0.9	
0.9	
0.9	
0.9	
0.9	
0.9	
0.9	
0.9	
0.9	
0.9	
0.9	
0.9	
0.9	
0.9	
0.9	
0.9	
0.9	

Run no: 30
1.03	
1.03	
1.03	
1.03	
1.03	
1.03	
1.03	
1.03	
0.83	
0.83	
0.83	
0.83	
0.83	
0.83	
0.83	
0.83	
0.83	
0.83	
0.83	
0.83	
0.83	
0.83	
0.83	
0.83	
0.83	
0.83	
0.83	
0.83	
0.83	
0.83	
0.83	
