
Run no: 1
2.32	1.42	1.11	1.95	1.25	1.0	1.29	1.64	1.87	1.41	2.02	1.94	1.86	2.28	1.99	1.69	1.95	1.71	1.42	1.04	1.57	1.61	1.8	1.76	1.08	2.24	1.33	1.44	2.11	1.67	1.75	1.52	1.95	2.14	1.72	2.0	1.19	1.78	2.47	1.74	
1.94	1.84	1.04	1.58	1.09	2.7	1.6	1.69	1.04	2.26	0.92	1.04	0.87	1.96	1.91	1.6	1.47	1.1	1.83	2.76	2.76	2.76	2.75	1.05	1.04	2.76	2.37	1.77	1.47	1.05	1.59	1.82	2.32	2.27	1.76	1.38	1.42	0.74	1.9	0.95	

Run no: 2
2.12	1.87	1.88	1.72	1.34	2.09	1.7	1.79	1.49	1.25	1.57	1.48	1.66	1.39	1.76	2.13	1.02	1.67	1.64	1.59	1.81	1.32	1.37	1.56	1.1	1.75	1.75	1.87	1.7	1.58	1.84	2.06	1.48	1.22	1.62	1.99	1.24	1.46	1.74	1.96	
2.12	2.67	2.68	2.08	2.67	2.08	2.83	0.98	1.4	1.54	1.14	2.12	1.31	1.16	1.13	0.94	1.31	1.28	1.31	1.24	1.43	1.44	2.85	0.96	1.13	1.48	1.39	1.27	1.05	0.96	0.96	0.92	1.4	1.36	1.05	1.84	1.82	1.56	1.16	1.1	

Run no: 3
2.02	1.86	2.28	2.62	1.92	1.21	1.79	1.54	1.41	1.85	1.71	1.89	2.22	1.37	1.32	2.09	1.84	2.13	2.41	1.84	1.28	1.94	2.03	1.7	2.09	1.31	1.91	2.05	1.41	1.79	1.91	1.95	2.39	1.83	1.34	1.52	2.15	1.59	2.01	2.11	
1.79	1.71	1.22	2.91	1.05	2.91	1.4	2.91	1.23	2.92	1.35	1.74	1.11	2.21	0.69	1.4	1.93	2.21	1.47	2.21	1.5	1.72	1.05	0.81	2.94	2.94	1.2	0.93	0.93	1.37	1.27	1.72	1.32	1.86	2.19	2.01	0.72	1.76	2.21	2.11	

Run no: 4
2.27	2.33	1.29	1.63	2.02	2.12	1.93	1.77	1.13	1.71	1.6	1.82	1.64	2.0	1.19	1.87	1.67	2.15	2.07	1.54	2.06	1.67	1.91	2.0	1.57	1.73	1.17	2.2	1.5	1.93	1.82	1.56	1.94	1.66	1.85	1.07	1.49	1.74	1.96	1.68	
2.07	2.67	2.67	1.1	1.12	2.67	1.77	1.9	1.91	1.82	0.87	1.07	1.11	1.93	1.93	1.93	1.94	1.82	1.04	1.11	2.74	2.71	1.88	1.82	1.82	1.02	1.03	1.06	2.81	2.81	2.64	2.64	1.01	2.71	1.11	2.83	2.65	1.08	2.59	1.04	

Run no: 5
1.43	1.59	1.6	2.02	1.44	1.83	1.45	1.89	2.29	1.27	1.4	1.86	1.34	2.32	1.76	1.85	1.83	2.29	1.75	1.78	1.42	1.29	2.03	1.27	1.9	2.02	1.42	1.83	1.2	2.08	1.21	1.2	1.74	2.3	1.26	1.43	1.79	1.19	1.69	2.01	
2.7	2.0	1.09	1.09	2.72	0.81	2.0	1.43	1.07	2.46	0.73	1.78	1.8	2.68	2.68	2.68	1.25	0.97	1.21	2.79	0.99	1.12	1.16	1.71	1.79	2.0	2.77	2.89	2.89	2.89	2.89	2.89	2.89	1.09	1.83	1.12	1.14	1.9	1.12	2.55	

Run no: 6
1.74	1.13	1.88	1.14	1.28	1.38	1.52	1.29	1.3	1.52	1.39	1.39	2.09	1.67	1.75	1.54	1.23	1.77	1.72	1.28	1.33	1.9	1.34	1.24	1.81	2.07	1.75	1.65	2.13	1.96	1.94	1.39	1.62	1.99	1.72	1.17	0.97	1.08	2.22	1.62	
1.54	2.56	0.94	1.67	1.52	2.56	1.25	1.0	1.52	1.36	0.9	1.27	1.08	1.09	1.4	0.97	1.38	1.4	0.98	1.11	1.3	2.58	2.39	1.46	1.12	1.12	2.58	0.9	1.25	1.22	2.49	0.77	1.22	1.24	1.1	2.37	2.64	1.07	0.91	2.66	

Run no: 7
1.46	2.51	2.11	1.72	1.66	1.81	1.95	1.31	1.41	2.38	2.11	2.01	1.96	1.55	1.37	1.62	1.54	2.26	1.25	1.26	2.17	1.66	1.68	2.06	1.58	2.24	1.83	2.28	2.14	1.71	1.25	2.14	2.31	2.12	1.98	2.29	2.36	1.42	2.04	1.57	
2.11	2.06	1.76	1.43	2.12	0.76	1.54	2.82	1.24	1.95	1.59	2.68	2.11	1.54	1.15	0.76	1.82	2.1	1.54	2.68	1.78	0.96	0.76	1.59	2.09	1.04	1.48	1.05	1.9	0.98	1.84	2.93	2.82	1.57	2.41	1.43	1.98	3.02	3.04	1.3	

Run no: 8
1.29	0.94	1.61	1.62	1.61	1.9	1.72	1.15	1.25	1.25	1.49	1.97	1.33	0.8	1.75	1.82	1.81	2.31	1.81	1.8	1.62	1.58	1.91	1.53	2.23	1.36	1.01	1.6	1.74	1.58	1.61	1.53	1.9	1.51	1.94	2.21	1.35	1.77	1.64	1.94	
1.89	2.45	2.5	1.92	2.17	1.98	2.53	2.01	1.63	1.19	1.03	1.2	0.59	2.22	1.65	1.61	0.73	2.4	1.08	1.11	0.99	2.57	2.51	1.02	2.22	2.13	1.93	1.48	0.73	2.4	1.88	1.5	2.17	0.94	0.96	0.74	0.98	1.25	1.49	1.79	

Run no: 9
1.63	1.33	2.21	1.07	1.03	1.98	2.36	1.87	1.5	1.93	1.59	1.84	1.7	2.06	1.65	2.01	2.24	1.73	1.19	1.65	2.12	1.53	1.68	1.55	2.47	1.7	2.2	1.43	1.52	1.88	1.06	2.07	2.05	1.38	2.06	1.9	2.09	1.35	1.86	2.09	
2.63	1.13	0.78	2.46	1.79	2.76	1.54	1.97	0.96	1.85	1.58	1.6	1.6	1.5	0.86	0.84	0.88	1.47	2.37	0.79	0.85	1.9	1.76	1.11	1.06	1.08	1.14	2.78	2.81	2.76	2.63	0.76	0.76	2.35	1.34	1.68	2.17	1.96	1.37	0.54	

Run no: 10
1.65	1.99	2.24	1.53	1.52	1.81	1.68	2.08	2.04	2.36	1.63	2.01	1.54	1.74	1.85	1.67	1.84	2.09	1.81	1.03	1.72	1.08	1.83	1.88	1.66	1.65	1.48	1.67	1.86	2.0	1.43	1.1	1.91	1.15	1.86	1.94	1.31	1.6	1.46	1.12	
1.84	1.52	2.8	2.67	2.26	1.28	0.87	2.01	1.33	1.26	0.98	0.98	1.03	2.2	2.67	1.84	2.8	2.87	2.8	1.15	1.54	1.49	1.54	2.87	2.2	1.51	1.9	2.53	1.06	1.71	1.28	2.01	1.0	2.92	1.78	0.96	2.6	2.18	2.18	2.85	

Run no: 11
1.96	0.93	1.81	1.26	1.82	1.42	1.52	2.16	2.14	1.84	1.37	1.36	1.48	1.27	0.96	1.89	1.5	1.09	1.65	1.19	1.29	1.24	1.76	1.61	0.81	1.67	2.13	1.88	1.66	1.61	1.75	1.17	1.88	1.46	1.65	1.86	1.46	1.86	1.75	1.5	
2.61	2.32	0.92	2.46	0.92	2.61	1.47	1.41	2.31	1.23	2.31	1.12	1.34	2.37	0.83	1.21	1.36	1.38	1.36	1.39	2.31	2.31	2.31	2.33	2.33	2.33	2.47	0.91	1.45	1.28	2.62	2.53	0.81	0.91	2.59	0.88	2.77	1.39	2.6	1.35	

Run no: 12
1.49	1.86	1.42	2.22	1.84	2.1	2.1	1.55	1.86	2.01	1.61	1.49	1.25	1.96	2.11	1.9	1.61	1.21	1.57	1.26	1.85	1.37	1.45	2.07	1.32	2.08	1.4	1.55	1.07	1.33	1.12	1.53	2.03	1.33	1.57	2.06	1.83	1.62	1.97	1.37	
2.09	2.62	2.06	2.09	1.06	1.9	0.98	2.52	2.58	0.95	0.94	2.63	1.04	1.82	1.89	1.97	2.57	2.55	2.58	2.38	2.11	1.74	2.64	2.04	1.1	2.37	1.42	0.94	0.98	0.92	1.97	1.97	2.74	2.09	2.11	1.81	2.31	2.86	1.37	1.66	

Run no: 13
1.32	1.76	1.77	1.39	2.29	1.73	1.27	1.21	2.07	1.83	1.77	1.78	1.68	2.45	1.52	2.09	1.96	1.46	2.07	2.31	2.0	1.88	1.86	1.92	1.87	1.64	1.8	1.51	1.68	1.22	1.6	1.33	1.45	1.6	1.81	1.61	2.13	1.75	1.81	1.49	
2.82	2.08	2.81	2.74	2.83	2.8	2.02	2.74	2.02	2.08	1.59	1.53	1.29	0.6	1.57	1.34	1.27	1.55	2.83	2.83	2.83	2.83	1.25	1.28	2.7	1.69	1.53	2.71	1.7	1.5	2.04	1.43	1.18	2.74	2.07	1.41	1.43	1.4	1.86	2.0	

Run no: 14
1.27	1.45	1.72	1.7	1.82	1.78	1.8	1.61	1.98	1.76	2.0	2.22	1.41	1.66	1.45	1.79	1.66	1.12	1.35	1.56	1.95	1.2	1.24	1.23	1.31	1.63	1.42	1.58	1.6	1.66	1.43	1.73	1.75	1.86	1.83	1.52	1.71	1.94	1.39	1.48	
1.78	1.6	2.45	1.55	1.08	1.42	1.32	1.55	1.57	1.59	1.24	2.52	1.56	1.08	2.01	1.56	1.44	2.47	2.47	2.44	1.72	2.52	2.48	2.01	2.6	2.52	2.52	2.6	1.25	2.6	1.27	1.23	1.27	2.42	1.91	1.06	1.41	1.82	2.31	1.91	

Run no: 15
1.14	1.17	1.76	1.69	1.2	1.3	1.99	1.66	1.61	1.27	1.13	1.58	2.01	1.71	1.69	1.0	1.28	1.81	1.49	1.45	1.94	1.38	1.93	1.98	1.34	2.29	1.35	1.79	1.62	1.04	1.29	1.45	1.91	2.13	1.0	0.93	1.32	1.58	1.62	1.9	
2.13	1.99	2.11	2.51	2.2	2.08	2.18	2.35	0.89	0.93	1.32	1.01	1.25	1.12	1.25	1.4	1.42	1.28	1.81	1.97	0.64	2.55	2.55	2.44	2.56	1.29	1.12	0.93	0.9	2.6	2.6	0.87	1.31	1.38	1.39	1.39	0.86	2.26	1.72	1.16	

Run no: 16
1.31	1.65	1.15	1.69	1.86	1.5	1.5	1.63	1.46	1.69	1.42	1.43	1.9	1.73	1.78	1.58	1.72	1.2	1.55	1.36	1.8	0.86	1.92	1.42	1.68	1.59	1.57	1.22	1.71	1.69	1.97	1.52	1.84	1.41	1.32	1.42	1.77	1.54	1.85	1.5	
2.48	2.55	1.74	2.3	1.86	2.55	1.65	1.58	1.72	2.44	1.74	0.81	1.75	1.61	2.32	1.5	0.84	0.34	2.3	0.84	0.58	1.35	1.66	1.58	1.67	0.66	0.48	0.66	1.65	1.65	1.63	1.39	1.51	0.57	0.47	2.2	0.72	1.38	1.63	2.24	

Run no: 17
1.84	1.35	2.11	1.63	2.23	1.98	2.38	2.36	2.04	2.28	1.77	2.05	1.77	1.76	2.56	2.18	1.29	1.46	1.14	2.03	2.32	1.06	1.51	1.55	1.06	2.01	1.21	1.69	1.72	2.3	1.65	1.95	2.37	1.83	2.07	2.31	1.99	1.59	2.04	1.6	
3.08	2.82	3.1	1.26	2.0	1.39	1.73	3.08	1.52	1.04	0.96	2.36	1.49	1.42	1.27	1.48	3.14	2.07	2.07	1.88	2.21	2.05	1.88	2.78	0.93	3.19	1.36	2.84	2.31	2.31	1.57	1.51	2.12	2.82	1.07	3.2	1.71	1.29	0.9	1.04	

Run no: 18
1.49	1.67	1.5	1.63	1.82	1.85	1.47	1.5	0.98	1.57	1.22	1.99	1.63	1.83	1.71	2.0	1.86	2.11	1.81	1.16	1.83	1.35	1.71	1.47	1.53	1.91	2.06	1.46	1.42	1.28	1.27	1.74	1.69	1.76	1.61	1.2	1.69	1.42	1.66	1.61	
1.63	2.63	1.56	2.56	2.56	1.24	1.16	0.52	0.81	1.56	0.77	0.82	1.51	0.6	1.5	1.54	2.66	1.2	1.79	1.17	0.44	0.72	2.67	2.55	2.54	2.56	1.16	1.08	1.08	1.81	0.88	1.56	1.21	0.5	1.51	1.17	1.79	0.85	1.31	0.66	

Run no: 19
1.68	1.23	2.07	1.18	1.63	1.62	1.44	1.6	1.64	1.98	1.44	1.64	1.62	1.54	1.91	1.51	1.81	1.33	1.35	1.6	1.87	1.85	1.34	1.54	1.12	1.46	2.01	1.68	1.59	1.46	1.73	1.16	1.53	1.45	1.1	1.87	1.7	1.67	1.32	1.72	
2.49	1.79	2.06	2.56	2.43	1.55	1.28	1.77	0.94	1.13	1.77	1.48	1.25	1.17	1.82	1.21	1.4	1.21	1.31	1.98	1.98	2.05	1.98	2.61	2.48	2.52	2.61	0.94	1.19	1.55	1.53	1.46	1.39	1.64	1.81	1.78	0.96	1.31	1.24	2.64	

Run no: 20
1.61	1.54	2.08	2.17	1.38	1.95	1.39	1.82	1.62	1.68	1.48	1.78	1.34	1.33	1.52	1.67	1.76	1.36	1.24	1.38	1.93	1.97	2.03	2.1	1.94	1.79	2.04	2.33	1.62	1.55	1.82	1.82	2.32	1.6	1.97	1.92	2.37	1.25	2.24	1.02	
2.85	1.61	2.78	1.87	2.85	1.95	1.27	2.8	1.31	1.87	1.68	1.68	1.72	1.67	1.66	1.3	2.7	1.63	1.27	1.73	1.69	1.3	1.31	1.27	1.58	2.86	2.82	1.85	0.99	2.76	2.76	1.86	1.39	2.78	1.16	1.29	1.17	3.0	1.18	1.58	

Run no: 21
1.17	1.82	2.81	1.35	1.98	2.1	2.04	1.65	1.97	2.0	1.47	1.55	1.97	2.15	1.86	2.1	2.34	2.09	2.03	2.43	1.82	1.32	1.49	1.7	1.42	1.04	1.23	2.04	1.67	2.29	1.65	2.5	1.65	1.31	1.49	1.53	1.64	2.34	1.93	1.69	
1.87	1.08	2.01	2.8	0.96	2.03	1.51	3.09	0.92	0.92	2.96	2.35	0.75	1.64	0.79	1.08	1.51	1.49	1.5	2.7	2.69	1.9	1.82	3.15	3.15	2.02	3.07	0.87	2.24	2.34	3.07	3.07	0.89	3.11	1.83	0.91	2.29	1.43	0.99	0.85	

Run no: 22
1.77	1.91	1.57	1.78	1.83	1.9	2.06	1.54	1.68	1.49	1.72	1.91	1.92	1.46	1.9	1.02	1.9	1.86	1.45	2.23	1.87	1.5	1.8	1.53	1.62	1.52	1.96	2.11	1.49	1.88	1.74	1.59	1.8	1.71	1.62	1.42	1.32	1.24	1.74	1.76	
2.73	2.73	2.73	2.73	1.78	2.05	1.35	2.73	1.45	1.47	0.79	2.4	1.47	1.34	1.13	1.71	1.99	0.77	1.79	1.57	1.56	1.49	0.83	1.68	1.65	1.99	2.02	2.05	1.47	1.5	1.53	0.83	1.37	1.42	1.75	1.49	1.5	1.45	1.53	1.51	

Run no: 23
1.62	1.86	1.85	1.11	1.95	1.72	1.9	1.85	1.37	1.57	1.05	1.7	1.81	2.15	2.21	1.47	1.4	1.82	1.57	1.42	1.54	1.92	0.71	1.99	1.61	1.94	1.83	1.76	1.56	2.03	0.97	2.05	0.98	1.68	1.91	1.23	1.1	1.67	1.77	1.4	
2.6	1.52	1.92	1.42	2.63	0.9	1.76	1.93	0.76	1.69	1.69	1.59	1.69	2.01	2.26	2.18	0.84	2.64	1.41	0.85	1.77	1.9	1.91	1.91	1.89	1.91	1.91	1.91	1.75	2.43	2.43	2.38	1.47	1.59	0.85	0.81	0.81	2.09	1.35	1.35	

Run no: 24
2.36	1.38	1.31	2.01	1.23	1.18	1.38	1.95	1.31	1.38	1.56	1.52	1.85	1.71	2.1	1.8	1.06	1.73	2.0	1.31	1.87	1.76	1.54	1.1	1.81	1.29	2.0	1.75	1.54	1.2	1.24	1.82	0.97	1.9	1.89	1.99	1.89	1.17	1.61	1.87	
2.55	2.48	1.99	2.32	0.78	1.16	1.94	2.31	1.16	0.86	2.06	2.06	1.22	1.58	1.21	1.93	0.96	1.14	1.09	2.17	2.59	2.59	2.38	2.6	2.47	0.85	2.0	2.23	1.9	1.0	1.9	1.75	0.98	2.54	1.02	1.16	1.18	1.57	2.23	2.6	

Run no: 25
1.43	2.04	1.93	2.21	2.0	1.58	1.77	1.79	1.49	1.44	2.1	1.54	1.45	1.22	1.93	1.6	1.87	1.66	1.52	2.26	1.21	1.65	2.02	1.38	2.25	1.85	2.71	1.91	0.9	1.69	1.42	1.75	1.71	1.49	1.05	1.83	1.88	1.71	2.0	0.91	
2.66	1.62	2.71	1.81	2.71	1.65	0.96	1.01	2.21	0.71	2.66	1.07	1.77	0.94	0.94	0.98	1.8	1.6	1.79	1.59	2.67	2.62	0.78	0.79	1.77	1.75	2.16	1.68	1.37	0.94	1.66	1.79	1.23	1.79	2.62	1.54	2.62	1.34	2.69	0.92	

Run no: 26
1.04	1.52	1.37	1.54	1.54	1.18	1.69	1.64	1.57	1.67	1.67	1.84	1.53	1.8	2.19	1.51	0.86	1.74	1.96	1.89	1.69	1.82	1.71	2.04	2.09	1.66	1.27	1.65	1.73	1.83	2.21	1.45	1.07	1.65	1.81	1.32	1.17	1.05	1.97	1.56	
1.52	1.17	2.44	1.22	1.51	1.1	1.59	1.91	1.62	1.1	0.68	0.65	0.91	0.68	0.58	1.92	2.51	2.03	1.54	1.54	1.54	1.6	1.54	0.68	2.53	2.54	0.72	1.86	1.14	2.03	2.03	1.07	1.07	0.61	2.6	2.4	0.7	0.76	0.57	0.15	

Run no: 27
1.11	2.21	2.16	2.13	1.24	0.85	2.06	1.31	2.15	1.59	2.2	1.68	1.92	1.46	1.08	1.2	1.07	1.5	2.1	1.81	1.5	1.52	2.01	1.7	1.0	1.82	1.43	1.45	1.67	1.86	1.97	1.41	1.38	1.66	1.77	1.42	2.31	1.39	1.32	1.99	
2.66	1.51	1.04	1.1	1.56	0.58	2.65	1.15	0.91	1.08	0.93	2.09	2.63	1.0	1.74	1.68	1.64	1.66	1.66	2.64	2.66	2.04	0.5	1.5	1.97	1.68	0.76	1.5	1.06	1.06	1.3	0.54	1.49	1.5	0.9	2.0	2.04	2.0	1.5	2.39	

Run no: 28
1.43	1.54	1.41	1.24	1.06	1.33	1.46	1.48	0.86	1.18	1.95	1.75	1.99	1.56	1.34	1.91	1.08	2.07	2.14	0.87	1.25	1.6	1.85	1.98	1.9	1.85	1.81	0.98	1.6	1.17	1.88	2.01	1.12	1.72	1.53	1.58	1.97	1.53	2.29	1.62	
1.89	1.0	2.6	0.96	0.93	1.53	1.7	1.28	2.26	1.66	0.98	2.6	2.33	2.02	1.08	2.16	0.93	0.91	1.58	1.53	1.35	1.47	1.5	1.52	2.17	2.63	2.7	2.48	2.48	1.54	1.23	2.48	0.84	0.91	1.94	2.18	0.9	2.71	1.62	2.61	

Run no: 29
1.99	1.57	1.52	2.1	1.7	1.53	1.18	1.57	1.29	2.25	2.09	1.9	2.11	1.24	1.9	2.0	1.42	0.93	1.73	1.48	1.6	2.22	1.35	2.14	1.97	0.9	2.01	1.84	1.8	2.2	1.63	1.32	2.21	1.8	1.32	1.67	1.8	2.36	1.6	1.42	
2.8	2.85	2.85	1.32	1.32	2.31	0.95	1.51	1.69	2.38	1.51	2.47	2.47	2.78	2.21	0.91	0.9	0.91	1.68	0.91	2.16	2.8	1.29	2.41	2.56	2.87	2.87	2.87	2.75	2.75	2.19	2.1	1.55	1.63	1.57	1.35	1.99	1.4	2.03	2.05	

Run no: 30
1.21	2.35	1.35	1.67	2.21	1.67	1.03	1.72	2.01	1.42	1.42	1.47	2.11	2.01	1.97	2.13	1.97	2.01	1.87	1.17	1.65	1.69	1.81	1.84	1.35	1.6	1.71	1.4	1.36	2.04	2.14	2.03	1.09	1.83	1.62	2.0	1.37	1.98	1.75	1.25	
1.42	2.0	2.8	2.8	1.43	0.83	1.17	2.02	2.85	2.8	2.85	2.02	1.58	2.87	1.27	0.92	2.85	1.26	0.99	2.52	2.85	2.51	1.51	0.98	1.3	1.02	1.97	1.1	1.03	1.97	1.6	0.87	0.85	1.28	1.26	1.27	1.33	2.47	0.75	1.93	
