
Run no: 0
0	1	2000.0		3799	77.3
1	1	1000.0		78	109.33
2	1	1000.0		78	109.33
3	1	0.837617		3172	82.08
4	1	0.67562485		658	85.33
5	1	0.46759963		80	94.37
6	1	0.46706212		78	109.33
7	1	0.25721344		3191	79.99
8	1	0.21871041		304	90.05
9	1	0.12921834		645	85.98
10	1	0.10544502		101	91.16
11	1	0.10146737		658	85.33
12	1	0.09164203		645	85.98
13	1	0.089210235		304	90.05
14	1	0.06509342		3173	80.15
15	1	0.05196477		97	92.79
16	1	0.03572999		101	91.16
17	1	0.02507148		92	93.55
18	1	0.024490528		92	93.55
19	1	0.023953037		88	94.3
20	1	0.023727756		97	92.79
21	1	0.015610365		645	85.98
22	1	0.015610365		653	85.48
23	1	0.005264062		3173	80.15
24	1	0.0046831095		653	85.48
25	1	0.0046831095		658	85.33
26	1	0.0021499598		653	85.48
27	1	0.0013437248		653	85.48
28	1	0.0013437248		658	85.33
29	1	0.0013437248		97	92.79
30	1	0.0012488292		88	94.3
31	1	0.0012488292		86	94.34
32	1	0.0011619045		84	94.35
33	1	0.0010749799		88	94.3
34	1	0.0010749799		84	94.35
35	1	0.0010749799		80	94.37
36	1	6.244146E-4		80	94.37
37	1	5.3748995E-4		86	94.34
38	1	5.3748995E-4		86	94.34
39	1	5.3748995E-4		78	109.33
40	1	3.122073E-4		84	94.35
41	1	3.122073E-4		86	94.34
42	1	0.0		78	109.33
43	1	0.0		658	85.33
44	1	0.0		78	109.33
45	1	0.0		80	94.37
46	1	0.0		304	90.05
47	1	0.0		645	85.98
48	1	0.0		645	85.98
49	1	0.0		97	92.79
50	1	0.0		304	90.05
51	1	0.0		97	92.79
52	1	0.0		3173	80.15
53	1	0.0		97	92.79
54	1	0.0		653	85.48
55	1	0.0		84	94.35
56	1	0.0		86	94.34
57	1	0.0		78	109.33
58	1	0.0		84	94.35
59	1	0.0		78	109.33
60	1	0.0		78	109.33
61	1	0.0		645	85.98
62	1	0.0		653	85.48
63	1	0.0		653	85.48
64	1	0.0		88	94.3
65	1	0.0		653	85.48
66	1	0.0		84	94.35
67	1	0.0		80	94.37
68	1	0.0		80	94.37
69	1	0.0		86	94.34
70	1	0.0		86	94.34
71	1	0.0		80	94.37
72	1	0.0		304	90.05
73	1	0.0		653	85.48
74	1	0.0		97	92.79
75	1	0.0		88	94.3
76	1	0.0		84	94.35
77	1	0.0		80	94.37
78	1	0.0		80	94.37
79	1	0.0		86	94.34


Run no: 1
0	1	1000.0		78	97.24
1	1	1000.041		4100	83.58
2	1	0.0		78	97.24
3	1	0.0		4100	83.58
4	1	0.90170354		3181	85.36
5	1	0.0		104	87.05
6	1	0.24281059		80	93.93
7	1	0.0		86	88.92
8	1	0.36825606		80	93.93
9	1	0.0		78	97.24
10	1	0.13689604		86	88.92
11	1	0.12371889		104	87.05
12	1	0.015373353		3707	84.21
13	1	0.13689604		104	87.05
14	1	0.087199025		3254	84.24
15	1	0.08743492		3935	83.64
16	1	0.114826724		3254	84.24
17	1	0.0		3183	85.19
18	1	0.041024365		3872	84.0
19	1	0.0		4100	83.58
20	1	0.043220557		3707	84.21
21	1	0.0		3183	85.19
22	1	0.015373353		3872	84.0
23	1	0.042018168		3872	84.0
24	1	0.0		3183	85.19
25	1	0.0		104	87.05
26	1	0.0		86	88.92
27	1	0.0		4100	83.58
28	1	0.11263053		3707	84.21
29	1	0.0		86	88.92
30	1	0.012445095		3183	85.19
31	1	0.0		78	97.24
32	1	0.0		86	88.92
33	1	0.0		104	87.05
34	1	0.070043385		3183	85.19
35	1	0.0		3183	85.19
36	1	1000.0		4100	83.58
37	1	0.0044753854		104	87.05
38	1	0.37123966		86	88.92
39	1	0.0		78	97.24
40	1	0.0		78	97.24
41	1	0.017652908		3183	85.19
42	1	0.0		86	88.92
43	1	0.0		86	88.92
44	1	0.76504225		104	87.05
45	1	0.0		4100	83.58
46	1	0.0		78	97.24
47	1	0.0		86	88.92
48	1	0.24231333		78	97.24
49	1	0.0		78	97.24
50	1	0.0		78	97.24
51	1	0.0		104	87.05
52	1	0.0014917952		86	88.92
53	1	0.0		78	97.24
54	1	0.0		78	97.24
55	1	0.0		86	88.92
56	1	0.0		86	88.92
57	1	0.0		78	97.24
58	1	0.0		78	97.24
59	1	0.0		86	88.92
60	1	0.0		78	97.24
61	1	0.0		78	97.24
62	1	0.0		78	97.24
63	1	0.0		78	97.24
64	1	0.0		78	97.24
65	1	0.0		78	97.24
66	1	0.0		78	97.24
67	1	0.0		78	97.24
68	1	0.0		78	97.24
69	1	0.0		78	97.24
70	1	0.0		78	97.24
71	1	0.0		78	97.24
72	1	0.0		78	97.24
73	1	0.0		78	97.24
74	1	0.0		78	97.24
75	1	0.0		4100	83.58
76	1	0.0043923864		4100	83.58
77	1	0.0		78	97.24
78	1	0.0		78	97.24
79	1	1000.0005		78	97.24


Run no: 2
0	1	2000.0		75	103.76
1	1	1000.9657		3601	75.96
2	1	1000.07336		3601	75.96
3	1	0.9656835		196	78.0
4	1	0.44804922		76	94.33
5	1	0.44748202		78	81.89
6	1	0.33949223		76	94.33
7	1	0.09925854		176	78.05
8	1	0.09178783		87	79.9
9	1	0.0741352		82	80.39
10	1	0.0733813		196	78.0
11	1	0.055091266		78	81.89
12	1	0.019043937		87	79.9
13	1	0.007470711		196	78.0
14	1	5.67215E-4		78	81.89
15	1	0.0		78	81.89
16	1	0.0		78	81.89
17	1	0.0		78	81.89
18	1	0.0		78	81.89
19	1	0.0		78	81.89
20	1	0.0		78	81.89
21	1	0.0		78	81.89
22	1	0.0		78	81.89
23	1	0.0		78	81.89
24	1	0.0		78	81.89
25	1	0.0		78	81.89
26	1	0.0		78	81.89
27	1	0.0		78	81.89
28	1	0.0		78	81.89
29	1	0.0		78	81.89
30	1	0.0		78	81.89
31	1	0.0		78	81.89
32	1	0.0		78	81.89
33	1	0.0		78	81.89
34	1	0.0		78	81.89
35	1	0.0		78	81.89
36	1	0.0		78	81.89
37	1	0.0		78	81.89
38	1	0.0		78	81.89
39	1	0.0		78	81.89
40	1	0.0		78	81.89
41	1	0.0		78	81.89
42	1	0.0		78	81.89
43	1	0.0		78	81.89
44	1	0.0		78	81.89
45	1	0.0		78	81.89
46	1	0.0		78	81.89
47	1	0.0		78	81.89
48	1	0.0		78	81.89
49	1	0.0		78	81.89
50	1	0.0		78	81.89
51	1	0.0		78	81.89
52	1	0.0		78	81.89
53	1	0.0		78	81.89
54	1	0.0		78	81.89
55	1	0.0		78	81.89
56	1	0.0		78	81.89
57	1	0.0		78	81.89
58	1	0.0		78	81.89
59	1	0.0		78	81.89
60	1	0.0		78	81.89
61	1	0.0		78	81.89
62	1	0.0		78	81.89
63	1	0.0		78	81.89
64	1	0.0		78	81.89
65	1	0.0		78	81.89
66	1	0.0		78	81.89
67	1	0.0		78	81.89
68	1	0.0		78	81.89
69	1	0.0		78	81.89
70	1	0.0		78	81.89
71	1	0.0		78	81.89
72	1	0.0		78	81.89
73	1	0.0		78	81.89
74	1	0.0		78	81.89
75	1	0.0		78	81.89
76	1	0.0		78	81.89
77	1	0.0		78	81.89
78	1	0.0		78	81.89
79	1	0.0		78	81.89


Run no: 3
0	1	1000.9676		2725	78.37
1	1	1000.58905		2725	78.37
2	1	1000.0		72	92.29
3	1	0.0		72	92.29
4	1	0.58908045		158	86.57
5	1	0.0		158	86.57
6	1	0.19811177		104	90.0
7	1	3.7693177E-4		114	87.81
8	1	0.0		82	91.04
9	1	0.0015077271		78	91.79
10	1	0.041325208		157	86.94
11	1	0.042411596		157	86.94
12	1	0.03738286		115	87.51
13	1	0.041325208		115	87.51
14	1	0.0		103	90.51
15	1	0.0		158	86.57
16	1	0.0		78	91.79
17	1	0.012931035		76	92.11
18	1	0.0		114	87.81
19	1	0.0		103	90.51
20	1	0.0075386353		102	90.81
21	1	0.0		82	91.04
22	1	0.0		102	90.81
23	1	0.0		76	92.11
24	1	0.0		72	92.29
25	1	0.0		82	91.04
26	1	0.0		102	90.81
27	1	0.0		114	87.81
28	1	7.5386354E-4		76	92.11
29	1	0.0		82	91.04
30	1	0.0015077271		76	92.11
31	1	0.054633174		78	91.79
32	1	0.0		102	90.81
33	1	0.021928655		103	90.51
34	1	0.0		114	87.81
35	1	0.0		103	90.51
36	1	0.0		72	92.29
37	1	0.0		158	86.57
38	1	0.15732759		114	87.81
39	1	0.0		78	91.79
40	1	0.0015077271		82	91.04
41	1	0.036637932		103	90.51
42	1	0.025321042		114	87.81
43	1	0.0		103	90.51
44	1	0.0		102	90.81
45	1	0.0		102	90.81
46	1	0.0		72	92.29
47	1	0.0		76	92.11
48	1	0.0		102	90.81
49	1	0.0		82	91.04
50	1	0.0		72	92.29
51	1	0.0		158	86.57
52	1	0.0		114	87.81
53	1	0.0		72	92.29
54	1	0.0		158	86.57
55	1	3.7693177E-4		158	86.57
56	1	0.024061624		82	91.04
57	1	0.0		114	87.81
58	1	0.022988506		78	91.79
59	1	0.021551725		102	90.81
60	1	0.0		103	90.51
61	1	3.7693177E-4		102	90.81
62	1	0.9675839		158	86.57
63	1	0.0		72	92.29
64	1	0.022988506		76	92.11
65	1	0.0		102	90.81
66	1	0.0		114	87.81
67	1	0.0		103	90.51
68	1	3.7693177E-4		103	90.51
69	1	0.012931035		72	92.29
70	1	0.0		114	87.81
71	1	0.0		82	91.04
72	1	0.02658046		158	86.57
73	1	0.0		102	90.81
74	1	0.0		82	91.04
75	1	0.016522989		102	90.81
76	1	0.0		76	92.11
77	1	0.0		72	92.29
78	1	0.05387931		82	91.04
79	1	1000.0015		72	92.29


Run no: 4
0	1	2000.0		2736	79.61
1	1	2000.0		77	90.03
2	1	0.37403372		77	90.03
3	1	0.4112015		250	83.64
4	1	0.0		250	83.64
5	1	0.0026325686		84	86.16
6	1	0.11766506		185	84.03
7	1	0.07721575		116	85.61
8	1	0.07608751		144	84.63
9	1	0.93493795		250	83.64
10	1	0.0		138	85.22
11	1	0.0		177	84.58
12	1	0.008273787		138	85.22
13	1	0.0		84	86.16
14	1	0.0		96	85.86
15	1	0.0		96	85.86
16	1	0.0		177	84.58
17	1	0.03742802		138	85.22
18	1	0.0		96	85.86
19	1	0.05278311		177	84.58
20	1	0.0075216247		96	85.86
21	1	0.0		177	84.58
22	1	0.0		84	86.16
23	1	0.0022564875		138	85.22
24	1	0.0		250	83.64
25	1	0.0		84	86.16
26	1	0.05662188		138	85.22
27	1	0.0		177	84.58
28	1	0.0		96	85.86
29	1	0.0		96	85.86
30	1	0.0		177	84.58
31	1	0.0		177	84.58
32	1	0.0		177	84.58
33	1	0.0		84	86.16
34	1	0.028790787		84	86.16
35	1	0.0		177	84.58
36	1	0.033303764		96	85.86
37	1	0.023992322		96	85.86
38	1	0.0		177	84.58
39	1	0.0		84	86.16
40	1	0.0		177	84.58
41	1	0.0		84	86.16
42	1	0.0		84	86.16
43	1	0.0		177	84.58
44	1	0.0		84	86.16
45	1	0.0		84	86.16
46	1	0.0		96	85.86
47	1	0.012410681		177	84.58
48	1	0.0		177	84.58
49	1	0.0		177	84.58
50	1	0.0		84	86.16
51	1	0.0		84	86.16
52	1	0.0		84	86.16
53	1	0.0		84	86.16
54	1	0.0		177	84.58
55	1	0.0		177	84.58
56	1	0.0		177	84.58
57	1	0.0		177	84.58
58	1	0.37140116		84	86.16
59	1	0.0		177	84.58
60	1	0.0		177	84.58
61	1	0.0		177	84.58
62	1	0.0		177	84.58
63	1	0.0		84	86.16
64	1	0.0		177	84.58
65	1	0.0		177	84.58
66	1	0.0		177	84.58
67	1	0.0		84	86.16
68	1	0.0		96	85.86
69	1	0.0		177	84.58
70	1	0.0		84	86.16
71	1	0.03742802		250	83.64
72	1	0.0		177	84.58
73	1	0.0		177	84.58
74	1	0.0		138	85.22
75	1	0.0		177	84.58
76	1	0.0		177	84.58
77	1	0.0		84	86.16
78	1	0.004512975		84	86.16
79	1	0.0078071146		177	84.58


Run no: 5
0	1	1000.0278		3803	81.81
1	1	1000.0		60	94.69
2	1	0.0		60	94.69
3	1	1000.0		3803	81.81
4	1	0.17468944		3699	83.88
5	1	0.17468944		170	86.13
6	1	0.2531809		67	93.09
7	1	0.0		3803	81.81
8	1	0.0		170	86.13
9	1	0.16071428		3699	83.88
10	1	0.0		3699	83.88
11	1	0.0		158	86.96
12	1	0.0		154	88.96
13	1	0.03962137		69	91.46
14	1	0.0		60	94.69
15	1	0.0		158	86.96
16	1	0.0		170	86.13
17	1	0.053454854		72	90.96
18	1	0.04275206		121	90.01
19	1	0.04114907		120	90.54
20	1	0.0		69	91.46
21	1	0.03268399		136	89.5
22	1	0.030655982		86	90.83
23	1	0.0		127	89.89
24	1	0.9428266		3699	83.88
25	1	0.0		145	89.24
26	1	0.0024044884		145	89.24
27	1	0.02173913		154	88.96
28	1	0.020186335		136	89.5
29	1	0.0		117	90.72
30	1	0.0		120	90.54
31	1	0.009583935		121	90.01
32	1	0.03268399		127	89.89
33	1	0.008540372		117	90.72
34	1	0.0		117	90.72
35	1	0.0		158	86.96
36	1	0.0		170	86.13
37	1	0.0016029923		127	89.89
38	1	0.15634817		154	88.96
39	1	0.0024044884		145	89.24
40	1	0.0024044884		136	89.5
41	1	0.124223605		60	94.69
42	1	0.0024044884		154	88.96
43	1	0.0032059846		158	86.96
44	1	8.0149615E-4		120	90.54
45	1	0.0		117	90.72
46	1	5.343307E-4		69	91.46
47	1	0.01424232		120	90.54
48	1	0.027785199		3699	83.88
49	1	0.16071428		3803	81.81
50	1	0.0		170	86.13
51	1	0.065509655		158	86.96
52	1	0.0		154	88.96
53	1	0.12655279		69	91.46
54	1	0.0		60	94.69
55	1	0.0		158	86.96
56	1	0.0032059846		170	86.13
57	1	0.0		127	89.89
58	1	0.0		145	89.24
59	1	0.014776652		117	90.72
60	1	0.008282127		117	90.72
61	1	0.0		117	90.72
62	1	0.0		170	86.13
63	1	0.020186335		145	89.24
64	1	0.02173913		145	89.24
65	1	0.0		60	94.69
66	1	0.0		127	89.89
67	1	0.0		154	88.96
68	1	0.0		117	90.72
69	1	0.0		60	94.69
70	1	0.9428266		170	86.13
71	1	0.0		60	94.69
72	1	0.064440995		170	86.13
73	1	0.0		154	88.96
74	1	0.0		145	89.24
75	1	0.0		117	90.72
76	1	0.1552795		158	86.96
77	1	0.0		60	94.69
78	1	0.00931677		127	89.89
79	1	1000.0019		60	94.69


Run no: 6
0	1	2000.0		59	104.13
1	1	2000.0		4811	76.62
2	1	0.04313973		4811	76.62
3	1	0.0		59	104.13
4	1	1.2655536		204	85.84
5	1	0.0		4606	76.67
6	1	0.4938108		65	103.38
7	1	0.0		75	89.83
8	1	0.9281643		4606	76.67
9	1	0.0		87	89.33
10	1	0.0		89	86.48
11	1	0.0		4811	76.62
12	1	0.02936719		65	103.38
13	1	0.0		59	104.13
14	1	0.0		202	85.99
15	1	0.023779461		89	86.48
16	1	4.208754E-4		89	86.48
17	1	4.208754E-4		202	85.99
18	1	0.0		87	89.33
19	1	0.0		77	89.69
20	1	0.0		202	85.99
21	1	0.0		77	89.69
22	1	0.0		75	89.83
23	1	0.0021043771		75	89.83
24	1	0.01308615		87	89.33
25	1	0.0		77	89.69
26	1	0.0		4606	76.67
27	1	0.0		65	103.38
28	1	0.027262814		59	104.13
29	1	4.208754E-4		77	89.69
30	1	0.017811704		89	86.48
31	1	0.0		75	89.83
32	1	0.0		87	89.33
33	1	0.0		59	104.13
34	1	0.37647307		4606	76.67
35	1	0.0		65	103.38
36	1	0.0050890585		75	89.83
37	1	0.10570307		87	89.33
38	1	0.0		89	86.48
39	1	0.0		4811	76.62
40	1	0.017811704		202	85.99
41	1	0.0		59	104.13
42	1	0.0		89	86.48
43	1	0.0054525626		202	85.99
44	1	0.0		89	86.48
45	1	0.0		87	89.33
46	1	0.0		77	89.69
47	1	0.0		75	89.83
48	1	0.0		77	89.69
49	1	4.208754E-4		87	89.33
50	1	0.0		75	89.83
51	1	0.015190528		77	89.69
52	1	0.023779461		202	85.99
53	1	0.0		4606	76.67
54	1	0.0		4811	76.62
55	1	0.0		75	89.83
56	1	0.0		77	89.69
57	1	0.0		4811	76.62
58	1	0.0		75	89.83
59	1	0.0		89	86.48
60	1	0.0		87	89.33
61	1	0.0018175209		4811	76.62
62	1	0.0		89	86.48
63	1	0.0		87	89.33
64	1	0.0		77	89.69
65	1	0.0		75	89.83
66	1	0.0		77	89.69
67	1	0.0		77	89.69
68	1	0.0		87	89.33
69	1	0.0		89	86.48
70	1	0.0		75	89.83
71	1	0.0		89	86.48
72	1	0.0		87	89.33
73	1	0.0		77	89.69
74	1	0.0		77	89.69
75	1	0.0		75	89.83
76	1	0.0012626263		59	104.13
77	1	0.10359869		89	86.48
78	1	0.0050890585		77	89.69
79	1	0.49296904		75	89.83


Run no: 7
0	1	2000.0		64	94.02
1	1	1000.0		3096	79.23
2	1	1000.0		3096	79.23
3	1	1.0440332		443	83.92
4	1	0.875		3096	79.23
5	1	0.41572094		443	83.92
6	1	0.31710616		3096	79.23
7	1	0.30928758		144	86.42
8	1	0.25211492		69	90.42
9	1	0.20283976		68	93.42
10	1	0.11238629		110	86.87
11	1	0.10480054		87	88.42
12	1	0.04597701		78	89.74
13	1	0.040567953		68	93.42
14	1	0.033130493		85	88.96
15	1	0.033130493		86	88.47
16	1	0.030425964		110	86.87
17	1	0.030425964		80	89.41
18	1	0.030425964		85	88.96
19	1	0.022312373		78	89.74
20	1	0.022312373		80	89.41
21	1	0.011213721		110	86.87
22	1	0.007585752		87	88.42
23	1	0.0033806625		86	88.47
24	1	0.0033806625		87	88.42
25	1	0.0029683376		78	89.74
26	1	0.0016490765		85	88.96
27	1	0.0016490765		80	89.41
28	1	0.0013192613		68	93.42
29	1	6.5963063E-4		78	89.74
30	1	6.5963063E-4		80	89.41
31	1	3.2981532E-4		68	93.42
32	1	3.2981532E-4		87	88.42
33	1	3.2981532E-4		85	88.96
34	1	3.2981532E-4		86	88.47
35	1	3.2981532E-4		86	88.47
36	1	0.0		110	86.87
37	1	0.0		87	88.42
38	1	0.0		85	88.96
39	1	0.0		86	88.47
40	1	0.0		80	89.41
41	1	0.0		86	88.47
42	1	0.0		78	89.74
43	1	0.0		80	89.41
44	1	0.0		78	89.74
45	1	0.0		87	88.42
46	1	0.0		68	93.42
47	1	0.0		68	93.42
48	1	0.0		87	88.42
49	1	0.0		86	88.47
50	1	0.0		78	89.74
51	1	0.0		87	88.42
52	1	0.0		87	88.42
53	1	0.0		80	89.41
54	1	0.0		85	88.96
55	1	0.0		80	89.41
56	1	0.0		85	88.96
57	1	0.0		86	88.47
58	1	0.0		78	89.74
59	1	0.0		85	88.96
60	1	0.0		86	88.47
61	1	0.0		80	89.41
62	1	0.0		87	88.42
63	1	0.0		86	88.47
64	1	0.0		80	89.41
65	1	0.0		68	93.42
66	1	0.0		78	89.74
67	1	0.0		85	88.96
68	1	0.0		86	88.47
69	1	0.0		78	89.74
70	1	0.0		85	88.96
71	1	0.0		85	88.96
72	1	0.0		80	89.41
73	1	0.0		85	88.96
74	1	0.0		86	88.47
75	1	0.0		86	88.47
76	1	0.0		80	89.41
77	1	0.0		80	89.41
78	1	0.0		78	89.74
79	1	0.0		78	89.74


Run no: 8
0	1	1000.0088		3918	79.3
1	1	0.0		3918	79.3
2	1	1000.0		54	95.04
3	1	0.02541296		54	95.04
4	1	0.7960712		3156	81.45
5	1	0.83230805		215	82.0
6	1	0.18170168		90	88.6
7	1	0.013198758		135	87.5
8	1	0.013198758		186	84.8
9	1	0.0012939959		89	91.25
10	1	0.13867657		3592	79.45
11	1	0.12466458		210	82.55
12	1	7.7639753E-4		207	84.5
13	1	0.09925162		66	94.14
14	1	0.0		67	92.59
15	1	0.14303242		3228	80.27
16	1	0.0		3884	79.35
17	1	0.08153161		116	88.5
18	1	0.063532405		135	87.5
19	1	0.024986781		3228	80.27
20	1	0.06869951		3491	80.17
21	1	0.015128078		3547	80.16
22	1	0.09360178		3156	81.45
23	1	0.040848505		75	91.64
24	1	0.0012939959		210	82.55
25	1	0.02858958		68	92.09
26	1	0.0		67	92.59
27	1	2.5879918E-4		68	92.09
28	1	0.021106767		60	94.64
29	1	0.0		54	95.04
30	1	0.026965756		60	94.64
31	1	0.0		63	94.32
32	1	0.00635324		186	84.8
33	1	0.020845994		3491	80.17
34	1	0.056753967		3547	80.16
35	1	0.011694632		66	94.14
36	1	0.01221223		63	94.32
37	1	0.0		89	91.25
38	1	0.009529861		84	91.4
39	1	0.0		81	91.5
40	1	0.0151524125		3884	79.35
41	1	0.010235228		192	84.6
42	1	0.0071296375		189	84.7
43	1	0.0071296375		189	84.7
44	1	0.0038819876		207	84.5
45	1	7.7639753E-4		81	91.5
46	1	0.0071296375		192	84.6
47	1	7.7639753E-4		84	91.4
48	1	0.17645466		135	87.5
49	1	0.12388818		207	84.5
50	1	0.0		192	84.6
51	1	0.07874598		3884	79.35
52	1	0.0079060355		81	91.5
53	1	0.00635324		84	91.4
54	1	0.16861966		89	91.25
55	1	0.0012939959		84	91.4
56	1	0.17231388		186	84.8
57	1	0.0		81	91.5
58	1	0.0		63	94.32
59	1	0.0		63	94.32
60	1	0.032025		67	92.59
61	1	0.033577796		68	92.09
62	1	2.5879918E-4		67	92.59
63	1	1000.0015		54	95.04
64	1	0.0		3918	79.3
65	1	0.098475225		67	92.59
66	1	0.008894537		81	91.5
67	1	0.03494282		210	82.55
68	1	0.0		67	92.59
69	1	0.0		3884	79.35
70	1	0.0		63	94.32
71	1	1000.0032		3918	79.3
72	1	0.0		207	84.5
73	1	0.0		186	84.8
74	1	0.0		84	91.4
75	1	0.0		89	91.25
76	1	0.00635324		207	84.5
77	1	0.0		84	91.4
78	1	0.009529861		89	91.25
79	1	0.021106767		63	94.32


Run no: 9
0	1	1000.039		3841	81.09
1	1	1000.0		3841	81.09
2	1	1000.0		70	105.35
3	1	0.0		70	105.35
4	1	0.96422416		3345	82.47
5	1	0.95825016		262	84.09
6	1	0.0		80	88.89
7	1	0.0		70	105.35
8	1	0.14448574		3567	81.96
9	1	0.10964824		100	87.85
10	1	0.0		101	85.83
11	1	0.0		176	85.33
12	1	0.06459316		3694	81.21
13	1	0.04049868		109	85.82
14	1	0.004946414		3694	81.21
15	1	0.038981702		3694	81.21
16	1	0.051112942		176	85.33
17	1	0.0		87	88.4
18	1	0.01776717		176	85.33
19	1	0.0		176	85.33
20	1	0.0		80	88.89
21	1	7.9554494E-4		83	88.59
22	1	0.0		83	88.59
23	1	0.0		87	88.4
24	1	0.022671064		87	88.4
25	1	0.0		80	88.89
26	1	0.0		70	105.35
27	1	0.083529815		101	85.83
28	1	0.0		87	88.4
29	1	0.007831822		83	88.59
30	1	0.0		83	88.59
31	1	4.1220116E-4		101	85.83
32	1	0.0		101	85.83
33	1	0.004946414		3841	81.09
34	1	0.0		70	105.35
35	1	0.0		80	88.89
36	1	0.0		70	105.35
37	1	0.0		87	88.4
38	1	0.0021214532		101	85.83
39	1	0.043003477		176	85.33
40	1	0.0		83	88.59
41	1	0.0		87	88.4
42	1	0.0		87	88.4
43	1	0.0		80	88.89
44	1	1000.0		70	105.35
45	1	0.0		87	88.4
46	1	0.6784831		80	88.89
47	1	0.0		70	105.35
48	1	0.0		70	105.35
49	1	0.013161579		80	88.89
50	1	0.0		87	88.4
51	1	0.0		83	88.59
52	1	0.0		87	88.4
53	1	0.0010607266		83	88.59
54	1	0.0026518165		80	88.89
55	1	0.012366035		83	88.59
56	1	0.0		87	88.4
57	1	0.0		83	88.59
58	1	0.0		80	88.89
59	1	0.0		80	88.89
60	1	0.0		70	105.35
61	1	0.0		80	88.89
62	1	0.0010607266		87	88.4
63	1	0.0		80	88.89
64	1	0.6784831		70	105.35
65	1	0.0		87	88.4
66	1	0.0		70	105.35
67	1	0.0		70	105.35
68	1	0.0		80	88.89
69	1	0.0		87	88.4
70	1	0.0		80	88.89
71	1	0.0		87	88.4
72	1	0.0		80	88.89
73	1	0.0		80	88.89
74	1	0.0		70	105.35
75	1	0.0		87	88.4
76	1	0.0		87	88.4
77	1	0.0		70	105.35
78	1	0.0026518165		70	105.35
79	1	0.011279183		87	88.4


Run no: 10
0	1	2000.0		4104	77.59
1	1	2000.0		75	101.33
2	1	0.0		75	101.33
3	1	1.0006958		412	80.93
4	1	0.07662287		3965	78.59
5	1	0.26878163		377	87.85
6	1	4.2122998E-4		403	81.77
7	1	0.12089301		77	96.33
8	1	0.0		75	101.33
9	1	0.08043224		82	93.46
10	1	0.0		77	96.33
11	1	0.0		3965	78.59
12	1	0.081832364		362	91.24
13	1	0.12287861		82	93.46
14	1	0.016307425		90	91.58
15	1	0.0		364	89.36
16	1	0.0		363	91.22
17	1	0.0		3965	78.59
18	1	0.07919124		90	91.58
19	1	0.007957995		374	87.98
20	1	0.07834878		364	89.36
21	1	0.0017374038		405	81.37
22	1	0.01853412		405	81.37
23	1	2.4820055E-4		404	81.76
24	1	0.067510545		90	91.58
25	1	2.4820055E-4		403	81.77
26	1	7.4460165E-4		374	87.98
27	1	2.4820055E-4		364	89.36
28	1	0.0010906606		362	91.24
29	1	8.4245997E-4		363	91.22
30	1	0.05812974		374	87.98
31	1	0.0		77	96.33
32	1	0.0		75	101.33
33	1	0.25610784		403	81.77
34	1	2.4820055E-4		404	81.76
35	1	0.01642797		404	81.76
36	1	2.4820055E-4		363	91.22
37	1	0.05812974		364	89.36
38	1	0.0		363	91.22
39	1	0.0		75	101.33
40	1	0.006453214		403	81.77
41	1	0.210615		75	101.33
42	1	0.0		363	91.22
43	1	0.0		364	89.36
44	1	0.9804244		3965	78.59
45	1	0.0		77	96.33
46	1	0.0		364	89.36
47	1	0.01667617		405	81.37
48	1	0.0		77	96.33
49	1	0.07834878		363	91.22
50	1	4.964011E-4		77	96.33
51	1	0.0		403	81.77
52	1	0.0		403	81.77
53	1	0.0		363	91.22
54	1	0.0024820054		364	89.36
55	1	0.0		363	91.22
56	1	0.0		404	81.76
57	1	0.0		404	81.76
58	1	0.0		75	101.33
59	1	0.0		403	81.77
60	1	0.0		77	96.33
61	1	0.0		75	101.33
62	1	2.4820055E-4		363	91.22
63	1	0.0		364	89.36
64	1	0.0		77	96.33
65	1	0.0		75	101.33
66	1	0.0		363	91.22
67	1	0.0		363	91.22
68	1	0.0		364	89.36
69	1	0.0		77	96.33
70	1	0.0		75	101.33
71	1	0.0		364	89.36
72	1	0.0		77	96.33
73	1	0.0		364	89.36
74	1	0.0		77	96.33
75	1	0.0		364	89.36
76	1	4.964011E-4		75	101.33
77	1	0.0		364	89.36
78	1	4.2122998E-4		404	81.76
79	1	0.211856		77	96.33


Run no: 11
0	1	2000.0		3558	77.24
1	1	2000.0		63	92.38
2	1	0.8587818		247	86.17
3	1	0.8171702		3073	82.65
4	1	0.3313301		3424	81.59
5	1	0.32565886		3546	78.33
6	1	0.2324967		247	86.17
7	1	0.2324967		3073	82.65
8	1	0.19768795		72	88.75
9	1	0.19711572		64	91.73
10	1	0.099389955		209	86.93
11	1	0.069621824		3109	82.52
12	1	0.06793778		3316	82.35
13	1	0.06644593		82	86.96
14	1	0.06472919		76	87.94
15	1	0.05105652		75	88.7
16	1	0.05019815		76	87.94
17	1	0.04522161		64	91.73
18	1	0.04293263		63	92.38
19	1	0.04148784		3254	82.38
20	1	0.03831913		82	86.96
21	1	0.03288279		3316	82.35
22	1	0.026986655		3254	82.38
23	1	0.010872675		247	86.17
24	1	0.01030043		3073	82.65
25	1	0.00330251		75	88.7
26	1	0.00330251		72	88.75
27	1	0.0022889844		72	88.75
28	1	0.001981506		3254	82.38
29	1	0.0017167382		76	87.94
30	1	2.8612305E-4		75	88.7
31	1	2.8612305E-4		76	87.94
32	1	2.8612305E-4		63	92.38
33	1	0.0		63	92.38
34	1	0.0		72	88.75
35	1	0.0		76	87.94
36	1	0.0		75	88.7
37	1	0.0		63	92.38
38	1	0.0		3254	82.38
39	1	0.0		72	88.75
40	1	0.0		75	88.7
41	1	0.0		72	88.75
42	1	0.0		3254	82.38
43	1	0.0		76	87.94
44	1	0.0		76	87.94
45	1	0.0		63	92.38
46	1	0.0		63	92.38
47	1	0.0		76	87.94
48	1	0.0		3254	82.38
49	1	0.0		72	88.75
50	1	0.0		72	88.75
51	1	0.0		76	87.94
52	1	0.0		72	88.75
53	1	0.0		75	88.7
54	1	0.0		75	88.7
55	1	0.0		63	92.38
56	1	0.0		63	92.38
57	1	0.0		72	88.75
58	1	0.0		75	88.7
59	1	0.0		76	87.94
60	1	0.0		76	87.94
61	1	0.0		76	87.94
62	1	0.0		76	87.94
63	1	0.0		75	88.7
64	1	0.0		63	92.38
65	1	0.0		63	92.38
66	1	0.0		72	88.75
67	1	0.0		63	92.38
68	1	0.0		72	88.75
69	1	0.0		75	88.7
70	1	0.0		76	87.94
71	1	0.0		63	92.38
72	1	0.0		72	88.75
73	1	0.0		76	87.94
74	1	0.0		72	88.75
75	1	0.0		76	87.94
76	1	0.0		76	87.94
77	1	0.0		72	88.75
78	1	0.0		63	92.38
79	1	0.0		63	92.38


Run no: 12
0	1	2000.0		3094	74.66
1	1	1000.0		78	92.21
2	1	1000.0		78	92.21
3	1	0.9767904		148	84.35
4	1	0.5521368		148	84.35
5	1	0.30441105		84	87.24
6	1	0.28319088		78	92.21
7	1	0.16467236		84	87.24
8	1	0.16467236		148	84.35
9	1	0.021220159		148	84.35
10	1	0.00198939		84	87.24
11	1	0.00198939		78	92.21
12	1	0.0		78	92.21
13	1	0.0		78	92.21
14	1	0.0		84	87.24
15	1	0.0		84	87.24
16	1	0.0		148	84.35
17	1	0.0		84	87.24
18	1	0.0		84	87.24
19	1	0.0		84	87.24
20	1	0.0		78	92.21
21	1	0.0		84	87.24
22	1	0.0		84	87.24
23	1	0.0		84	87.24
24	1	0.0		84	87.24
25	1	0.0		84	87.24
26	1	0.0		84	87.24
27	1	0.0		78	92.21
28	1	0.0		78	92.21
29	1	0.0		84	87.24
30	1	0.0		84	87.24
31	1	0.0		84	87.24
32	1	0.0		78	92.21
33	1	0.0		84	87.24
34	1	0.0		84	87.24
35	1	0.0		84	87.24
36	1	0.0		78	92.21
37	1	0.0		78	92.21
38	1	0.0		78	92.21
39	1	0.0		84	87.24
40	1	0.0		84	87.24
41	1	0.0		84	87.24
42	1	0.0		78	92.21
43	1	0.0		84	87.24
44	1	0.0		84	87.24
45	1	0.0		84	87.24
46	1	0.0		84	87.24
47	1	0.0		84	87.24
48	1	0.0		84	87.24
49	1	0.0		78	92.21
50	1	0.0		84	87.24
51	1	0.0		84	87.24
52	1	0.0		84	87.24
53	1	0.0		84	87.24
54	1	0.0		84	87.24
55	1	0.0		84	87.24
56	1	0.0		84	87.24
57	1	0.0		84	87.24
58	1	0.0		84	87.24
59	1	0.0		148	84.35
60	1	0.0		78	92.21
61	1	0.0		78	92.21
62	1	0.0		78	92.21
63	1	0.0		84	87.24
64	1	0.0		84	87.24
65	1	0.0		84	87.24
66	1	0.0		84	87.24
67	1	0.0		84	87.24
68	1	0.0		84	87.24
69	1	0.0		84	87.24
70	1	0.0		84	87.24
71	1	0.0		84	87.24
72	1	0.0		84	87.24
73	1	0.0		148	84.35
74	1	0.0		84	87.24
75	1	0.0		84	87.24
76	1	0.0		84	87.24
77	1	0.0		84	87.24
78	1	0.0		84	87.24
79	1	0.0		84	87.24


Run no: 13
0	1	1000.0		3756	77.31
1	1	1000.0		70	99.95
2	1	1000.0		3756	77.31
3	1	1000.0		70	99.95
4	1	0.8546475		448	86.29
5	1	0.8201952		3411	77.76
6	1	0.37920845		448	86.29
7	1	0.37676677		3411	77.76
8	1	0.31954807		79	98.52
9	1	0.3184629		83	91.31
10	1	0.19400813		93	90.82
11	1	0.18411371		409	88.92
12	1	0.106684595		3423	77.39
13	1	0.090341836		3756	77.31
14	1	0.0670302		439	87.44
15	1	0.03590968		79	98.52
16	1	0.0340106		72	99.29
17	1	0.031190025		435	88.44
18	1	0.031051021		72	99.29
19	1	0.030918729		437	87.74
20	1	0.029151943		70	99.95
21	1	0.022728296		83	91.31
22	1	0.013250884		437	87.74
23	1	0.010701604		435	88.44
24	1	0.010430307		434	88.67
25	1	0.00795053		433	88.74
26	1	0.0067891306		3423	77.39
27	1	0.0065111234		433	88.74
28	1	0.003533569		3756	77.31
29	1	0.0033631695		434	88.67
30	1	0.0032555617		3411	77.76
31	1	0.003091873		433	88.74
32	1	0.002712968		83	91.31
33	1	5.425936E-4		72	99.29
34	1	5.425936E-4		437	87.74
35	1	5.425936E-4		437	87.74
36	1	5.425936E-4		70	99.95
37	1	2.712968E-4		433	88.74
38	1	0.0		3756	77.31
39	1	0.0		70	99.95
40	1	0.0		79	98.52
41	1	0.0		83	91.31
42	1	0.0		3423	77.39
43	1	0.0		72	99.29
44	1	0.0		437	87.74
45	1	0.0		72	99.29
46	1	0.0		70	99.95
47	1	0.0		437	87.74
48	1	0.0		435	88.44
49	1	0.0		433	88.74
50	1	0.0		433	88.74
51	1	0.0		72	99.29
52	1	0.0		83	91.31
53	1	0.0		70	99.95
54	1	0.0		437	87.74
55	1	0.0		433	88.74
56	1	0.0		83	91.31
57	1	0.0		72	99.29
58	1	0.0		437	87.74
59	1	0.0		83	91.31
60	1	0.0		437	87.74
61	1	0.0		83	91.31
62	1	0.0		72	99.29
63	1	0.0		437	87.74
64	1	0.0		72	99.29
65	1	0.0		70	99.95
66	1	0.0		83	91.31
67	1	0.0		72	99.29
68	1	0.0		70	99.95
69	1	0.0		433	88.74
70	1	0.0		70	99.95
71	1	0.0		433	88.74
72	1	0.0		70	99.95
73	1	0.0		70	99.95
74	1	0.0		72	99.29
75	1	0.0		72	99.29
76	1	0.0		72	99.29
77	1	0.0		70	99.95
78	1	0.0		83	91.31
79	1	0.0		83	91.31


Run no: 14
0	1	2000.0		3238	78.59
1	1	1000.0019		75	90.58
2	1	1000.0		75	90.58
3	1	0.94901353		2937	79.15
4	1	0.9023079		83	87.58
5	1	0.7982487		2937	79.15
6	1	0.7030859		83	87.58
7	1	0.12700118		81	89.08
8	1	0.12573656		81	89.08
9	1	0.12510425		75	90.58
10	1	0.12510425		83	87.58
11	1	6.323111E-4		83	87.58
12	1	0.0		75	90.58
13	1	0.0		83	87.58
14	1	0.0		81	89.08
15	1	0.0		75	90.58
16	1	0.0		83	87.58
17	1	0.0		81	89.08
18	1	0.0		81	89.08
19	1	0.0		75	90.58
20	1	0.0		83	87.58
21	1	0.0		83	87.58
22	1	0.0		75	90.58
23	1	0.0		75	90.58
24	1	0.0		81	89.08
25	1	0.0		75	90.58
26	1	0.0		75	90.58
27	1	0.0		75	90.58
28	1	0.0		83	87.58
29	1	0.0		83	87.58
30	1	0.0		83	87.58
31	1	0.0		75	90.58
32	1	0.0		83	87.58
33	1	0.0		83	87.58
34	1	0.0		75	90.58
35	1	0.0		75	90.58
36	1	0.0		83	87.58
37	1	0.0		75	90.58
38	1	0.0		75	90.58
39	1	0.0		75	90.58
40	1	0.0		83	87.58
41	1	0.0		75	90.58
42	1	0.0		75	90.58
43	1	0.0		75	90.58
44	1	0.0		75	90.58
45	1	0.0		75	90.58
46	1	0.0		75	90.58
47	1	0.0		75	90.58
48	1	0.0		75	90.58
49	1	0.0		75	90.58
50	1	0.0		75	90.58
51	1	0.0		75	90.58
52	1	0.0		75	90.58
53	1	0.0		75	90.58
54	1	0.0		75	90.58
55	1	0.0		75	90.58
56	1	0.0		75	90.58
57	1	0.0		75	90.58
58	1	0.0		75	90.58
59	1	0.0		75	90.58
60	1	0.0		75	90.58
61	1	0.0		75	90.58
62	1	0.0		75	90.58
63	1	0.0		75	90.58
64	1	0.0		75	90.58
65	1	0.0		75	90.58
66	1	0.0		75	90.58
67	1	0.0		75	90.58
68	1	0.0		75	90.58
69	1	0.0		75	90.58
70	1	0.0		75	90.58
71	1	0.0		75	90.58
72	1	0.0		75	90.58
73	1	0.0		75	90.58
74	1	0.0		75	90.58
75	1	0.0		75	90.58
76	1	0.0		75	90.58
77	1	0.0		75	90.58
78	1	0.0		75	90.58
79	1	0.0		75	90.58


Run no: 15
0	1	1000.0289		3466	82.11
1	1	1000.02655		3466	82.11
2	1	1000.0		71	101.34
3	1	0.0		71	101.34
4	1	1.0881646		3276	82.68
5	1	0.0		138	85.25
6	1	0.0		76	100.39
7	1	0.0		80	89.29
8	1	0.009425626		138	85.25
9	1	0.12790689		90	87.52
10	1	0.08481424		96	86.69
11	1	0.08268331		89	89.11
12	1	0.055387042		3368	82.62
13	1	0.001472754		76	100.39
14	1	0.0		71	101.34
15	1	1.0579457		138	85.25
16	1	0.014625834		106	85.84
17	1	0.0		99	85.94
18	1	0.027098674		3368	82.62
19	1	0.0		80	89.29
20	1	0.0		89	89.11
21	1	0.03274308		106	85.84
22	1	8.836524E-4		99	85.94
23	1	0.0026509573		89	89.11
24	1	0.0072620637		99	85.94
25	1	0.0		76	100.39
26	1	0.0		71	101.34
27	1	0.049401976		76	100.39
28	1	0.009360374		80	89.29
29	1	0.0		89	89.11
30	1	0.0		138	85.25
31	1	0.0		138	85.25
32	1	0.009360374		89	89.11
33	1	0.0031201248		3368	82.62
34	1	0.0		89	89.11
35	1	0.0		80	89.29
36	1	0.0		80	89.29
37	1	0.0		71	101.34
38	1	0.0		99	85.94
39	1	0.0		80	89.29
40	1	0.0		71	101.34
41	1	0.0		80	89.29
42	1	0.0		71	101.34
43	1	2.9455082E-4		89	89.11
44	1	0.049401976		71	101.34
45	1	0.22724909		80	89.29
46	1	0.0		89	89.11
47	1	0.0026509573		80	89.29
48	1	5.8910163E-4		80	89.29
49	1	0.0		71	101.34
50	1	0.0		89	89.11
51	1	0.0		80	89.29
52	1	0.0		80	89.29
53	1	1000.0		71	101.34
54	1	0.0		89	89.11
55	1	0.0		89	89.11
56	1	0.0		138	85.25
57	1	0.0		80	89.29
58	1	0.0		71	101.34
59	1	0.0		71	101.34
60	1	0.0		71	101.34
61	1	0.001472754		71	101.34
62	1	0.349974		76	100.39
63	1	0.030681226		138	85.25
64	1	5.8910163E-4		76	100.39
65	1	0.0		89	89.11
66	1	0.03900156		99	85.94
67	1	0.57840127		78	93.66
68	2	2000.0		78	94.71
69	2	NaN		78	94.71
70	2	NaN		78	94.71
71	2	NaN		78	94.71
72	2	NaN		78	94.71
73	2	NaN		78	94.71
74	2	NaN		78	94.71
75	2	NaN		78	94.71
76	2	NaN		78	94.71
77	2	NaN		78	94.71
78	2	NaN		78	94.71
79	2	NaN		78	94.71


Run no: 16
0	1	2000.0		4724	77.0
1	1	1000.0		69	100.58
2	1	1000.0		69	100.58
3	1	0.7638542		3644	79.47
4	1	0.75961334		108	85.04
5	1	0.2856262		77	98.55
6	1	0.28541136		78	91.82
7	1	0.2576779		3716	77.97
8	1	0.23750608		3644	79.47
9	1	0.23621713		108	85.04
10	1	0.15225323		80	91.32
11	1	0.1520384		86	87.74
12	1	0.07908047		3650	79.37
13	1	0.07355065		3716	77.97
14	1	0.06404287		75	98.72
15	1	0.06382805		74	100.22
16	1	0.044744086		90	85.99
17	1	0.044529263		89	87.04
18	1	0.025445292		91	85.39
19	1	0.025445292		90	85.99
20	1	0.02120441		78	91.82
21	1	0.02120441		80	91.32
22	1	0.018495074		108	85.04
23	1	0.017178351		89	87.04
24	1	0.016963528		87	87.44
25	1	0.015267176		69	100.58
26	1	0.015267176		74	100.22
27	1	0.014843088		91	85.39
28	1	0.014011583		86	87.74
29	1	0.013152292		87	87.44
30	1	0.007639145		77	98.55
31	1	0.0072094994		75	98.72
32	1	0.003651987		91	85.39
33	1	0.0012889366		80	91.32
34	1	0.0010741139		74	100.22
35	1	0.0010741139		69	100.58
36	1	4.2964553E-4		78	91.82
37	1	4.2964553E-4		89	87.04
38	1	2.1482276E-4		78	91.82
39	1	2.1482276E-4		75	98.72
40	1	2.1482276E-4		91	85.39
41	1	2.1482276E-4		90	85.99
42	1	2.1482276E-4		87	87.44
43	1	0.0		69	100.58
44	1	0.0		108	85.04
45	1	0.0		3644	79.47
46	1	0.0		3644	79.47
47	1	0.0		86	87.74
48	1	0.0		74	100.22
49	1	0.0		89	87.04
50	1	0.0		90	85.99
51	1	0.0		90	85.99
52	1	0.0		80	91.32
53	1	0.0		89	87.04
54	1	0.0		69	100.58
55	1	0.0		86	87.74
56	1	0.0		80	91.32
57	1	0.0		74	100.22
58	1	0.0		69	100.58
59	1	0.0		78	91.82
60	1	0.0		78	91.82
61	1	0.0		90	85.99
62	1	0.0		86	87.74
63	1	0.0		3716	77.97
64	1	0.0		77	98.55
65	1	0.0		74	100.22
66	1	0.0		3644	79.47
67	1	0.0		89	87.04
68	1	0.0		80	91.32
69	1	0.0		3716	77.97
70	1	0.0		87	87.44
71	1	0.0		74	100.22
72	1	0.0		91	85.39
73	1	0.0		108	85.04
74	1	0.0		69	100.58
75	1	0.0		89	87.04
76	1	0.0		74	100.22
77	1	0.0		91	85.39
78	1	0.0		86	87.74
79	1	0.0		90	85.99


Run no: 17
0	1	2000.0		3829	72.75
1	1	1000.0		63	98.92
2	1	0.0		63	98.92
3	1	1.057796		3581	76.51
4	1	0.9941697		964	82.81
5	1	0.0101487255		71	98.71
6	1	2.6553372E-4		75	90.83
7	1	0.14910078		115	85.96
8	1	0.052310143		593	85.59
9	1	0.034273636		3641	73.73
10	1	0.10457686		102	86.08
11	1	0.09653952		91	88.53
12	1	0.09084013		793	84.03
13	1	0.087367795		3825	73.25
14	1	0.065225415		77	90.73
15	1	0.0		80	89.03
16	1	0.057349905		790	85.51
17	1	0.052310143		790	85.51
18	1	0.0030569355		593	85.59
19	1	0.048858207		3641	73.73
20	1	0.002920871		804	83.23
21	1	0.10622851		3641	73.73
22	1	0.0		804	83.23
23	1	0.022026718		91	88.53
24	1	0.0		80	89.03
25	1	0.0010621349		3829	72.75
26	1	0.01604891		804	83.23
27	1	0.0		593	85.59
28	1	0.30217028		71	98.71
29	1	0.0		63	98.92
30	1	0.0043522366		76	90.79
31	1	0.0030893027		77	90.73
32	1	0.0030569355		790	85.51
33	1	0.0		593	85.59
34	1	0.0		80	89.03
35	1	0.008024455		63	98.92
36	1	0.0015284678		75	90.83
37	1	0.0		75	90.83
38	1	0.0		3829	72.75
39	1	0.019105846		80	89.03
40	1	0.0		790	85.51
41	1	0.019105846		3829	72.75
42	1	0.0		63	98.92
43	1	0.30110815		75	90.83
44	1	0.12692513		593	85.59
45	1	0.0		80	89.03
46	1	0.0		593	85.59
47	1	0.07305475		804	83.23
48	1	0.0		80	89.03
49	1	0.0		593	85.59
50	1	0.0		63	98.92
51	1	0.0		593	85.59
52	1	0.0		75	90.83
53	1	0.0		75	90.83
54	1	0.0		63	98.92
55	1	0.0		63	98.92
56	1	0.0010621349		75	90.83
57	1	0.0		80	89.03
58	1	0.0		80	89.03
59	1	0.014138326		593	85.59
60	1	0.0		75	90.83
61	1	0.0		75	90.83
62	1	0.0		75	90.83
63	1	0.0		80	89.03
64	1	0.0		75	90.83
65	1	1000.0		63	98.92
66	1	0.0		75	90.83
67	1	7.966012E-4		80	89.03
68	1	0.0		75	90.83
69	1	0.0		63	98.92
70	1	0.0		63	98.92
71	1	0.0		75	90.83
72	1	0.0		80	89.03
73	1	0.0		63	98.92
74	1	0.0		75	90.83
75	1	0.0		80	89.03
76	1	0.0		63	98.92
77	1	0.0		75	90.83
78	1	0.0021242697		63	98.92
79	1	0.06788075		80	89.03


Run no: 18
0	1	2000.0		2973	84.74
1	1	1000.19946		67	99.93
2	1	0.0		67	99.93
3	1	0.019180764		440	88.11
4	1	1.039565		2822	88.08
5	1	0.053936444		2822	88.08
6	1	0.0		148	93.77
7	1	0.0		376	90.61
8	1	0.1012477		75	96.9
9	1	0.0		67	99.93
10	1	0.13144061		390	89.57
11	1	0.0		148	93.77
12	1	0.004473503		88	95.43
13	1	0.0		88	95.43
14	1	0.20222627		75	96.9
15	1	0.0		148	93.77
16	1	0.0		376	90.61
17	1	0.017774852		389	89.84
18	1	0.0		377	90.3
19	1	0.0		376	90.61
20	1	0.0		377	90.3
21	1	0.9157993		440	88.11
22	1	0.0041293874		389	89.84
23	1	0.10928242		88	95.43
24	1	0.03028308		377	90.3
25	1	0.0		67	99.93
26	1	0.0		376	90.61
27	1	3.4411563E-4		377	90.3
28	1	0.0		389	89.84
29	1	0.0		67	99.93
30	1	0.020408163		376	90.61
31	1	0.0		67	99.93
32	1	0.0		88	95.43
33	1	0.0		88	95.43
34	1	0.0		376	90.61
35	1	0.030627197		389	89.84
36	1	0.0		377	90.3
37	1	0.0		376	90.61
38	1	0.0041293874		377	90.3
39	1	0.0		148	93.77
40	1	0.0		377	90.3
41	1	0.0		67	99.93
42	1	0.0		377	90.3
43	1	0.0		376	90.61
44	1	0.0		67	99.93
45	1	3.4411563E-4		376	90.61
46	1	1000.0		67	99.93
47	1	0.020646937		148	93.77
48	1	0.0		88	95.43
49	1	0.2080316		148	93.77
50	1	0.0		376	90.61
51	1	0.0		376	90.61
52	1	0.0		148	93.77
53	1	0.09677419		88	95.43
54	1	0.0		376	90.61
55	1	0.0		67	99.93
56	1	0.0		148	93.77
57	1	0.0		88	95.43
58	1	0.0		377	90.3
59	1	0.0		377	90.3
60	1	0.07845836		376	90.61
61	1	0.0		88	95.43
62	1	0.0		67	99.93
63	1	0.0		376	90.61
64	1	0.0		377	90.3
65	1	0.0		148	93.77
66	1	0.0		376	90.61
67	1	0.0		88	95.43
68	1	0.0		88	95.43
69	1	0.0		377	90.3
70	1	0.002752925		67	99.93
71	1	0.0		88	95.43
72	1	0.0		377	90.3
73	1	0.0		148	93.77
74	1	0.020408163		377	90.3
75	1	0.2080316		376	90.61
76	1	0.0		148	93.77
77	1	0.0		88	95.43
78	1	0.020646937		88	95.43
79	1	0.18774079		148	93.77


Run no: 19
0	1	1000.44055		66	113.42
1	1	2000.0		3413	74.9
2	1	0.8967207		961	80.96
3	1	1000.00146		66	113.42
4	1	0.008243616		71	96.45
5	1	0.27267036		203	84.61
6	1	0.044926316		935	83.85
7	1	0.0		83	91.97
8	1	0.0		78	96.19
9	1	0.0		85	89.42
10	1	0.0014938752		83	91.97
11	1	0.0		86	89.22
12	1	0.0		89	87.14
13	1	0.04960751		111	84.87
14	1	0.044926316		942	82.2
15	1	0.0051821023		102	87.09
16	1	0.23843333		935	83.85
17	1	0.0		103	85.37
18	1	0.031064304		942	82.2
19	1	0.004413292		953	81.13
20	1	0.0		103	85.37
21	1	0.0		953	81.13
22	1	0.0014938752		78	96.19
23	1	0.0		71	96.45
24	1	0.0054908833		85	89.42
25	1	0.005192108		86	89.22
26	1	0.044950902		102	87.09
27	1	0.0		89	87.14
28	1	0.0		953	81.13
29	1	0.0023902003		103	85.37
30	1	0.0067497403		78	96.19
31	1	0.0		71	96.45
32	1	0.0020914252		78	96.19
33	1	0.0		71	96.45
34	1	0.06619938		83	91.97
35	1	0.0		89	87.14
36	1	0.001298027		89	87.14
37	1	2.9877503E-4		86	89.22
38	1	0.0		83	91.97
39	1	2.9877503E-4		103	85.37
40	1	0.0		86	89.22
41	1	0.0		953	81.13
42	1	0.0		71	96.45
43	1	0.0		83	91.97
44	1	5.9755007E-4		83	91.97
45	1	0.0		85	89.42
46	1	0.0		103	85.37
47	1	0.01298027		103	85.37
48	1	0.0		85	89.42
49	1	0.0		953	81.13
50	1	0.0		71	96.45
51	1	0.0		71	96.45
52	1	0.10955348		78	96.19
53	1	0.0		83	91.97
54	1	0.0		89	87.14
55	1	0.05489425		86	89.22
56	1	0.0		89	87.14
57	1	0.0		85	89.42
58	1	0.10955348		83	91.97
59	1	0.0		103	85.37
60	1	0.06679693		85	89.42
61	1	0.0		953	81.13
62	1	0.0023902003		953	81.13
63	1	0.0032865251		953	81.13
64	1	0.0038840752		89	87.14
65	1	0.0		103	85.37
66	1	0.0		103	85.37
67	1	8.9632504E-4		89	87.14
68	1	0.0		71	96.45
69	1	0.0		83	91.97
70	1	0.0		89	87.14
71	1	0.0		71	96.45
72	1	0.027777778		953	81.13
73	1	0.0		85	89.42
74	1	0.0		83	91.97
75	1	0.0		85	89.42
76	1	0.0		89	87.14
77	1	0.04465213		103	85.37
78	1	0.053997923		89	87.14
79	1	0.4426418		71	96.45


Run no: 20
0	1	1000.0		72	88.75
1	1	0.0		72	88.75
2	1	0.0		72	88.75
3	1	0.0		72	88.75
4	1	1000.0		72	88.75
5	1	0.8867403		72	88.75
6	1	0.0		72	88.75
7	1	0.0		72	88.75
8	1	0.0		72	88.75
9	1	0.0		72	88.75
10	1	0.0		72	88.75
11	1	0.0		72	88.75
12	1	0.0		72	88.75
13	1	0.0		72	88.75
14	1	0.0		72	88.75
15	1	1000.1579		4765	81.51
16	1	0.0		72	88.75
17	1	0.0		72	88.75
18	1	0.0		72	88.75
19	1	0.0		72	88.75
20	1	0.0		4765	81.51
21	1	1000.0967		4765	81.51
22	1	0.0		72	88.75
23	1	0.0		72	88.75
24	1	0.0		72	88.75
25	1	0.0		72	88.75
26	1	1.1075064		4024	82.21
27	1	0.0		72	88.75
28	1	0.0		72	88.75
29	1	0.0057532494		72	88.75
30	1	1.7454202		99	82.33
31	2	0.038831666		626	86.77
32	2	0.10932805		614	86.95
33	2	1.0024916		3578	86.01
34	2	0.0		626	86.77
35	2	0.0		626	86.77
36	2	1000.0		608	87.3
37	2	1000.0		608	87.3
38	2	0.0		626	86.77
39	2	0.77768946		3709	84.12
40	2	0.07049638		608	87.3
41	2	0.14931238		626	86.77
42	2	0.0		626	86.77
43	2	0.11049093		3578	86.01
44	2	0.40917757		3668	85.58
45	2	0.0		626	86.77
46	2	0.8531792		626	86.77
47	2	1000.10376		4068	82.21
48	2	1000.37524		4068	82.21
49	3	2000.0		3727	85.14
50	3	1.3865668		3708	85.89
51	3	2000.0		614	87.05
52	3	0.6134333		3708	85.89
53	4	0.008741259		3778	85.51
54	4	0.030482115		3796	85.36
55	4	0.0		3778	85.51
56	4	0.0		3778	85.51
57	4	0.92029715		3796	85.36
58	4	0.753714		3763	85.56
59	4	1000.0		614	87.23
60	4	0.29195803		614	87.23
61	4	0.0		614	87.23
62	4	0.0		614	87.23
63	4	0.026223777		3778	85.51
64	4	0.0		614	87.23
65	4	1000.0		614	87.23
66	4	0.003548616		3778	85.51
67	4	0.0		614	87.23
68	4	0.29550666		3763	85.56
69	4	0.0		614	87.23
70	4	0.74497277		614	87.23
71	4	0.0042583393		3778	85.51
72	4	1000.2472		4841	81.51
73	4	0.0		4841	81.51
74	4	1000.6731		4841	81.51
75	5	2000.0		609	87.3
76	5	NaN		609	87.3
77	5	NaN		609	87.3
78	5	NaN		609	87.3
79	5	NaN		609	87.3


Run no: 21
0	1	2000.0		3957	82.56
1	1	1000.0		70	94.42
2	1	1000.0		70	94.42
3	1	1.1446235		3338	83.87
4	1	0.82685876		124	84.44
5	1	0.2697041		3957	82.56
6	1	0.26897132		74	91.23
7	1	0.26897132		70	94.42
8	1	0.22596964		83	88.55
9	1	0.22596964		74	91.23
10	1	0.19548775		96	85.93
11	1	0.13283588		124	84.44
12	1	0.07925801		91	86.87
13	1	0.07925801		84	87.81
14	1	0.06419548		84	87.81
15	1	0.062394604		83	88.55
16	1	0.062394604		95	86.67
17	1	0.048060708		124	84.44
18	1	0.018664282		91	86.87
19	1	0.017892478		95	86.67
20	1	0.0023154104		83	88.55
21	1	0.0023154104		74	91.23
22	1	0.0010290713		91	86.87
23	1	0.0010290713		74	91.23
24	1	0.0010290713		70	94.42
25	1	2.5726782E-4		84	87.81
26	1	2.5726782E-4		95	86.67
27	1	2.5726782E-4		83	88.55
28	1	0.0		70	94.42
29	1	0.0		74	91.23
30	1	0.0		70	94.42
31	1	0.0		83	88.55
32	1	0.0		91	86.87
33	1	0.0		84	87.81
34	1	0.0		95	86.67
35	1	0.0		91	86.87
36	1	0.0		124	84.44
37	1	0.0		83	88.55
38	1	0.0		74	91.23
39	1	0.0		74	91.23
40	1	0.0		74	91.23
41	1	0.0		70	94.42
42	1	0.0		74	91.23
43	1	0.0		83	88.55
44	1	0.0		124	84.44
45	1	0.0		84	87.81
46	1	0.0		95	86.67
47	1	0.0		95	86.67
48	1	0.0		83	88.55
49	1	0.0		84	87.81
50	1	0.0		95	86.67
51	1	0.0		70	94.42
52	1	0.0		83	88.55
53	1	0.0		70	94.42
54	1	0.0		83	88.55
55	1	0.0		84	87.81
56	1	0.0		83	88.55
57	1	0.0		83	88.55
58	1	0.0		95	86.67
59	1	0.0		74	91.23
60	1	0.0		70	94.42
61	1	0.0		84	87.81
62	1	0.0		70	94.42
63	1	0.0		74	91.23
64	1	0.0		70	94.42
65	1	0.0		74	91.23
66	1	0.0		83	88.55
67	1	0.0		95	86.67
68	1	0.0		74	91.23
69	1	0.0		83	88.55
70	1	0.0		83	88.55
71	1	0.0		83	88.55
72	1	0.0		95	86.67
73	1	0.0		95	86.67
74	1	0.0		74	91.23
75	1	0.0		70	94.42
76	1	0.0		70	94.42
77	1	0.0		74	91.23
78	1	0.0		83	88.55
79	1	0.0		95	86.67


Run no: 22
0	1	2000.0		3735	80.01
1	1	0.049384926		3735	80.01
2	1	2000.0		70	96.47
3	1	0.6968408		70	96.47
4	1	1.0867581		2922	81.86
5	1	0.96648175		455	83.98
6	1	0.049384926		3721	80.76
7	1	0.28483686		3721	80.76
8	1	0.0		70	96.47
9	1	0.0		70	96.47
10	1	0.0		70	96.47
11	1	0.0		70	96.47
12	1	0.0		70	96.47
13	1	0.0		70	96.47
14	1	0.0		70	96.47
15	1	0.0		70	96.47
16	1	0.0		70	96.47
17	1	0.0024556618		70	96.47
18	1	0.863857		79	85.0
19	2	1000.0222		83	96.17
20	2	1000.0118		83	96.17
21	2	1000.0		443	85.15
22	2	1000.0		443	85.15
23	2	1.115976		168	89.03
24	2	0.7638889		443	85.15
25	2	0.39512		101	91.74
26	2	0.3520871		443	85.15
27	2	0.32524702		156	90.53
28	2	0.237805		92	95.84
29	2	0.23502722		94	93.25
30	2	0.12976407		100	93.17
31	2	0.09113228		161	89.82
32	2	0.0783172		157	89.87
33	2	0.07168784		168	89.03
34	2	0.023926195		94	93.25
35	2	0.022222223		91	96.04
36	2	0.019444445		168	89.03
37	2	0.01814882		92	95.84
38	2	0.01814882		91	96.04
39	2	0.016666668		100	93.17
40	2	0.015648317		161	89.82
41	2	0.011796733		91	96.04
42	2	0.010037306		100	93.17
43	2	0.0055555557		92	95.84
44	2	0.0055555557		94	93.25
45	2	0.0027777778		91	96.04
46	2	0.0		94	93.25
47	2	0.0		100	93.17
48	2	0.0		443	85.15
49	2	0.0		83	96.17
50	2	0.0		94	93.25
51	2	0.0		443	85.15
52	2	0.0		100	93.17
53	2	0.0		94	93.25
54	2	0.0		91	96.04
55	2	0.0		100	93.17
56	2	0.0		443	85.15
57	2	0.0		94	93.25
58	2	0.0		92	95.84
59	2	0.0		443	85.15
60	2	0.0		92	95.84
61	2	0.0		100	93.17
62	2	0.0		100	93.17
63	2	0.0		92	95.84
64	2	0.0		92	95.84
65	2	0.0		443	85.15
66	2	0.0		92	95.84
67	2	0.0		100	93.17
68	2	0.0		94	93.25
69	2	0.0		94	93.25
70	2	0.0		92	95.84
71	2	0.0		94	93.25
72	2	0.0		100	93.17
73	2	0.0		100	93.17
74	2	0.0		94	93.25
75	2	0.0		94	93.25
76	2	0.0		94	93.25
77	2	0.0		443	85.15
78	2	0.0		94	93.25
79	2	0.0		94	93.25


Run no: 23
0	1	2000.0		5525	78.78
1	1	1000.0		72	96.35
2	1	0.0		72	96.35
3	1	0.83877146		3345	85.04
4	1	0.587725		196	87.71
5	1	0.050614342		5135	79.88
6	1	0.46170864		3567	82.94
7	1	0.25305125		78	94.28
8	1	0.008802494		82	90.35
9	1	0.03667706		3567	82.94
10	1	0.28754812		5135	79.88
11	1	0.15343066		196	87.71
12	1	0.0040344764		3367	83.19
13	1	0.094820425		160	88.01
14	1	0.0903052		152	89.44
15	1	0.0		77	94.78
16	1	0.026750142		75	95.88
17	1	0.08931667		5411	79.2
18	1	0.020710118		5411	79.2
19	1	0.038702335		5135	79.88
20	1	0.22367673		82	90.35
21	1	0.0		130	89.5
22	1	0.14197017		3367	83.19
23	1	0.0		77	94.78
24	1	0.0		75	95.88
25	1	0.0		72	96.35
26	1	0.01033314		5496	79.11
27	1	0.019363588		5512	78.98
28	1	0.014228799		3367	83.19
29	1	0.013767048		5524	78.86
30	1	0.0		188	87.89
31	1	0.0034149117		130	89.5
32	1	0.04911146		82	90.35
33	1	0.0102447355		188	87.89
34	1	0.0		5496	79.11
35	1	0.011964612		188	87.89
36	1	0.0		130	89.5
37	1	0.0		130	89.5
38	1	0.020710118		5496	79.11
39	1	0.0		82	90.35
40	1	3.6677058E-4		75	95.88
41	1	0.0		72	96.35
42	1	0.028640984		77	94.78
43	1	0.062606715		75	95.88
44	1	0.026750142		72	96.35
45	1	0.1741605		5135	79.88
46	1	0.0014670823		188	87.89
47	1	0.0		77	94.78
48	1	0.014228799		3567	82.94
49	1	0.0		130	89.5
50	1	0.0		72	96.35
51	1	0.0040344764		130	89.5
52	1	0.0		130	89.5
53	1	0.0		130	89.5
54	1	0.0		77	94.78
55	1	5.501559E-4		75	95.88
56	1	0.0		77	94.78
57	1	0.0		72	96.35
58	1	0.0		77	94.78
59	1	0.0		77	94.78
60	1	0.0		72	96.35
61	1	0.0		130	89.5
62	1	0.0		72	96.35
63	1	3.6677058E-4		77	94.78
64	1	0.0		75	95.88
65	1	0.0		77	94.78
66	1	0.0		72	96.35
67	1	0.0		77	94.78
68	1	0.0		72	96.35
69	1	0.008802494		130	89.5
70	1	0.0		72	96.35
71	1	0.0		77	94.78
72	1	0.0		72	96.35
73	1	0.0		77	94.78
74	1	0.0		77	94.78
75	1	0.048377916		130	89.5
76	1	0.0		72	96.35
77	1	0.062606715		77	94.78
78	1	0.0		72	96.35
79	1	1000.00055		72	96.35


Run no: 24
0	1	2000.0		77	96.32
1	1	2000.0		3513	80.13
2	1	0.0		77	96.32
3	1	0.002910361		3513	80.13
4	1	1.0648736		3208	83.39
5	1	0.8943539		135	84.65
6	1	0.114268064		94	92.18
7	1	0.0		97	88.51
8	1	0.0		98	85.36
9	1	0.0		97	88.51
10	1	0.13218036		77	96.32
11	1	0.0		85	94.18
12	1	0.0017462166		94	92.18
13	1	0.114268064		88	94.03
14	1	0.034633294		3327	82.45
15	1	0.08854598		3335	80.53
16	1	0.011522081		135	84.65
17	1	0.0067587243		3333	81.69
18	1	0.054197606		3338	80.28
19	1	0.054197606		3503	80.18
20	1	0.002761697		3330	81.83
21	1	0.038295243		3327	82.45
22	1	0.0366328		108	85.25
23	1	0.004074505		122	84.88
24	1	0.0		3338	80.28
25	1	0.07782582		135	84.65
26	1	0.0017462166		88	94.03
27	1	0.0		85	94.18
28	1	0.0061766524		123	84.78
29	1	2.910361E-4		98	85.36
30	1	0.07223124		3333	81.69
31	1	0.0061766524		122	84.88
32	1	0.003492433		123	84.78
33	1	0.0030883262		3503	80.18
34	1	2.910361E-4		3331	81.79
35	1	0.0		3338	80.28
36	1	0.008029648		123	84.78
37	1	0.0		3503	80.18
38	1	0.0		3513	80.13
39	1	0.0		3513	80.13
40	1	0.0		98	85.36
41	1	0.002910361		3503	80.18
42	1	0.03916835		3330	81.83
43	1	0.0061766524		3331	81.79
44	1	0.0023282887		85	94.18
45	1	8.731083E-4		88	94.03
46	1	0.009264979		88	94.03
47	1	0.05806053		3327	82.45
48	1	0.01631474		3338	80.28
49	1	0.19456455		97	88.51
50	1	0.0		3331	81.79
51	1	0.009704678		98	85.36
52	1	0.0		3331	81.79
53	1	8.731083E-4		97	88.51
54	1	0.0		77	96.32
55	1	0.0		3513	80.13
56	1	0.0		135	84.65
57	1	0.22755624		94	92.18
58	1	0.0		97	88.51
59	1	0.22668314		97	88.51
60	1	0.19456455		98	85.36
61	1	0.0023282887		77	96.32
62	1	0.009264979		85	94.18
63	1	2.910361E-4		122	84.88
64	1	0.0		88	94.03
65	1	0.0		85	94.18
66	1	2.910361E-4		123	84.78
67	1	0.0		3331	81.79
68	1	0.0		3503	80.18
69	1	0.022853613		122	84.88
70	1	0.0		3503	80.18
71	1	0.0030883262		3513	80.13
72	1	0.13218036		85	94.18
73	1	0.0		94	92.18
74	1	8.731083E-4		3327	82.45
75	1	8.731083E-4		85	94.18
76	1	0.0		122	84.88
77	1	0.0		98	85.36
78	1	2.910361E-4		97	88.51
79	1	0.0030527331		3331	81.79


Run no: 25
0	1	1000.0541		5489	80.45
1	1	1000.0		70	92.89
2	1	1000.0		5489	80.45
3	1	1000.0		70	92.89
4	1	0.5981317		2741	84.59
5	1	0.5428742		2741	84.59
6	1	0.48317993		445	89.64
7	1	0.46643153		3483	82.42
8	1	0.45909488		445	89.64
9	1	0.32414857		5196	80.55
10	1	0.31136292		3483	82.42
11	1	0.20439056		5196	80.55
12	1	0.112631865		157	90.38
13	1	0.089228295		79	92.5
14	1	0.089228295		80	91.39
15	1	0.050327122		80	91.39
16	1	0.050327122		87	90.78
17	1	0.04507185		96	90.39
18	1	0.033011306		87	90.78
19	1	0.01607717		70	92.89
20	1	0.01607717		72	92.69
21	1	0.013046272		79	92.5
22	1	0.012861736		77	92.66
23	1	0.012060548		157	90.38
24	1	0.008038585		5489	80.45
25	1	0.0024115755		77	92.66
26	1	0.0024115755		72	92.69
27	1	9.2267944E-4		77	92.66
28	1	9.2267944E-4		72	92.69
29	1	3.690718E-4		79	92.5
30	1	3.690718E-4		72	92.69
31	1	3.690718E-4		70	92.89
32	1	3.690718E-4		77	92.66
33	1	1.845359E-4		80	91.39
34	1	0.0		5489	80.45
35	1	0.0		2741	84.59
36	1	0.0		3483	82.42
37	1	0.0		2741	84.59
38	1	0.0		79	92.5
39	1	0.0		5489	80.45
40	1	0.0		80	91.39
41	1	0.0		87	90.78
42	1	0.0		87	90.78
43	1	0.0		72	92.69
44	1	0.0		70	92.89
45	1	0.0		77	92.66
46	1	0.0		77	92.66
47	1	0.0		72	92.69
48	1	0.0		80	91.39
49	1	0.0		87	90.78
50	1	0.0		72	92.69
51	1	0.0		79	92.5
52	1	0.0		72	92.69
53	1	0.0		70	92.89
54	1	0.0		70	92.89
55	1	0.0		3483	82.42
56	1	0.0		79	92.5
57	1	0.0		80	91.39
58	1	0.0		70	92.89
59	1	0.0		77	92.66
60	1	0.0		79	92.5
61	1	0.0		80	91.39
62	1	0.0		72	92.69
63	1	0.0		77	92.66
64	1	0.0		79	92.5
65	1	0.0		70	92.89
66	1	0.0		79	92.5
67	1	0.0		80	91.39
68	1	0.0		80	91.39
69	1	0.0		72	92.69
70	1	0.0		70	92.89
71	1	0.0		79	92.5
72	1	0.0		77	92.66
73	1	0.0		77	92.66
74	1	0.0		72	92.69
75	1	0.0		79	92.5
76	1	0.0		72	92.69
77	1	0.0		70	92.89
78	1	0.0		77	92.66
79	1	0.0		79	92.5


Run no: 26
0	1	2000.0		4017	80.37
1	1	2000.0		74	101.92
2	1	0.0		74	101.92
3	1	1.0034388		197	84.77
4	1	0.9907848		3761	83.32
5	1	0.7481142		75	101.84
6	1	0.0		79	85.74
7	1	0.1423696		3841	82.26
8	1	0.13233908		3924	80.72
9	1	0.031090487		3767	82.93
10	1	0.010208816		110	84.99
11	1	0.0		81	85.29
12	1	0.0		80	85.72
13	1	0.018767435		3767	82.93
14	1	0.019619131		3767	82.93
15	1	0.013300907		85	85.14
16	1	0.0		110	84.99
17	1	0.007975013		85	85.14
18	1	0.0		81	85.29
19	1	0.0		110	84.99
20	1	0.003965911		75	101.84
21	1	0.0		74	101.92
22	1	9.2807424E-4		79	85.74
23	1	0.001014456		81	85.29
24	1	0.0		80	85.72
25	1	0.0		79	85.74
26	1	0.0		80	85.72
27	1	0.019953595		81	85.29
28	1	0.0011816883		80	85.72
29	1	0.003712297		74	101.92
30	1	0.0		79	85.74
31	1	0.0		74	101.92
32	1	0.001014456		79	85.74
33	1	0.0		110	84.99
34	1	0.0		110	84.99
35	1	0.0		74	101.92
36	1	0.0		79	85.74
37	1	2.53614E-4		81	85.29
38	1	0.0		79	85.74
39	1	0.0		81	85.29
40	1	0.02020721		80	85.72
41	1	0.0		79	85.74
42	1	0.022064418		110	84.99
43	1	0.00634035		110	84.99
44	1	0.006960557		81	85.29
45	1	0.0		110	84.99
46	1	0.0		110	84.99
47	1	0.0		74	101.92
48	1	0.0		79	85.74
49	1	0.0		79	85.74
50	1	0.0		110	84.99
51	1	0.0		79	85.74
52	1	0.0		110	84.99
53	1	0.0		79	85.74
54	1	0.0		74	101.92
55	1	2.53614E-4		74	101.92
56	1	0.0		79	85.74
57	1	0.0		110	84.99
58	1	0.006960557		110	84.99
59	1	0.0		79	85.74
60	1	0.0		79	85.74
61	1	0.0		79	85.74
62	1	0.0		79	85.74
63	1	0.0		79	85.74
64	1	0.0		79	85.74
65	1	0.0		79	85.74
66	1	0.0		79	85.74
67	1	0.0		79	85.74
68	1	0.0		79	85.74
69	1	0.0		79	85.74
70	1	0.0		79	85.74
71	1	0.0		79	85.74
72	1	0.0		79	85.74
73	1	0.0		79	85.74
74	1	0.0		79	85.74
75	1	0.0		79	85.74
76	1	0.0		79	85.74
77	1	0.0		79	85.74
78	1	0.0		79	85.74
79	1	0.7473534		79	85.74


Run no: 27
0	1	1000.0		70	95.38
1	1	1000.0		5361	80.45
2	1	1000.0		5361	80.45
3	1	1000.0		70	95.38
4	1	0.84979236		3231	86.6
5	1	0.64985317		3729	84.4
6	1	0.53298056		411	91.33
7	1	0.3329687		5310	80.96
8	1	0.3168118		411	91.33
9	1	0.23040858		5310	80.96
10	1	0.12084112		3231	86.6
11	1	0.12084112		3275	84.92
12	1	0.120635286		3275	84.92
13	1	0.09832668		104	92.64
14	1	0.06792424		77	93.88
15	1	0.06697924		71	94.88
16	1	0.05211101		362	92.54
17	1	0.049564634		82	93.38
18	1	0.04379842		5361	80.45
19	1	0.03462362		71	94.88
20	1	0.033678617		70	95.38
21	1	0.03348962		82	93.38
22	1	0.03348962		77	93.88
23	1	0.026964111		400	91.83
24	1	0.026499903		365	92.49
25	1	0.026121901		367	92.1
26	1	0.025452109		403	91.45
27	1	0.011817512		392	91.95
28	1	0.010855928		104	92.64
29	1	0.00963901		5310	80.96
30	1	0.008982509		372	92.07
31	1	0.008604509		403	91.45
32	1	0.008604509		400	91.83
33	1	0.008037508		392	91.95
34	1	0.008037508		411	91.33
35	1	0.006697924		362	92.54
36	1	0.005789381		372	92.07
37	1	0.004158004		82	93.38
38	1	0.003348962		365	92.49
39	1	0.002009377		367	92.1
40	1	0.0015120015		403	91.45
41	1	0.0015120015		392	91.95
42	1	0.0015120015		411	91.33
43	1	0.0011340012		77	93.88
44	1	9.4500097E-4		367	92.1
45	1	9.4500097E-4		82	93.38
46	1	5.670006E-4		362	92.54
47	1	5.670006E-4		365	92.49
48	1	3.7800038E-4		367	92.1
49	1	1.8900019E-4		71	94.88
50	1	0.0		411	91.33
51	1	0.0		71	94.88
52	1	0.0		70	95.38
53	1	0.0		82	93.38
54	1	0.0		400	91.83
55	1	0.0		372	92.07
56	1	0.0		392	91.95
57	1	0.0		411	91.33
58	1	0.0		362	92.54
59	1	0.0		392	91.95
60	1	0.0		367	92.1
61	1	0.0		411	91.33
62	1	0.0		400	91.83
63	1	0.0		77	93.88
64	1	0.0		400	91.83
65	1	0.0		362	92.54
66	1	0.0		71	94.88
67	1	0.0		77	93.88
68	1	0.0		362	92.54
69	1	0.0		77	93.88
70	1	0.0		365	92.49
71	1	0.0		400	91.83
72	1	0.0		392	91.95
73	1	0.0		400	91.83
74	1	0.0		392	91.95
75	1	0.0		367	92.1
76	1	0.0		71	94.88
77	1	0.0		82	93.38
78	1	0.0		77	93.88
79	1	0.0		362	92.54


Run no: 28
0	1	0.10265101		155	86.77
1	1	0.100784816		3564	76.99
2	1	2000.0		74	87.0
3	1	0.093023255		178	85.91
4	1	1000.0		3650	76.25
5	1	0.0		155	86.77
6	1	0.021395348		155	86.77
7	1	0.0		178	85.91
8	1	0.0		74	87.0
9	1	0.0064317673		178	85.91
10	1	0.0		155	86.77
11	1	0.023489933		3650	76.25
12	1	0.021395348		74	87.0
13	1	0.022651007		74	87.0
14	1	1.6627756		2897	84.91
15	1	0.008001145		3566	76.33
16	1	0.08		178	85.91
17	1	1000.00745		3650	76.25
18	1	0.11385985		3495	77.2
19	1	0.0		155	86.77
20	1	0.0064317673		155	86.77
21	1	0.084885284		3566	76.33
22	1	0.7603468		178	85.91
23	1	0.88443524		3240	77.24
24	2	2000.0		2952	84.91
25	3	1000.61536		3608	76.82
26	3	0.0		3608	76.82
27	3	2000.0		3504	77.35
28	3	2.0		3544	77.24
29	3	0.0		3608	76.82
30	3	0.0		3608	76.82
31	3	0.0		3608	76.82
32	3	0.0		3608	76.82
33	3	0.0		3608	76.82
34	3	1000.7925		3608	76.82
35	4	2000.0		3533	82.56
36	5	2000.0		3553	80.69
37	5	1000.0		75	105.15
38	5	0.0		75	105.15
39	5	0.0		77	98.3
40	5	0.0		75	105.15
41	5	0.0		80	95.08
42	5	0.0		78	96.64
43	5	0.28004906		77	98.3
44	5	0.32624695		80	95.08
45	5	5.7504314E-4		78	96.64
46	5	5.7504314E-4		77	98.3
47	5	0.0		80	95.08
48	5	0.28004906		75	105.15
49	5	0.0		77	98.3
50	5	0.0		75	105.15
51	5	0.0		75	105.15
52	5	0.0		80	95.08
53	5	0.0		78	96.64
54	5	0.0		80	95.08
55	5	0.063777596		78	96.64
56	5	0.0		75	105.15
57	5	2.8752157E-4		78	96.64
58	5	0.0		78	96.64
59	5	0.0		78	96.64
60	5	0.0		80	95.08
61	5	1000.0		75	105.15
62	5	0.0		80	95.08
63	5	0.0678659		77	98.3
64	5	5.7504314E-4		80	95.08
65	5	5.7504314E-4		75	105.15
66	5	0.0678659		78	96.64
67	5	0.0		80	95.08
68	5	0.0		78	96.64
69	5	0.0		80	95.08
70	5	0.0		78	96.64
71	5	0.0		80	95.08
72	5	0.0		78	96.64
73	5	0.0		80	95.08
74	5	0.0		80	95.08
75	5	0.0		80	95.08
76	5	1.5868698		88	87.1
77	5	0.0		78	96.64
78	5	2.8752157E-4		77	98.3
79	5	0.06607777		80	95.08


Run no: 29
0	1	2000.0		4188	83.92
1	1	1000.25354		73	99.58
2	1	0.0		73	99.58
3	1	0.0		4188	83.92
4	1	0.83986396		3264	84.52
5	1	0.021315811		460	85.85
6	1	0.093107015		75	95.61
7	1	0.0		73	99.58
8	1	0.08310328		3514	84.32
9	1	0.12568338		340	92.58
10	1	0.043412182		127	93.67
11	1	0.1039627		419	89.3
12	1	0.100040816		415	90.82
13	1	0.0024301338		85	94.19
14	1	4.8602672E-4		75	95.61
15	1	0.08492976		460	85.85
16	1	0.023774343		393	92.01
17	1	0.0020061792		412	90.84
18	1	0.16489777		3514	84.32
19	1	0.0017010935		429	88.64
20	1	0.030436726		436	87.73
21	1	0.121365935		127	93.67
22	1	0.0		85	94.19
23	1	0.043117646		452	86.99
24	1	0.0014580801		425	89.23
25	1	0.037675608		429	88.64
26	1	0.039043218		455	86.39
27	1	2.4301336E-4		436	87.73
28	1	0.013652975		437	87.28
29	1	0.027791977		459	86.18
30	1	0.07665675		393	92.01
31	1	0.014857489		4188	83.92
32	1	0.021101195		385	92.31
33	1	0.0		460	85.85
34	1	0.0021871203		437	87.28
35	1	0.0012771392		446	87.07
36	1	0.0		342	92.52
37	1	0.0		361	92.34
38	1	0.0		456	86.27
39	1	0.007748029		385	92.31
40	1	0.0		455	86.39
41	1	0.016111506		361	92.34
42	1	0.008391876		456	86.27
43	1	0.004617254		342	92.52
44	1	0.0		361	92.34
45	1	0.07471264		412	90.84
46	1	0.0054420405		425	89.23
47	1	0.011980279		342	92.52
48	1	0.0		451	87.05
49	1	0.0021871203		446	87.07
50	1	0.09067688		85	94.19
51	1	0.0		75	95.61
52	1	0.028735632		437	87.28
53	1	0.013409962		446	87.07
54	1	0.004617254		412	90.84
55	1	0.007748029		361	92.34
56	1	0.0		436	87.73
57	1	0.0		425	89.23
58	1	0.004074431		451	87.05
59	1	0.0012150669		451	87.05
60	1	0.007905848		455	86.39
61	1	0.25351214		75	95.61
62	1	1000.0005		73	99.58
63	1	0.0		455	86.39
64	1	0.0		437	87.28
65	1	0.0059901397		456	86.27
66	1	0.0		460	85.85
67	1	0.0012771392		451	87.05
68	1	0.0		460	85.85
69	1	0.0038314175		342	92.52
70	1	0.6814095		460	85.85
71	1	0.059081886		429	88.64
72	1	0.058109835		436	87.73
73	1	0.0		451	87.05
74	1	0.037675608		425	89.23
75	1	0.043412182		85	94.19
76	1	0.0		460	85.85
77	1	0.0012150669		446	87.07
78	1	0.1893338		4140	83.97
79	2	2000.0		4186	84.27

