
Run no: 0
314		431		660		
90		400		633		
84		395		646		
84		452		4230		
84		467		4709		
84		547		4709		
78		650		3844		
78		681		4281		
78		710		4281		
78		647		4281		
78		857		4281		
78		740		4124		
78		722		4124		
78		602		4121		
78		621		4121		
78		395		4121		
78		513		4121		
78		613		4121		
78		526		4121		
78		628		4121		
78		325		3830		
78		469		3830		
78		595		3830		
78		431		3830		
78		454		3830		
78		638		3830		
78		522		3830		
78		361		3801		
78		432		3801		
78		347		3799		
78		480		3799		

Run no: 1
338		431		673		
338		446		3800		
338		443		3762		
82		431		3762		
82		423		3762		
82		534		3762		
82		753		3791		
82		899		3791		
82		747		3791		
82		908		3791		
82		1143		3791		
78		808		3789		
78		1335		3789		
78		1515		3789		
78		2379		3789		
78		2225		3789		
78		1316		3789		
78		778		3670		
78		593		3670		
78		844		3670		
78		975		3670		
78		266		4093		
78		310		4093		
78		308		4093		
78		486		4093		
78		480		4093		
78		216		4100		
78		390		4100		
78		650		4100		
78		840		4100		
78		1200		4100		

Run no: 2
295		428		589		
295		453		4240		
85		438		4240		
85		394		496		
85		378		537		
85		413		3679		
85		415		3679		
83		458		3679		
83		648		3827		
81		1105		3679		
81		376		3572		
81		488		3572		
78		543		3572		
78		485		3572		
78		385		3538		
78		191		3198		
78		137		4335		
78		191		4335		
78		301		4335		
78		605		4335		
78		286		4320		
78		336		4320		
78		535		4320		
78		177		3743		
78		180		3743		
78		275		3743		
76		325		3752		
76		466		3752		
76		125		3601		
76		168		3601		
75		171		3601		

Run no: 3
332		439		621		
117		407		516		
97		380		553		
97		409		3793		
80		477		3796		
80		629		3797		
80		833		3810		
80		580		4290		
80		475		4290		
80		189		3778		
80		198		2911		
80		169		2911		
80		263		2911		
80		330		2911		
80		216		2837		
72		237		2837		
72		292		3095		
72		382		2837		
72		266		2787		
72		355		2787		
72		436		4653		
72		415		4653		
72		685		4653		
72		191		2787		
72		225		2787		
72		329		2787		
72		163		2786		
72		264		2786		
72		131		2725		
72		132		2725		
72		166		2725		

Run no: 4
333		417		616		
80		390		552		
80		417		3522		
80		401		3522		
80		423		3522		
80		338		375		
80		345		361		
80		327		360		
80		357		4056		
80		406		4056		
80		267		3373		
80		289		3373		
80		372		3577		
80		211		3577		
80		299		3577		
80		125		3339		
80		168		3339		
80		249		3339		
80		209		3333		
77		251		3333		
77		451		3333		
77		296		3333		
77		374		3333		
77		132		3091		
77		138		3091		
77		216		3091		
77		137		3020		
77		213		3020		
77		340		3020		
77		171		2736		
77		172		2736		

Run no: 5
303		417		668		
303		445		4652		
102		491		4652		
102		534		4652		
102		788		4652		
102		1203		4656		
102		526		4510		
102		434		4370		
86		470		4370		
84		524		4370		
84		608		4370		
84		327		4304		
84		311		4304		
84		370		4304		
84		299		3938		
60		400		3938		
60		595		3938		
60		825		3938		
60		349		3940		
60		452		3940		
60		296		3940		
60		484		3940		
60		622		3940		
60		852		3940		
60		817		3940		
60		480		3931		
60		576		3931		
60		252		3803		
60		299		3803		
60		394		3803		
60		531		3803		

Run no: 6
330		430		668		
111		401		575		
103		386		562		
103		441		3908		
103		364		562		
77		331		433		
77		331		433		
77		336		449		
77		391		519		
75		358		519		
75		294		519		
75		238		519		
75		149		514		
75		158		4961		
75		178		4961		
75		204		4961		
75		178		4961		
75		250		4961		
75		273		4961		
75		375		4961		
75		674		4961		
59		856		4961		
59		977		4962		
59		1279		4962		
59		1816		4962		
59		2113		4962		
59		197		4811		
59		256		4811		
59		433		4811		
59		668		4811		
59		785		4811		

Run no: 7
338		424		614		
338		440		4096		
77		514		4096		
77		559		4098		
77		617		4076		
77		463		4912		
77		418		4912		
77		468		4912		
77		452		4912		
77		723		4912		
77		761		4880		
73		692		4880		
73		1186		4880		
73		2306		5127		
73		3437		5130		
73		2661		5130		
73		1379		5130		
73		1964		5130		
73		1651		5130		
73		1084		5127		
73		711		5127		
68		271		3760		
68		414		3760		
68		562		3760		
68		241		3741		
68		509		3741		
68		165		3096		
68		175		3096		
68		211		3096		
68		258		3096		
64		243		3096		

Run no: 8
342		426		594		
81		398		533		
81		436		3979		
81		422		3886		
81		479		4007		
81		313		411		
81		284		4359		
79		323		4359		
79		409		4831		
54		314		4831		
54		299		4687		
54		462		4687		
54		509		4686		
54		728		4686		
54		145		4424		
54		250		4424		
54		307		4424		
54		144		4211		
54		192		4075		
54		240		4075		
54		342		4075		
54		396		4075		
54		255		3992		
54		300		3992		
54		429		3992		
54		616		3992		
54		383		3918		
54		544		3918		
54		780		3918		
54		788		3918		
54		858		3918		

Run no: 9
345		424		585		
345		454		4611		
80		381		578		
80		413		3845		
80		408		3845		
80		424		3845		
80		276		421		
80		258		4773		
80		166		4773		
80		263		4773		
80		149		4754		
70		150		4362		
70		156		4362		
70		163		4362		
70		176		4230		
70		183		4096		
70		199		4096		
70		259		4096		
70		360		4096		
70		176		3935		
70		230		3935		
70		324		3935		
70		371		3935		
70		283		3900		
70		379		3900		
70		523		3912		
70		572		3912		
70		551		3912		
70		488		3841		
70		490		3841		
70		451		3841		

Run no: 10
341		427		639		
91		385		492		
84		367		407		
84		403		4968		
84		435		4968		
84		585		5131		
84		926		4968		
84		1398		4968		
84		351		4550		
84		361		4550		
84		460		4550		
84		451		4544		
84		387		4542		
84		429		4542		
84		436		4542		
75		531		4542		
75		668		4542		
75		599		4541		
75		463		4440		
75		315		4281		
75		422		4281		
75		381		4285		
75		470		4285		
75		586		4285		
75		495		4272		
75		543		4272		
75		781		4272		
75		377		4272		
75		561		4272		
75		680		4272		
75		499		4104		

Run no: 11
338		429		642		
338		442		3464		
79		470		3464		
79		463		3464		
79		667		3834		
79		606		3836		
79		543		4062		
79		614		4062		
79		677		4062		
72		778		4062		
72		852		4062		
72		1056		4062		
72		1557		4062		
72		985		4022		
72		689		4022		
72		1165		4022		
72		1928		4022		
72		1551		4022		
63		655		4022		
63		429		4004		
63		588		4001		
63		932		3996		
63		912		3950		
63		673		3711		
63		847		3711		
63		708		3593		
63		908		3593		
63		839		3546		
63		600		3546		
63		827		3546		
63		679		3558		

Run no: 12
330		420		690		
85		382		511		
85		353		453		
82		343		453		
82		341		453		
82		342		390		
82		331		390		
82		305		427		
82		274		427		
82		269		427		
82		265		427		
82		352		418		
82		345		418		
82		347		670		
79		332		670		
79		380		467		
79		370		467		
79		350		467		
79		298		467		
79		241		467		
78		130		512		
78		97		236		
78		114		236		
78		131		280		
78		116		280		
78		85		175		
78		82		175		
78		80		148		
78		84		243		
78		126		3094		
78		125		3094		

Run no: 13
302		438		652		
86		403		573		
86		436		4692		
86		485		4692		
86		372		573		
86		377		4934		
86		438		4934		
70		518		4934		
70		547		4934		
70		702		4934		
70		795		4934		
70		296		4139		
70		309		4139		
70		358		4139		
70		319		4139		
70		362		4139		
70		429		4139		
70		459		4139		
70		459		4139		
70		279		4048		
70		302		4046		
70		467		4052		
70		433		4052		
70		304		3813		
70		460		3813		
70		312		3813		
70		404		3813		
70		435		3756		
70		506		3756		
70		564		3756		
70		681		3756		

Run no: 14
335		432		673		
335		455		4275		
108		390		486		
108		372		432		
78		369		415		
78		370		408		
75		374		404		
75		346		405		
75		315		405		
75		273		435		
75		376		464		
75		387		4074		
75		391		4074		
75		357		4074		
75		242		4074		
75		344		4074		
75		399		4074		
75		622		4074		
75		219		4089		
75		414		4089		
75		555		4089		
75		888		4089		
75		1132		4114		
75		838		4114		
75		1114		4114		
75		1667		4114		
75		156		3314		
75		233		3238		
75		312		3238		
75		152		3238		
75		188		3238		

Run no: 15
342		425		581		
342		430		2991		
84		412		2991		
84		492		3785		
71		516		3785		
71		731		3785		
71		600		3785		
71		768		3785		
71		1273		3789		
71		300		3582		
71		518		3582		
71		863		3582		
71		1418		3582		
71		463		4592		
71		299		4590		
71		470		4590		
71		402		4590		
71		591		4590		
71		547		4521		
71		308		4521		
71		442		4521		
71		477		3528		
71		687		3528		
71		692		3528		
71		590		3528		
71		721		3528		
71		806		3528		
71		1016		3536		
71		577		3466		
71		742		3466		
71		334		3466		

Run no: 16
345		432		689		
78		400		519		
78		382		517		
78		414		4152		
78		405		4152		
78		484		4152		
78		526		4698		
78		798		4698		
78		691		4152		
78		1045		4152		
78		1857		4152		
78		1143		4144		
78		382		4092		
78		631		4092		
69		879		4092		
69		232		4072		
69		380		4072		
69		330		4072		
69		481		4072		
69		277		3959		
69		370		3954		
69		515		3954		
69		564		3954		
69		275		3954		
69		416		3954		
69		175		3809		
69		128		3716		
69		128		3716		
69		173		3716		
69		398		3716		
69		590		4724		

Run no: 17
348		424		634		
348		448		4636		
348		435		4636		
89		441		4636		
89		486		4636		
89		423		4131		
89		393		4131		
89		508		4593		
89		520		4593		
89		458		4166		
89		382		4166		
89		375		4166		
89		437		4166		
75		494		4166		
75		635		4166		
66		756		4166		
66		692		4162		
66		548		4092		
66		627		4092		
66		731		4092		
66		731		4087		
63		851		3960		
63		898		3960		
63		676		3835		
63		318		3829		
63		438		3829		
63		510		3829		
63		819		3829		
63		290		3829		
63		529		3829		
63		637		3829		

Run no: 18
315		440		633		
315		461		3688		
103		430		3688		
103		472		4014		
103		500		3740		
81		354		493		
81		334		452		
81		368		452		
81		369		434		
81		360		434		
81		350		434		
81		329		434		
81		321		391		
79		301		432		
79		309		391		
79		375		3459		
79		480		3459		
79		539		3459		
79		670		3459		
79		550		3450		
79		704		3450		
79		643		3185		
79		975		5760		
67		839		3185		
67		983		3185		
67		543		3185		
67		475		3188		
67		602		3188		
67		892		3188		
67		487		3188		
67		333		2973		

Run no: 19
323		428		560		
323		451		4377		
110		441		4377		
110		443		4377		
100		381		533		
95		401		533		
95		412		533		
95		496		4226		
95		582		4226		
95		670		4226		
95		475		4061		
83		464		4015		
83		533		4015		
83		618		4015		
71		822		4015		
71		1424		4015		
71		2042		4015		
71		1180		3934		
71		739		3934		
71		338		3676		
71		574		3676		
71		732		3676		
71		869		3676		
71		323		3673		
71		426		3666		
71		363		3554		
71		386		3544		
71		505		3544		
66		676		3544		
66		519		3544		
66		280		3413		

Run no: 20
352		434		625		
101		401		625		
101		449		4636		
101		495		4636		
101		691		4639		
82		417		4633		
82		435		4401		
82		491		4401		
82		418		4376		
82		556		4376		
82		551		4330		
82		615		4195		
82		830		4195		
72		484		3769		
72		485		3769		
72		461		3769		
72		429		3769		
72		356		3768		
72		352		3768		
72		364		3768		
72		400		3768		
72		329		3768		
72		362		3768		
72		380		3783		
72		492		3786		
72		848		3812		
72		1606		3786		
72		2041		4841		
72		1164		4841		
72		1276		4841		
72		1538		4841		

Run no: 21
325		426		645		
71		385		543		
71		369		466		
71		359		466		
71		337		402		
71		305		349		
71		247		351		
71		225		349		
71		140		349		
71		74		83		
71		74		83		
71		74		83		
71		75		83		
71		75		83		
71		75		102		
71		76		102		
70		77		102		
70		80		102		
70		131		3786		
70		177		3770		
70		223		3770		
70		174		3662		
70		257		3662		
70		170		3383		
70		296		3383		
70		124		3259		
70		172		3957		
70		132		3957		
70		130		3957		
70		130		3957		
70		221		3957		

Run no: 22
353		440		602		
353		461		4069		
353		452		4387		
353		484		4387		
353		672		4397		
353		720		4387		
353		518		4378		
353		512		4299		
112		517		4299		
112		416		3620		
82		408		3620		
82		500		3620		
82		610		3624		
82		867		4383		
82		653		4383		
82		552		4172		
82		624		4172		
82		768		4172		
77		611		4172		
77		668		4172		
70		691		4165		
70		698		4165		
70		902		4165		
70		1204		4165		
70		832		3723		
70		424		3723		
70		572		3726		
70		644		3726		
70		412		3726		
70		271		3735		
70		361		3735		

Run no: 23
331		424		660		
331		442		3741		
92		433		3741		
92		499		3741		
92		734		3894		
90		1117		3894		
90		818		3894		
90		770		4451		
72		746		3873		
72		945		3873		
72		1407		5666		
72		1731		5666		
72		1545		5641		
72		1794		5641		
72		590		5641		
72		757		5641		
72		440		5641		
72		471		5563		
72		691		5563		
72		898		5574		
72		559		5574		
72		704		5574		
72		575		5548		
72		772		5548		
72		661		5544		
72		602		5513		
72		983		5513		
72		719		5513		
72		926		5525		
72		1209		5525		
72		1182		5525		

Run no: 24
334		426		593		
334		455		4359		
99		486		4359		
99		511		4359		
99		557		4359		
99		739		4359		
99		1101		4359		
99		1114		5190		
97		995		3792		
85		935		3744		
85		1022		3744		
85		1193		3744		
85		1622		5420		
85		2593		5420		
85		1720		5628		
85		1042		5428		
85		1061		5428		
85		639		5428		
85		548		5428		
85		780		5428		
85		600		3557		
85		771		3557		
85		382		3557		
77		546		3503		
77		833		3503		
77		385		3503		
77		594		3513		
77		720		3513		
77		1007		3513		
77		1252		3513		
77		1417		3513		

Run no: 25
334		426		569		
334		453		4736		
334		482		4736		
99		433		4736		
99		508		4736		
86		714		4736		
86		450		4712		
86		507		4712		
72		396		4711		
72		442		4711		
72		627		4711		
70		888		4711		
70		1482		4751		
70		1661		4751		
70		2633		4751		
70		1481		3915		
70		446		3894		
70		358		3894		
70		162		3563		
70		239		3563		
70		357		3556		
70		443		3556		
70		479		3510		
70		354		3510		
70		461		5431		
70		612		5431		
70		854		5431		
70		621		5431		
70		323		5489		
70		466		5489		
70		857		5489		

Run no: 26
302		421		621		
302		451		4947		
302		613		4947		
302		1002		5736		
79		1520		5736		
79		2026		5736		
79		1605		5753		
79		2723		5766		
79		2806		5766		
79		3103		5726		
79		2098		4814		
79		1082		4814		
79		713		4813		
79		1230		4813		
79		474		4813		
79		416		4813		
79		694		4813		
79		307		4813		
79		183		4043		
79		234		4043		
79		385		4043		
74		477		4043		
74		724		4051		
74		374		4051		
74		474		4116		
74		323		4116		
74		466		4116		
74		371		4116		
74		567		4116		
74		765		4116		
74		413		4017		

Run no: 27
343		425		587		
94		390		510		
94		425		4543		
94		466		4543		
81		326		450		
81		332		3881		
81		385		3881		
70		403		3881		
70		647		3881		
70		720		3881		
70		1034		3881		
70		1311		6303		
70		564		6303		
70		707		6303		
70		601		6303		
70		459		6299		
70		629		6299		
70		875		6299		
70		816		5448		
70		360		5443		
70		369		5443		
70		447		5443		
70		555		5443		
70		811		5443		
70		1112		5443		
70		750		5445		
70		605		5445		
70		885		5445		
70		1118		5443		
70		678		5361		
70		845		5361		

Run no: 28
330		443		754		
330		469		5162		
92		573		5219		
92		658		5219		
91		771		5224		
91		675		5162		
91		801		3561		
78		1130		3561		
78		1825		3561		
77		1210		3565		
77		716		3565		
77		909		3565		
77		455		3560		
77		176		2799		
77		176		2799		
75		213		2799		
75		247		2799		
75		153		2765		
75		135		2765		
75		138		2765		
75		157		2765		
75		242		4135		
75		138		4073		
75		189		4073		
75		283		4073		
75		231		4176		
74		311		3648		
74		446		3663		
74		350		3650		
74		526		3650		
74		1033		3650		

Run no: 29
327		424		543		
327		449		4554		
327		484		4554		
327		512		4368		
327		808		4371		
327		509		4371		
327		406		3876		
327		408		3876		
82		388		3876		
73		436		3876		
73		470		3876		
73		557		3876		
73		671		5560		
73		1061		5560		
73		773		3839		
73		481		3839		
73		610		3839		
73		738		3843		
73		924		3843		
73		886		3843		
73		980		3843		
73		721		4293		
73		473		4293		
73		470		4293		
73		513		4293		
73		659		4293		
73		687		4293		
73		942		4293		
73		738		4186		
73		520		4188		
73		712		4188		
