
Run no: 0
93.53	
93.53	
93.53	
92.18	
92.18	
87.95	
87.2	
77.64	
77.64	
77.64	
77.64	
77.37	
77.37	
77.37	
77.37	
77.37	
77.37	
77.37	
77.37	
77.37	
77.3	
77.3	
77.3	
77.3	
77.3	
77.3	
77.3	
77.3	
77.3	
77.3	
77.3	

Run no: 1
95.13	
95.13	
86.93	
86.93	
86.93	
86.93	
86.68	
86.68	
86.61	
86.61	
86.61	
86.46	
86.46	
86.46	
86.46	
86.35	
86.35	
86.22	
86.22	
86.22	
86.22	
83.69	
83.69	
83.69	
83.69	
83.69	
83.58	
83.58	
83.58	
83.58	
83.58	

Run no: 2
91.86	
91.86	
89.11	
89.11	
89.11	
83.46	
83.46	
83.46	
83.46	
83.39	
83.39	
83.39	
81.89	
81.89	
81.89	
81.48	
77.89	
77.89	
77.89	
77.81	
77.81	
77.81	
76.74	
76.43	
76.43	
76.43	
76.35	
76.35	
75.96	
75.96	
75.96	

Run no: 3
90.54	
90.54	
90.54	
89.76	
89.76	
89.76	
88.64	
87.73	
87.73	
86.29	
79.98	
79.98	
79.98	
79.98	
79.4	
79.4	
79.4	
79.4	
78.85	
78.85	
78.85	
78.85	
78.85	
78.85	
78.85	
78.85	
78.78	
78.78	
78.37	
78.37	
78.37	

Run no: 4
92.59	
92.29	
92.29	
92.29	
91.09	
86.16	
86.16	
86.16	
86.16	
83.24	
83.24	
83.24	
81.12	
81.12	
81.12	
80.46	
80.46	
80.46	
80.46	
80.46	
80.46	
80.46	
80.46	
79.87	
79.87	
79.87	
79.87	
79.87	
79.87	
79.61	
79.61	

Run no: 5
92.79	
89.77	
89.45	
89.45	
85.64	
85.64	
85.64	
85.64	
85.64	
85.64	
85.64	
85.64	
85.64	
85.64	
83.97	
83.97	
83.97	
83.97	
83.9	
83.9	
83.9	
83.9	
83.9	
83.9	
83.89	
83.89	
83.88	
81.81	
81.81	
81.81	
81.81	

Run no: 6
92.07	
92.07	
92.07	
91.92	
91.92	
91.92	
91.92	
90.57	
90.56	
89.83	
89.83	
89.83	
88.77	
77.15	
77.15	
77.15	
77.15	
77.15	
77.15	
77.15	
77.15	
77.15	
76.7	
76.7	
76.7	
76.7	
76.62	
76.62	
76.62	
76.62	
76.62	

Run no: 7
94.43	
94.43	
93.65	
93.65	
92.74	
85.77	
85.77	
85.77	
85.77	
85.68	
85.68	
85.68	
85.68	
82.96	
82.15	
82.15	
82.15	
82.15	
82.15	
82.15	
81.83	
81.8	
81.8	
81.8	
81.21	
81.21	
79.23	
79.23	
79.23	
79.23	
79.23	

Run no: 8
90.47	
90.47	
90.47	
90.47	
90.47	
89.36	
84.32	
84.32	
79.96	
79.96	
79.42	
79.42	
79.42	
79.42	
79.42	
79.42	
79.42	
79.35	
79.32	
79.32	
79.32	
79.32	
79.3	
79.3	
79.3	
79.3	
79.3	
79.3	
79.3	
79.3	
79.3	

Run no: 9
93.37	
90.45	
88.89	
88.59	
88.4	
87.89	
87.39	
82.71	
82.71	
82.71	
82.28	
82.25	
82.25	
82.25	
82.03	
82.03	
82.03	
82.03	
82.03	
82.03	
82.03	
82.03	
82.03	
81.18	
81.18	
81.09	
81.09	
81.09	
81.09	
81.09	
81.09	

Run no: 10
92.31	
92.31	
92.31	
83.75	
83.75	
83.75	
83.75	
81.31	
81.31	
81.31	
81.31	
81.31	
81.16	
81.16	
81.16	
81.16	
81.16	
80.89	
80.89	
80.85	
80.85	
78.67	
78.67	
78.67	
78.35	
78.35	
78.35	
78.35	
78.35	
78.35	
77.59	

Run no: 11
93.77	
90.62	
90.62	
90.62	
89.47	
89.47	
83.49	
83.49	
83.49	
83.49	
83.49	
82.75	
82.75	
81.91	
81.91	
81.91	
81.91	
81.91	
81.71	
81.71	
81.64	
79.35	
79.35	
78.78	
78.78	
78.78	
78.78	
78.33	
78.33	
78.33	
77.24	

Run no: 12
94.38	
94.38	
92.85	
92.85	
92.85	
92.85	
92.85	
92.54	
92.54	
92.54	
92.54	
92.09	
92.09	
91.69	
91.69	
91.51	
91.51	
89.49	
89.49	
89.49	
89.49	
88.61	
88.61	
87.24	
87.24	
87.24	
87.24	
84.35	
84.35	
74.66	
74.66	

Run no: 13
93.12	
93.12	
93.12	
93.12	
93.12	
87.1	
87.1	
87.1	
87.1	
87.1	
79.45	
79.45	
79.45	
79.45	
79.45	
79.45	
79.45	
79.45	
79.04	
79.04	
79.04	
78.76	
77.31	
77.31	
77.31	
77.31	
77.31	
77.31	
77.31	
77.31	
77.31	

Run no: 14
91.32	
91.32	
91.32	
90.83	
89.99	
89.99	
89.99	
89.91	
89.91	
89.91	
89.75	
83.26	
83.26	
83.26	
83.26	
83.26	
83.26	
83.26	
82.65	
82.65	
82.65	
82.65	
82.6	
82.6	
82.6	
82.6	
78.94	
78.59	
78.59	
78.59	
78.59	

Run no: 15
94.66	
94.31	
92.59	
91.73	
91.73	
91.41	
83.17	
83.17	
83.17	
83.17	
83.17	
83.17	
83.17	
82.85	
82.82	
82.82	
82.82	
82.82	
82.82	
82.82	
82.82	
82.32	
82.32	
82.32	
82.32	
82.32	
82.32	
82.22	
82.11	
82.11	
82.11	

Run no: 16
94.46	
94.46	
92.75	
81.21	
81.21	
81.21	
81.21	
81.21	
81.21	
81.11	
81.11	
79.71	
79.71	
79.71	
79.71	
78.86	
78.86	
78.86	
78.86	
78.8	
78.8	
78.8	
78.8	
78.8	
78.8	
77.97	
77.97	
77.97	
77.97	
77.97	
77.0	

Run no: 17
93.53	
93.53	
93.53	
92.41	
92.41	
89.25	
89.25	
85.15	
76.65	
76.65	
76.65	
76.65	
76.65	
76.65	
76.65	
76.59	
74.21	
74.21	
74.21	
74.21	
74.16	
73.91	
73.91	
73.74	
73.74	
73.74	
73.74	
73.74	
72.75	
72.75	
72.75	

Run no: 18
94.92	
94.92	
94.92	
94.82	
94.82	
94.82	
94.66	
94.66	
94.07	
94.07	
93.85	
93.85	
91.33	
91.33	
91.33	
86.78	
86.78	
86.78	
86.78	
85.78	
85.78	
85.08	
85.08	
85.08	
85.08	
85.08	
84.98	
84.98	
84.98	
84.98	
84.74	

Run no: 19
90.81	
90.81	
90.81	
89.5	
89.5	
89.5	
89.5	
76.99	
76.99	
76.99	
76.3	
76.3	
76.3	
76.3	
75.93	
75.93	
75.32	
75.32	
75.32	
75.32	
75.32	
75.32	
75.32	
75.19	
75.05	
74.99	
74.91	
74.91	
74.91	
74.91	
74.9	

Run no: 20
92.13	
92.13	
91.83	
91.15	
91.15	
90.25	
89.25	
87.95	
87.95	
87.95	
87.95	
87.95	
87.61	
87.61	
87.61	
87.61	
87.61	
86.01	
86.01	
86.01	
86.01	
86.01	
86.01	
85.56	
85.56	
85.56	
85.56	
81.51	
81.51	
81.51	
81.51	

Run no: 21
91.09	
91.09	
91.09	
91.09	
91.09	
88.55	
88.55	
88.55	
88.55	
88.55	
88.55	
88.55	
88.55	
88.55	
86.79	
86.79	
86.79	
86.79	
85.54	
85.01	
85.01	
84.94	
84.94	
84.94	
84.94	
84.94	
82.56	
82.56	
82.56	
82.56	
82.56	

Run no: 22
90.53	
90.53	
89.12	
89.12	
89.12	
89.12	
86.7	
86.7	
84.92	
82.47	
82.47	
82.47	
82.3	
81.26	
81.26	
81.26	
81.26	
81.26	
81.26	
81.26	
81.1	
81.1	
81.1	
81.1	
80.86	
80.86	
80.76	
80.76	
80.76	
80.01	
80.01	

Run no: 23
93.24	
93.14	
93.14	
93.14	
87.7	
87.7	
87.43	
86.52	
86.52	
86.52	
84.59	
82.85	
82.09	
82.09	
82.09	
82.09	
82.09	
80.7	
80.7	
80.52	
80.52	
80.52	
79.33	
79.33	
79.03	
79.03	
79.03	
79.03	
78.78	
78.78	
78.78	

Run no: 24
94.87	
88.98	
88.98	
88.98	
82.71	
82.71	
82.41	
82.41	
81.99	
81.99	
81.84	
81.31	
81.04	
81.04	
81.04	
80.94	
80.94	
80.94	
80.94	
80.94	
80.18	
80.18	
80.18	
80.18	
80.18	
80.18	
80.13	
80.13	
80.13	
80.13	
80.13	

Run no: 25
94.13	
92.14	
92.14	
92.14	
92.14	
92.02	
92.02	
92.02	
92.02	
92.02	
85.68	
85.68	
85.68	
85.11	
85.11	
85.11	
85.11	
85.11	
84.95	
84.95	
84.95	
84.95	
84.9	
84.9	
80.55	
80.55	
80.55	
80.55	
80.45	
80.45	
80.45	

Run no: 26
92.54	
88.72	
88.6	
88.15	
88.15	
88.15	
86.65	
86.62	
86.62	
86.62	
86.62	
86.62	
86.62	
86.62	
86.62	
86.62	
85.74	
82.61	
82.61	
82.61	
82.61	
82.44	
82.38	
82.38	
80.48	
80.48	
80.48	
80.48	
80.48	
80.48	
80.37	

Run no: 27
93.6	
93.6	
93.6	
93.6	
93.6	
86.34	
86.34	
86.34	
86.34	
86.34	
86.34	
83.45	
83.45	
83.45	
83.45	
83.45	
83.45	
83.45	
81.5	
81.5	
81.5	
81.5	
81.5	
81.5	
81.5	
81.0	
81.0	
81.0	
80.97	
80.45	
80.45	

Run no: 28
96.65	
95.15	
95.15	
91.7	
91.7	
89.38	
89.38	
89.38	
89.38	
89.3	
89.3	
89.3	
87.71	
87.54	
87.54	
87.54	
87.54	
87.54	
87.54	
87.54	
87.54	
80.86	
80.86	
80.86	
80.69	
76.92	
76.92	
76.82	
76.25	
76.25	
76.25	

Run no: 29
92.88	
92.73	
92.73	
92.73	
92.29	
92.29	
85.07	
85.07	
85.07	
85.07	
85.07	
85.07	
85.02	
85.02	
84.8	
84.8	
84.8	
84.65	
84.65	
84.65	
84.65	
84.27	
84.27	
84.27	
84.27	
84.27	
84.27	
84.27	
84.27	
83.92	
83.92	
