
Run no: 1
83.06	
83.06	
83.06	
82.07	
82.07	
82.07	
78.7	
78.7	
78.7	
78.7	
78.7	
78.7	
78.7	
78.7	
78.33	
78.33	
78.33	
78.33	
78.33	
78.32	
78.16	
78.16	
78.01	
78.01	
78.01	
77.39	
77.39	
77.39	
77.39	
76.98	
76.98	

Run no: 2
82.63	
82.63	
82.63	
82.63	
80.17	
80.17	
75.94	
75.94	
75.24	
73.92	
73.92	
73.49	
73.0	
73.0	
73.0	
73.0	
72.88	
72.88	
72.88	
72.88	
72.88	
72.88	
72.88	
72.87	
72.87	
72.87	
72.87	
72.87	
72.87	
72.1	
72.1	

Run no: 3
82.21	
82.21	
82.21	
80.4	
80.4	
80.4	
78.53	
78.53	
78.53	
78.53	
78.53	
75.83	
75.83	
75.83	
71.88	
71.88	
71.88	
71.88	
69.04	
69.04	
69.04	
69.04	
69.04	
69.04	
69.04	
69.04	
69.04	
69.04	
69.04	
69.04	
69.04	

Run no: 4
78.83	
78.83	
78.83	
78.83	
78.83	
78.83	
78.83	
78.83	
78.83	
78.83	
78.83	
78.83	
78.83	
78.83	
78.78	
78.78	
77.3	
77.3	
77.3	
77.3	
77.3	
76.15	
76.15	
76.15	
76.15	
75.26	
75.26	
75.26	
75.11	
73.89	
73.84	

Run no: 5
81.71	
78.89	
73.82	
73.82	
73.82	
73.82	
73.82	
73.82	
73.82	
73.82	
73.59	
73.59	
73.59	
73.59	
73.59	
73.3	
73.3	
73.3	
73.3	
72.58	
72.58	
72.03	
72.03	
72.03	
72.03	
72.03	
72.03	
72.03	
72.03	
72.03	
71.74	

Run no: 6
85.99	
85.76	
85.72	
83.98	
83.98	
83.91	
83.05	
81.45	
81.45	
80.48	
80.38	
80.38	
80.38	
80.38	
80.38	
78.99	
78.99	
78.99	
78.99	
78.99	
78.99	
78.99	
78.79	
78.79	
78.79	
78.79	
78.79	
78.79	
78.34	
78.34	
78.34	

Run no: 7
78.46	
78.46	
78.46	
78.1	
77.67	
74.28	
74.28	
74.28	
74.28	
74.28	
74.28	
74.28	
74.28	
69.5	
69.5	
69.5	
68.97	
68.97	
68.97	
68.97	
68.97	
68.97	
68.78	
68.78	
68.78	
68.78	
68.78	
68.73	
68.73	
68.73	
68.58	

Run no: 8
82.33	
82.33	
82.33	
82.33	
76.53	
76.23	
76.23	
76.23	
76.23	
76.23	
76.23	
76.23	
76.23	
76.23	
76.23	
76.23	
76.23	
76.23	
76.21	
76.21	
76.21	
76.21	
76.21	
76.13	
76.13	
76.13	
75.4	
75.4	
75.4	
75.38	
75.21	

Run no: 9
83.21	
83.21	
82.72	
82.72	
81.46	
80.21	
80.21	
78.37	
78.37	
78.37	
78.37	
78.37	
78.37	
76.24	
76.24	
76.24	
76.24	
76.24	
76.24	
76.24	
76.24	
76.24	
76.24	
76.24	
76.1	
76.1	
76.1	
76.1	
76.1	
76.1	
76.1	

Run no: 10
86.62	
83.69	
83.69	
78.87	
78.87	
78.87	
78.87	
78.22	
78.08	
78.08	
76.72	
76.72	
76.2	
76.2	
76.2	
76.2	
76.2	
74.9	
74.54	
74.54	
74.52	
74.52	
74.52	
74.52	
74.52	
74.52	
74.05	
74.05	
74.02	
73.51	
73.51	

Run no: 11
80.27	
80.27	
80.27	
80.27	
80.16	
80.16	
76.14	
76.14	
76.03	
74.56	
74.56	
74.56	
74.56	
74.56	
74.56	
74.56	
74.56	
74.36	
74.36	
74.36	
74.22	
73.4	
73.2	
72.95	
72.92	
72.92	
72.92	
72.92	
72.92	
72.92	
72.92	

Run no: 12
83.39	
83.39	
78.13	
78.13	
70.72	
70.72	
70.72	
70.72	
70.72	
70.72	
70.72	
70.67	
70.67	
70.58	
70.58	
70.58	
70.58	
70.58	
70.58	
70.58	
70.58	
70.58	
70.13	
70.13	
70.13	
70.13	
70.13	
70.13	
70.13	
70.13	
70.13	

Run no: 13
85.46	
85.46	
81.12	
81.12	
81.12	
79.44	
79.27	
79.19	
79.12	
79.12	
79.12	
78.78	
78.78	
78.78	
78.43	
78.43	
78.43	
78.43	
78.43	
77.56	
77.56	
77.56	
76.13	
76.13	
74.85	
74.85	
74.85	
74.85	
74.35	
74.35	
74.35	

Run no: 14
83.57	
83.57	
83.57	
83.57	
80.53	
80.53	
76.9	
76.9	
76.9	
76.9	
76.9	
76.9	
76.9	
76.54	
76.54	
76.23	
74.39	
74.39	
74.39	
74.39	
74.39	
73.48	
73.48	
73.48	
73.48	
72.92	
72.92	
72.92	
72.92	
72.81	
72.25	

Run no: 15
78.6	
78.6	
78.6	
78.18	
78.18	
78.02	
78.02	
77.06	
77.06	
77.06	
77.06	
77.06	
77.06	
77.06	
76.63	
76.63	
76.63	
76.63	
76.63	
76.63	
76.63	
76.63	
76.63	
76.63	
76.63	
76.63	
76.63	
76.63	
76.63	
76.63	
76.03	

Run no: 16
80.18	
78.63	
78.63	
78.63	
76.62	
76.0	
76.0	
76.0	
76.0	
76.0	
75.62	
75.37	
75.0	
75.0	
75.0	
75.0	
75.0	
75.0	
75.0	
75.0	
74.48	
73.56	
73.56	
73.56	
73.56	
73.56	
73.56	
73.56	
73.56	
73.31	
73.27	

Run no: 17
86.03	
84.47	
84.47	
84.46	
81.12	
81.12	
81.12	
81.12	
80.94	
80.94	
80.87	
80.39	
79.84	
79.84	
79.84	
79.79	
78.99	
78.99	
78.89	
78.89	
78.89	
76.52	
76.52	
76.52	
76.52	
76.52	
76.52	
76.42	
76.38	
76.38	
76.38	

Run no: 18
75.21	
75.21	
75.21	
75.21	
75.21	
75.21	
75.21	
75.21	
75.21	
75.21	
75.21	
75.21	
75.21	
75.17	
75.17	
75.17	
75.17	
75.01	
75.01	
75.01	
74.93	
74.93	
74.93	
74.81	
74.81	
74.81	
74.78	
74.78	
74.78	
74.78	
74.48	

Run no: 19
86.13	
84.78	
84.78	
76.47	
76.47	
76.47	
76.47	
76.09	
76.09	
75.78	
75.78	
75.25	
75.25	
74.3	
74.3	
74.3	
74.3	
74.3	
74.3	
74.2	
74.2	
74.2	
74.16	
74.16	
74.16	
74.16	
73.78	
73.78	
73.78	
73.78	
73.58	

Run no: 20
84.54	
82.89	
81.74	
81.74	
81.59	
81.59	
80.23	
79.85	
79.85	
79.85	
79.85	
79.85	
79.45	
78.89	
78.89	
78.89	
78.89	
78.84	
78.84	
78.6	
78.6	
78.6	
76.52	
76.52	
76.52	
76.52	
76.52	
75.32	
75.32	
75.32	
75.32	

Run no: 21
84.87	
83.35	
83.35	
83.35	
82.63	
82.33	
82.33	
82.33	
79.87	
79.87	
77.38	
77.38	
77.38	
76.98	
76.98	
76.98	
76.98	
76.98	
76.98	
76.98	
76.98	
76.98	
76.82	
76.75	
76.43	
76.13	
76.13	
76.13	
76.13	
76.13	
76.1	

Run no: 22
79.87	
77.16	
76.58	
76.58	
76.58	
75.52	
75.03	
74.44	
74.27	
74.27	
74.27	
74.27	
73.16	
73.16	
72.79	
72.79	
72.79	
72.79	
72.79	
72.79	
72.79	
72.79	
72.72	
72.72	
72.24	
72.18	
72.07	
72.07	
71.33	
71.33	
71.33	

Run no: 23
82.93	
81.35	
80.78	
80.78	
80.78	
80.67	
80.67	
80.48	
80.48	
80.48	
80.01	
80.01	
79.3	
78.4	
78.4	
78.4	
78.4	
78.4	
77.34	
76.8	
74.96	
74.96	
74.96	
74.96	
74.96	
74.96	
74.96	
74.96	
74.96	
74.96	
74.72	

Run no: 24
81.45	
81.45	
81.45	
80.72	
80.72	
80.04	
79.73	
78.54	
78.44	
78.44	
78.44	
77.54	
77.54	
77.54	
76.8	
76.8	
76.8	
76.8	
76.8	
76.8	
76.74	
76.74	
76.74	
76.74	
76.07	
76.07	
76.07	
76.07	
76.07	
76.02	
76.02	

Run no: 25
80.4	
80.4	
80.4	
72.14	
72.14	
72.14	
72.14	
71.7	
71.7	
71.7	
71.7	
71.46	
71.46	
71.46	
71.46	
71.46	
71.46	
71.46	
71.46	
71.26	
71.26	
71.26	
71.26	
71.26	
71.26	
71.26	
71.26	
71.26	
71.26	
71.26	
71.26	

Run no: 26
84.76	
84.76	
84.76	
84.3	
81.88	
81.88	
77.52	
77.52	
77.52	
75.25	
75.0	
74.45	
74.45	
74.45	
74.45	
74.45	
74.01	
74.01	
74.01	
74.01	
74.01	
74.01	
74.01	
73.6	
73.6	
73.53	
72.32	
72.25	
71.98	
71.98	
71.98	

Run no: 27
84.73	
77.36	
77.36	
77.36	
77.36	
77.36	
77.36	
77.07	
74.97	
74.97	
74.97	
74.72	
74.72	
74.72	
74.72	
74.72	
74.72	
74.72	
74.6	
73.91	
73.91	
73.82	
73.82	
72.84	
72.84	
72.84	
72.84	
72.84	
72.84	
72.3	
72.3	

Run no: 28
82.76	
82.76	
82.76	
82.76	
82.76	
82.76	
79.83	
79.18	
78.72	
78.49	
78.43	
75.35	
75.35	
75.35	
75.35	
75.35	
75.35	
74.71	
74.71	
74.71	
74.71	
74.71	
74.71	
74.71	
74.71	
74.71	
74.71	
74.71	
74.71	
74.71	
74.71	

Run no: 29
85.04	
80.6	
80.6	
80.56	
78.64	
77.76	
77.76	
76.43	
76.18	
76.18	
76.18	
76.18	
76.18	
76.1	
76.1	
76.1	
76.1	
76.1	
75.72	
75.72	
75.72	
75.72	
75.72	
75.72	
75.13	
75.13	
75.13	
75.01	
75.01	
74.19	
74.19	

Run no: 30
87.17	
77.91	
77.9	
77.9	
77.9	
77.31	
76.84	
76.84	
76.84	
76.84	
76.84	
73.93	
73.93	
73.93	
73.78	
72.08	
72.08	
72.08	
72.05	
71.17	
71.17	
71.17	
71.07	
71.07	
71.07	
71.07	
71.07	
70.72	
70.72	
70.72	
69.47	
