
Run no: 1
0	1	0.31553936		234	89.86
1	1	0.23590834		235	83.79
2	1	0.105071545		393	77.33
3	1	2000.0		201	91.97
4	1	0.08965908		243	81.12
5	1	0.09793709		503	76.2
6	1	0.046404403		242	82.18
7	1	0.0083706835		254	79.79
8	1	0.03147736		325	79.18
9	1	0.05274329		248	79.83
10	1	0.047114592		236	83.58
11	1	0.04126192		506	75.51
12	1	2000.0		4003	65.29
13	1	0.0496395		2854	72.83
14	1	0.11659885		2967	70.68
15	1	0.05405188		239	82.33
16	1	0.014893724		3998	65.32
17	1	0.17042597		3870	66.82
18	1	0.058542732		553	75.45
19	1	0.63504887		559	74.32
20	1	0.022481855		2835	73.62
21	1	0.017366186		273	79.52
22	1	0.03375226		2793	73.83
23	1	0.110305905		2862	72.39
24	1	0.6059513		2748	73.91
25	1	0.074626744		370	78.07
26	1	0.07743419		3897	66.05
27	1	0.01511731		267	79.74
28	1	0.053440075		333	78.9
29	1	0.3572954		3611	68.59
30	1	0.053926285		3982	65.54
31	1	0.02642064		286	79.41
32	1	0.034607563		2840	73.56
33	1	0.24772038		2969	70.03
34	2	2000.0		3858	68.76
35	2	2000.0		212	91.99
36	2	1.6870695		2841	73.56
37	2	0.2523573		2998	70.55
38	2	0.23320788		3707	69.34
39	2	0.24654749		3251	70.31


Run no: 2
0	1	2000.0		199	86.46
1	1	0.13261294		201	84.46
2	1	0.14128846		468	77.34
3	1	0.22226053		491	75.22
4	1	0.03905755		241	81.14
5	1	0.06251472		245	80.98
6	1	0.10060661		476	77.11
7	1	0.057916254		4787	65.54
8	1	0.07967137		4792	65.53
9	1	0.10668416		3476	67.38
10	1	0.13836746		288	79.36
11	1	0.20539719		519	72.39
12	1	0.69445586		529	70.85
13	1	0.6517044		3344	70.21
14	1	0.08566487		4927	64.43
15	1	0.06965227		229	81.77
16	1	0.14588007		3389	69.78
17	1	0.02779836		281	79.53
18	1	0.04688461		215	82.81
19	1	0.30328006		3764	66.58
20	1	0.04992739		217	82.57
21	1	0.12675552		3451	67.48
22	1	0.26279658		4571	65.78
23	1	2000.0		4939	64.32
24	1	0.07747933		211	83.58
25	1	0.07308726		259	79.84
26	2	0.2732312		212	83.9
27	2	0.24952026		261	80.75
28	2	0.56548345		4672	65.88
29	2	0.4704442		3378	70.21
30	2	2000.0		199	88.52
31	2	0.6971822		3347	70.45
32	2	0.40074337		470	77.34
33	2	0.8952182		524	72.46
34	2	2000.0		4928	64.5
35	2	0.14150232		237	82.15
36	3	2000.0		227	83.31
37	3	2000.0		200	88.67
38	3	1.6053759		202	87.31
39	3	1.5184494		217	83.44


Run no: 3
0	1	2000.0		203	80.48
1	1	0.11417758		206	79.01
2	1	0.060895246		401	77.42
3	1	0.11299274		421	73.44
4	1	0.061107468		404	76.78
5	1	0.029452885		409	75.09
6	1	0.10029551		411	74.44
7	1	0.07193895		407	76.41
8	1	0.11323413		219	78.61
9	1	0.043532096		488	71.31
10	1	0.043716155		3408	66.63
11	1	0.042760644		474	71.36
12	1	0.048667714		2824	70.62
13	1	0.13405925		3321	67.76
14	1	0.08258937		3066	67.99
15	1	0.10912242		399	77.79
16	1	0.14138551		2980	69.98
17	1	2000.0		4915	63.6
18	1	0.045600023		2930	70.14
19	1	0.038719334		409	75.09
20	1	0.019090112		3403	66.81
21	1	0.043220293		454	71.91
22	1	0.5133862		654	71.27
23	1	0.13614227		3010	68.04
24	1	0.0502599		3475	66.33
25	1	0.49903342		2801	70.93
26	1	0.09125033		427	72.59
27	1	0.073681995		3399	66.92
28	1	0.0786235		408	75.58
29	1	0.050931774		2874	70.37
30	1	0.04601441		449	72.0
31	1	0.4673326		3522	66.19
32	2	2000.0		3062	68.24
33	2	2000.0		203	90.46
34	2	0.4546947		205	80.48
35	2	0.42858437		412	74.73
36	2	0.3311788		206	80.38
37	2	1.01253		2935	70.28
38	2	1.0827464		429	72.59
39	2	0.1362303		2988	69.98


Run no: 4
0	1	0.08163428		287	81.91
1	1	0.01328257		484	73.21
2	1	0.104417145		365	78.59
3	1	2000.0		197	89.06
4	1	0.13345487		198	88.0
5	1	0.005758478		681	72.56
6	1	0.056745015		654	72.66
7	1	0.2373427		203	86.35
8	1	0.68096423		683	72.52
9	1	0.009520524		303	80.27
10	1	0.17861396		213	83.2
11	1	0.020730155		281	82.03
12	1	0.050914437		497	72.96
13	1	0.08349223		293	80.41
14	1	0.06236371		3224	68.98
15	1	0.7334021		3128	69.67
16	1	0.09644595		366	78.2
17	1	2000.0		4728	68.55
18	1	0.058497928		217	82.75
19	1	0.009125284		494	72.98
20	1	0.12427461		475	73.32
21	1	0.010413446		305	80.12
22	1	0.022464132		3225	68.83
23	1	0.11953743		376	75.27
24	1	0.0134210605		491	73.12
25	1	0.049229745		224	82.05
26	1	0.087839864		306	80.07
27	1	0.0072673424		303	80.27
28	1	0.01083462		679	72.62
29	1	0.1424518		369	76.63
30	1	0.34536672		3233	68.56
31	1	0.06785403		373	75.31
32	2	0.015130809		371	76.87
33	2	0.12635635		371	76.87
34	2	0.7835362		372	76.76
35	2	0.57290316		370	78.06
36	2	0.7282485		307	80.07
37	2	2000.0		482	73.36
38	2	0.6435606		286	82.03
39	2	2000.0		219	83.07


Run no: 5
0	1	0.36986476		192	87.01
1	1	0.043015163		285	78.43
2	1	2000.0		191	96.68
3	1	0.14962456		214	82.07
4	1	0.0557714		284	79.14
5	1	0.02765668		267	79.78
6	1	0.012665589		229	81.32
7	1	0.022537185		240	81.25
8	1	0.09563083		365	75.02
9	1	0.09277584		286	77.93
10	1	0.015791675		253	80.85
11	1	0.02864336		223	81.47
12	1	0.14894992		195	85.38
13	1	0.04407244		256	80.6
14	1	0.020307131		243	80.87
15	1	0.0580969		193	86.06
16	1	0.96241206		2127	69.25
17	1	0.10324667		290	75.83
18	1	0.030249327		2195	68.14
19	1	1.0108548		489	72.94
20	1	2000.0		2218	67.89
21	1	0.045950353		2194	68.42
22	1	0.008170182		227	81.43
23	1	0.13342147		373	73.44
24	1	0.03686889		267	79.78
25	1	0.06188323		2161	68.98
26	1	0.06513526		308	75.27
27	2	0.11057024		358	75.56
28	2	0.07219155		376	74.37
29	2	0.09139253		382	73.94
30	2	2000.0		2385	68.07
31	2	0.5187406		225	82.0
32	2	0.9916674		2136	69.4
33	2	2000.0		192	94.52
34	2	0.89906275		624	73.06
35	2	0.14362143		496	73.4
36	2	0.10244022		301	76.39
37	2	0.1385129		236	81.33
38	2	0.17133878		285	79.06
39	2	0.10824112		300	77.57


Run no: 6
0	1	2000.0		173	76.1
1	1	0.06452563		175	75.85
2	1	0.20880428		3681	67.17
3	1	0.05937884		3494	67.39
4	1	0.06686533		3608	67.33
5	1	0.28814995		191	74.18
6	1	0.7603393		944	67.94
7	1	0.67018265		3403	67.43
8	1	0.09659406		4213	66.1
9	1	0.16855901		187	75.48
10	1	0.3803762		214	71.48
11	1	0.14183174		459	68.14
12	1	0.3885673		456	69.36
13	1	0.27182776		200	72.59
14	1	2000.0		4313	65.96
15	1	0.23402509		4056	66.31
16	1	0.13687362		492	68.01
17	2	1.3168765		848	68.04
18	2	2000.0		4148	66.6
19	2	0.36887452		201	72.59
20	2	0.19422774		3704	67.28
21	2	0.06903769		176	75.85
22	2	0.64175564		241	72.1
23	2	0.18330516		4142	67.07
24	2	2000.0		174	76.1
25	2	0.3494488		189	75.48
26	2	0.79867136		3504	67.39
27	3	0.028811306		816	69.18
28	3	0.123782024		810	69.26
29	3	2000.0		178	75.85
30	3	0.14345352		817	69.03
31	3	0.5594134		468	69.4
32	3	0.8343847		204	72.59
33	3	1.0240484		853	68.04
34	3	2000.0		3725	67.28
35	4	2000.0		3735	67.28
36	4	1.339127		842	69.11
37	4	2000.0		466	71.9
38	4	0.66087306		501	69.36
39	4	0.15842581		815	69.34


Run no: 7
0	1	0.57428855		195	74.42
1	1	0.13171762		206	73.9
2	1	0.7961546		3694	72.11
3	1	0.16002516		3705	70.4
4	1	2000.0		4672	66.57
5	1	0.5580302		191	84.0
6	1	0.023791887		4619	66.63
7	1	0.3188682		4345	66.85
8	1	2000.0		187	84.26
9	1	0.27113783		3992	70.07
10	1	0.07352893		4588	66.78
11	1	0.07223841		3930	70.21
12	1	0.015208915		4644	66.58
13	1	0.021737933		3958	70.12
14	1	0.18185334		337	72.65
15	1	0.7790207		583	72.17
16	2	0.7065494		3587	72.43
17	2	0.080202565		372	73.76
18	2	0.12778191		3593	72.4
19	2	0.7556576		561	72.91
20	2	0.017954916		209	74.15
21	2	2000.0		187	85.77
22	2	0.59369653		188	85.61
23	2	0.4381576		3706	70.49
24	2	2000.0		4646	66.58
25	2	0.011338791		212	74.14
26	2	0.08668009		422	73.31
27	2	0.055684466		234	74.04
28	2	0.41456157		4371	67.34
29	2	0.60189563		197	74.42
30	3	1.0539861		423	73.31
31	3	0.3385233		4581	68.24
32	3	0.67077905		333	74.11
33	3	0.07527424		4594	67.16
34	3	2000.0		4613	67.13
35	3	0.26939768		3958	70.33
36	3	0.98454905		3958	70.33
37	3	2000.0		205	83.45
38	4	2000.0		4655	66.63
39	4	2000.0		206	83.41


Run no: 8
0	1	0.19347431		209	91.85
1	1	0.03414497		211	90.94
2	1	0.0043902276		222	75.94
3	1	0.0104186805		675	72.06
4	1	2000.0		207	96.62
5	1	0.13203573		308	72.21
6	1	0.0026531098		222	75.94
7	1	0.5057282		214	76.01
8	1	0.08939311		271	72.29
9	1	0.091658704		230	74.09
10	1	0.06083985		224	74.54
11	1	0.0050135674		215	75.95
12	1	0.5060665		212	90.87
13	1	0.048022676		223	75.82
14	1	0.122738436		658	72.17
15	1	0.009342938		672	72.14
16	1	0.03986556		681	71.92
17	1	0.8477856		682	70.95
18	1	0.97452		3080	70.31
19	1	2000.0		3231	67.06
20	2	2000.0		3371	67.36
21	2	0.043323405		3272	67.95
22	2	0.8235816		683	71.62
23	2	0.05541067		3273	67.37
24	2	0.019548295		683	71.62
25	2	0.25882602		678	72.06
26	2	0.058604453		225	74.91
27	2	0.6514591		214	76.02
28	2	0.044997156		223	75.83
29	2	2000.0		210	91.85
30	2	0.2596831		234	74.48
31	2	0.010605469		217	75.95
32	2	0.9495778		3125	70.37
33	2	0.14532012		3269	68.4
34	3	0.13744715		3172	70.37
35	3	2000.0		3291	67.87
36	3	0.13996148		3283	67.94
37	3	2000.0		210	92.54
38	3	1.8571188		216	76.01
39	3	1.1880465		3168	70.41


Run no: 9
0	1	2000.0		208	86.18
1	1	0.15264414		371	78.44
2	1	0.19391978		373	77.66
3	1	0.23204409		211	81.81
4	1	0.08044902		547	72.31
5	1	0.11466883		560	69.04
6	1	0.1517644		365	80.74
7	1	0.21407083		210	86.06
8	1	0.1484926		523	73.39
9	1	0.06063065		216	81.34
10	1	0.25329718		380	74.52
11	1	0.07419523		735	67.76
12	1	0.09106848		548	70.86
13	1	0.0467517		571	68.24
14	1	0.88377625		742	67.68
15	1	0.07261955		576	68.18
16	1	0.059571322		3530	65.83
17	1	0.059883647		540	72.46
18	1	0.92672753		3440	66.28
19	1	2000.0		3541	65.68
20	1	0.07397276		257	80.85
21	1	0.09238085		553	70.48
22	2	0.3772392		310	80.96
23	2	2000.0		3531	65.83
24	2	2000.0		208	92.34
25	2	0.04293964		302	81.28
26	2	0.40104863		213	81.81
27	2	1.0145562		3440	66.32
28	2	0.3627608		544	73.21
29	2	0.051598128		544	73.21
30	2	0.079058625		550	71.89
31	2	0.111117795		551	71.17
32	2	0.018314224		217	81.78
33	2	0.0444401		235	81.5
34	2	1.0523449		562	69.04
35	3	2000.0		3501	66.32
36	3	0.0602762		3465	66.35
37	3	2000.0		367	80.94
38	3	1.9397238		379	78.59
39	3	1.8218935		3445	66.94


Run no: 10
0	1	0.2494355		193	85.18
1	1	0.049269926		240	79.61
2	1	0.09187054		203	83.42
3	1	2000.0		191	90.07
4	1	0.017175457		209	83.1
5	1	0.23644671		457	74.72
6	1	0.20884103		192	89.22
7	1	0.04234978		241	79.11
8	1	0.025825765		245	78.64
9	1	0.023895038		255	78.57
10	1	0.111628674		458	72.45
11	1	0.04971824		4660	67.68
12	1	0.08903754		213	82.67
13	1	0.019131318		210	83.05
14	1	0.121319234		4829	67.2
15	1	0.108093455		214	80.98
16	1	0.054355264		4723	67.32
17	1	0.18571694		431	77.87
18	1	0.86343604		4417	69.7
19	1	0.06361187		227	80.2
20	1	0.068669		478	72.2
21	1	2000.0		5177	66.61
22	1	0.06513686		260	78.15
23	1	0.041970715		4436	69.3
24	1	0.08206354		4609	67.95
25	1	0.031915963		4520	69.2
26	1	0.07113216		4542	69.05
27	1	0.8965764		743	72.18
28	2	0.073426045		4626	68.98
29	2	1.3212804		4563	69.09
30	2	0.1997507		4653	67.95
31	2	0.049125843		260	78.48
32	2	1.31842		316	78.4
33	2	0.30522016		229	80.84
34	2	2000.0		5184	67.17
35	2	2000.0		193	87.75
36	2	0.12462296		196	85.43
37	2	0.22964397		199	85.21
38	2	0.12088562		243	79.11
39	3	2000.0		4573	69.1


Run no: 11
0	1	2000.0		206	85.16
1	1	0.11855919		268	79.62
2	1	0.15108246		212	85.14
3	1	0.12778771		572	75.74
4	1	0.11889967		600	74.42
5	1	0.017449778		295	78.56
6	1	0.071636304		316	77.84
7	1	0.044099703		325	76.93
8	1	0.08807173		765	73.36
9	1	0.21411446		214	82.81
10	1	2000.0		3143	69.32
11	1	0.046433438		475	75.77
12	1	0.030693168		794	71.35
13	1	0.029146805		229	81.42
14	1	0.00947679		283	78.61
15	1	0.03372205		794	71.35
16	1	0.034388833		282	78.64
17	1	0.0067529227		233	81.4
18	1	0.092859775		216	81.77
19	1	0.059492394		325	76.93
20	1	0.034481045		269	79.59
21	1	0.06727386		606	74.04
22	1	0.042397287		313	78.0
23	1	0.09706617		627	73.5
24	1	0.081226595		469	75.92
25	1	0.06440103		271	79.09
26	1	0.04148224		312	78.49
27	1	0.06344342		830	70.88
28	1	0.007965895		234	81.34
29	1	0.88602316		832	70.55
30	1	0.11428186		767	72.86
31	1	0.12016229		236	81.29
32	1	0.112792246		331	76.28
33	1	0.104521334		791	71.69
34	2	2000.0		833	70.63
35	2	2000.0		264	81.29
36	2	1.1041176		335	76.29
37	2	0.9708055		596	75.74
38	2	0.43537095		783	72.86
39	2	0.5988156		739	73.51


Run no: 12
0	1	0.25104293		200	81.24
1	1	0.056907624		253	78.94
2	1	0.039504267		260	78.28
3	1	0.00960906		509	76.04
4	1	0.019526858		510	75.89
5	1	0.089528084		475	76.59
6	1	2000.0		4637	65.73
7	1	0.07642883		4560	66.83
8	1	0.032167416		216	80.73
9	1	0.05928275		564	74.16
10	1	0.03470946		256	78.78
11	1	0.3274973		3016	68.19
12	1	0.1061276		691	73.26
13	1	0.04938565		4394	67.43
14	1	0.04999498		218	80.68
15	1	0.019996861		262	78.02
16	1	0.0415123		511	75.66
17	1	0.12963037		2906	69.7
18	1	0.090010636		295	76.9
19	1	0.034329817		516	75.09
20	1	0.057164907		276	77.49
21	1	0.023975266		4574	65.74
22	1	0.57766163		2786	70.9
23	1	0.09523406		224	79.77
24	1	0.02976029		273	77.94
25	1	0.3485829		4314	67.53
26	1	1000.2214		198	85.65
27	1	0.057499994		523	75.03
28	1	0.07379077		570	74.06
29	1	0.03967933		4453	67.17
30	1	0.035269823		503	76.05
31	1	0.05787274		4564	65.88
32	1	0.041172802		4481	67.03
33	1	0.10058357		3014	68.22
34	1	0.06903611		845	73.18
35	1	0.08727408		2833	69.99
36	1	0.5517185		915	72.89
37	2	2000.0		278	77.49
38	2	2000.0		4606	65.77
39	2	2.0		694	73.86


Run no: 13
0	1	0.011688489		240	82.49
1	1	2000.0		201	90.91
2	1	0.081418484		250	80.43
3	1	0.03690932		222	84.28
4	1	0.009738411		259	80.32
5	1	0.05436578		260	80.25
6	1	0.058726765		225	84.05
7	1	0.21291257		500	70.42
8	1	0.059577614		261	78.94
9	1	0.18233722		477	73.37
10	1	0.09550431		402	78.22
11	1	0.008379346		241	82.47
12	1	0.06640676		274	78.82
13	1	0.11609447		507	68.12
14	1	0.06491963		231	82.7
15	1	2000.0		3880	65.27
16	1	0.071961746		569	67.51
17	1	0.040643357		511	67.52
18	1	0.0820095		245	82.31
19	1	0.927276		638	66.56
20	1	0.14851262		413	77.34
21	1	0.009785797		223	84.15
22	1	0.93152976		3748	65.89
23	1	0.17223223		439	74.67
24	1	0.26428843		202	84.95
25	2	0.04127591		216	85.78
26	2	0.29600462		219	85.44
27	2	2000.0		202	88.73
28	2	0.13047022		203	86.3
29	2	1.1319877		3830	66.22
30	2	0.009674924		484	73.47
31	2	0.30541408		482	73.57
32	2	0.13612334		486	73.37
33	2	2000.0		3880	65.44
34	2	1.2161884		503	70.42
35	2	0.58116704		264	79.19
36	3	2000.0		207	86.42
37	3	2000.0		3891	65.48
38	3	1.5427606		525	70.26
39	3	1.141952		3885	65.57


Run no: 14
0	1	2000.0		206	80.68
1	1	0.07080673		215	79.43
2	1	0.074808516		286	75.94
3	1	0.17247772		250	78.12
4	1	0.025043506		225	79.38
5	1	2000.0		2893	66.36
6	1	0.07401819		244	78.87
7	1	0.011031025		415	72.54
8	1	0.13353479		2802	66.46
9	1	0.07842982		448	72.33
10	1	0.023274696		226	79.13
11	1	0.16563247		274	76.56
12	1	1.0097172		2647	69.49
13	1	0.090639964		213	80.33
14	1	0.13355142		2780	67.67
15	1	0.07122073		300	74.82
16	1	0.13572592		2720	68.88
17	1	0.024855345		235	79.1
18	1	0.02694616		422	72.44
19	1	0.083422564		293	75.59
20	1	0.07675717		477	71.61
21	1	0.20057389		323	74.73
22	1	0.18717189		413	72.55
23	1	0.9556368		491	71.46
24	1	0.106826946		2749	68.09
25	2	0.15029654		2750	68.59
26	2	0.3512978		218	79.43
27	2	2000.0		2807	66.56
28	2	0.13774121		2665	69.49
29	2	0.083819084		216	79.9
30	2	2000.0		206	82.19
31	2	0.28020746		479	71.61
32	2	0.91094375		479	71.61
33	2	0.15179309		2788	67.88
34	2	0.1503578		208	80.68
35	2	0.06513883		2653	70.16
36	2	0.6006659		301	74.92
37	2	0.9286027		2652	70.43
38	3	2000.0		217	80.06
39	3	2000.0		2793	67.88


Run no: 15
0	1	0.03477053		407	77.8
1	1	0.09844511		415	73.0
2	1	0.017342113		409	77.77
3	1	0.50395197		212	82.07
4	1	0.089321174		228	80.08
5	1	2000.0		211	95.81
6	1	0.04491747		283	79.22
7	1	0.14230907		417	70.27
8	1	0.04819774		231	79.48
9	1	0.07655956		219	81.86
10	1	0.94892824		551	70.23
11	1	0.97366655		3361	69.61
12	1	0.037718233		366	78.6
13	1	0.017027846		413	77.37
14	1	2000.0		3393	67.99
15	1	0.04837035		287	78.72
16	1	0.15663141		415	73.0
17	1	0.04164127		383	78.51
18	1	0.15770978		414	77.34
19	2	0.016587302		289	79.17
20	2	0.024134703		345	78.88
21	2	0.053458482		364	78.8
22	2	2000.0		3394	67.99
23	2	1.2439067		422	70.27
24	2	0.026633365		310	79.03
25	2	0.09321184		213	84.47
26	2	0.06393702		217	82.07
27	2	0.48691264		212	85.07
28	2	0.050957374		283	79.29
29	2	2000.0		211	100.07
30	2	0.28411955		408	77.8
31	2	0.10739351		229	80.2
32	2	0.076069646		215	82.11
33	3	0.022212345		341	79.12
34	3	0.26898637		342	79.07
35	3	0.38478318		290	79.17
36	3	2000.0		3399	67.99
37	3	1.3462305		430	70.49
38	3	0.53263247		416	74.95
39	3	2000.0		214	84.98


Run no: 16
0	1	0.011622186		230	85.07
1	1	0.057562843		570	68.67
2	1	0.23519751		236	80.42
3	1	0.22748382		440	70.23
4	1	0.08864392		232	85.0
5	1	2000.0		226	85.19
6	1	0.2658514		410	74.1
7	1	0.23063768		233	83.32
8	1	0.21502912		240	78.67
9	1	0.09321152		2950	65.71
10	1	0.07985626		442	69.78
11	1	0.95696855		2886	66.31
12	1	0.043996464		498	68.73
13	1	0.10096047		304	75.76
14	1	0.12040703		363	75.0
15	1	2000.0		3066	65.21
16	1	0.16818085		244	76.18
17	1	0.93361104		643	68.6
18	1	0.07227086		455	68.74
19	1	0.0658701		3010	65.32
20	2	0.9711279		477	68.74
21	2	2000.0		3489	65.21
22	2	1.1205499		2963	66.26
23	2	0.2460476		446	70.19
24	2	0.089593		448	69.85
25	2	0.17174461		304	75.88
26	2	0.38807812		266	76.62
27	2	0.043949306		269	76.42
28	2	2000.0		235	83.32
29	2	0.011965564		267	76.47
30	2	0.35782966		411	74.1
31	3	0.1470893		3093	65.47
32	3	1.781071		478	68.74
33	3	2000.0		3490	65.25
34	3	0.95439696		2960	66.36
35	3	0.085898414		3067	65.59
36	3	2000.0		233	85.0
37	4	2000.0		3450	65.55
38	4	2.0		3082	65.66
39	4	2000.0		480	68.81


Run no: 17
0	1	0.022088826		481	75.47
1	1	2000.0		216	84.51
2	1	0.058883306		720	72.05
3	1	0.027817661		246	80.25
4	1	0.12884858		222	80.67
5	1	0.018964872		542	73.34
6	1	0.1544036		410	76.08
7	1	0.17027567		342	78.56
8	1	0.09408053		2942	67.87
9	1	0.030713249		724	71.92
10	1	0.19984776		218	82.93
11	1	0.8841978		742	71.59
12	1	0.0385525		545	73.27
13	1	0.038732305		480	75.55
14	1	0.029045785		501	74.83
15	1	0.10805679		322	78.84
16	1	0.039355062		483	75.14
17	1	0.07164588		534	73.57
18	1	0.067674406		553	72.66
19	1	0.029287932		239	80.56
20	1	0.08459416		573	72.13
21	1	0.018207261		503	74.7
22	1	0.8919435		2911	68.27
23	1	0.2746678		2975	66.84
24	1	0.044672117		450	76.03
25	1	2000.0		3358	65.11
26	1	0.06811375		508	74.52
27	1	0.09686883		260	80.15
28	1	0.015308064		419	76.04
29	2	0.29899004		435	76.04
30	2	0.49320316		219	84.41
31	2	1.2078068		583	72.33
32	2	0.16987951		535	74.43
33	2	2000.0		3371	65.11
34	2	0.34589067		239	80.62
35	2	2000.0		216	95.28
36	3	2000.0		3761	65.37
37	3	2000.0		219	84.46
38	3	1.9630289		3614	66.51
39	3	0.08997027		3682	65.65


Run no: 18
0	1	0.11803817		216	84.91
1	1	2000.0		192	87.61
2	1	0.09980249		229	80.93
3	1	0.030497106		230	80.82
4	1	0.071710736		231	80.28
5	1	0.05587062		233	79.28
6	1	0.1201893		204	86.84
7	1	0.092537545		217	84.36
8	1	0.025187735		628	73.18
9	1	0.027201971		486	77.76
10	1	0.7663583		644	72.73
11	1	0.033674907		507	77.3
12	1	0.123699546		364	77.98
13	1	0.04379498		627	73.46
14	1	0.18340309		546	77.0
15	1	0.016025892		466	77.78
16	1	0.10073138		248	79.18
17	1	0.025686406		637	72.98
18	1	0.02771042		503	77.44
19	1	0.16138338		218	82.91
20	1	0.875792		2982	72.27
21	1	0.251848		2998	69.7
22	1	2000.0		3388	65.85
23	1	0.04110607		448	77.85
24	1	0.18802801		607	73.99
25	1	0.039140724		202	87.43
26	1	0.29895768		3054	67.28
27	2	2000.0		3354	67.75
28	2	2000.0		193	87.61
29	2	1.0263879		3080	68.92
30	2	0.9848406		645	72.91
31	2	0.3791133		465	77.89
32	2	0.3703001		226	83.39
33	2	0.22952585		598	77.12
34	2	0.2268526		637	73.13
35	2	0.2051746		223	84.29
36	2	0.14559382		3092	67.9
37	2	0.054280948		572	77.28
38	2	0.046266288		224	83.73
39	2	0.034474634		506	77.62


Run no: 19
0	1	0.31846005		195	84.46
1	1	2000.0		193	90.22
2	1	0.09150612		401	75.37
3	1	0.16526201		226	79.32
4	1	0.07594021		208	83.61
5	1	0.043750618		458	75.07
6	1	0.013444479		201	83.71
7	1	0.021834288		237	79.07
8	1	0.04958708		241	78.96
9	1	0.020606853		269	77.96
10	1	0.071090646		282	76.4
11	1	0.08935197		363	76.3
12	1	0.12080637		599	72.83
13	1	0.0067331726		240	78.97
14	1	0.2180776		214	82.26
15	1	0.070519224		273	77.15
16	1	0.044316452		463	74.89
17	1	0.04136949		272	77.76
18	1	0.039045826		197	83.81
19	1	0.07923162		465	74.22
20	1	0.7643054		761	72.79
21	1	0.09545642		3286	70.36
22	1	2000.0		3293	70.01
23	1	0.8588734		2749	71.4
24	1	0.058512714		248	78.02
25	1	0.11200364		477	73.38
26	1	0.22468548		3129	70.87
27	2	0.42960778		264	78.26
28	2	0.96710515		542	74.14
29	2	0.9557346		2876	71.55
30	2	0.25443137		3219	71.26
31	2	2000.0		3491	70.19
32	2	0.34056437		199	83.81
33	2	0.027319197		214	83.52
34	2	0.27777138		215	83.36
35	2	2000.0		194	90.22
36	2	0.29001054		415	75.97
37	3	2000.0		3587	70.22
38	3	2000.0		194	92.23
39	3	1.8278108		561	74.19


Run no: 20
0	1	0.2950731		209	79.94
1	1	0.11955529		218	76.79
2	1	0.23590933		208	83.26
3	1	0.017884195		592	68.26
4	1	0.089152716		229	75.65
5	1	0.19590752		216	78.49
6	1	2000.0		3751	67.47
7	1	0.0730828		222	76.57
8	1	0.075188175		443	72.31
9	1	0.07385589		590	68.41
10	1	0.063151784		290	75.43
11	1	0.17368537		505	70.3
12	1	0.044858284		318	75.03
13	1	0.024450408		599	68.16
14	1	2000.0		204	83.76
15	1	0.14086814		463	71.7
16	1	0.030989278		325	74.86
17	1	0.91465735		3748	67.86
18	1	0.13998601		526	69.16
19	1	0.17122537		438	72.81
20	1	0.15770198		343	74.64
21	1	0.90620875		633	68.05
22	2	0.9515443		664	68.05
23	2	0.044860452		530	70.21
24	2	0.10968194		539	69.85
25	2	2000.0		3789	67.71
26	2	0.17457478		452	72.31
27	2	0.8952412		3770	67.81
28	2	0.24265221		325	74.93
29	2	0.07826519		233	76.5
30	2	0.1277198		234	75.65
31	2	2000.0		210	83.1
32	2	0.33296952		215	80.6
33	2	0.2714361		219	76.79
34	2	0.15824604		511	70.42
35	2	0.2057252		442	72.81
36	2	0.15188502		590	68.78
37	2	0.16384019		211	81.88
38	3	2000.0		3790	67.71
39	3	2000.0		336	74.94


Run no: 21
0	1	0.14075243		241	82.74
1	1	0.14033724		250	79.24
2	1	0.46518457		215	85.43
3	1	0.040474683		255	78.28
4	1	0.1289239		222	85.01
5	1	0.23047422		460	76.32
6	1	0.060758077		256	78.08
7	1	0.008378323		255	78.28
8	1	0.060495954		473	74.46
9	1	0.4279255		900	70.48
10	1	0.14327607		481	73.86
11	1	0.05381227		464	75.12
12	1	0.091080524		323	76.87
13	1	0.14301255		908	70.11
14	1	0.035022333		466	75.02
15	1	0.19671439		325	76.55
16	1	0.48093578		592	70.65
17	1	0.18083897		532	72.57
18	1	2000.0		987	69.62
19	1	2000.0		214	97.85
20	1	0.13562453		244	81.84
21	1	0.1295375		265	76.93
22	1	0.14563242		560	71.64
23	2	0.0987559		319	78.05
24	2	0.4985441		245	81.86
25	2	0.5417363		591	71.64
26	2	0.09914182		564	71.79
27	2	0.09172334		220	85.68
28	2	2000.0		215	86.42
29	2	0.34689304		261	78.08
30	2	0.58935475		485	74.11
31	2	0.26070616		560	72.5
32	2	0.4768337		330	76.55
33	2	0.11013787		321	77.9
34	2	0.27609184		228	85.26
35	2	2000.0		901	70.48
36	2	0.524668		887	70.66
37	3	2000.0		3903	70.21
38	3	2000.0		217	86.42
39	3	2.0		2914	70.31


Run no: 22
0	1	0.077940054		258	80.06
1	1	2000.0		203	87.73
2	1	0.047415204		252	80.71
3	1	0.285388		3895	68.65
4	1	0.12162473		326	75.63
5	1	0.11472051		579	72.69
6	1	0.05742242		2924	70.52
7	1	0.076348804		782	72.32
8	1	0.21675931		341	73.56
9	1	0.05830796		793	72.02
10	1	0.56234425		2795	70.76
11	1	0.37346065		206	80.72
12	1	0.06348593		586	72.46
13	1	0.04376125		2860	70.74
14	1	0.2928098		3034	69.12
15	1	0.027919987		2922	70.55
16	1	0.013636354		581	72.54
17	1	0.20231906		306	75.75
18	1	0.23394102		285	79.36
19	1	2000.0		4055	68.27
20	1	0.10049904		2969	69.67
21	1	0.58447826		872	71.64
22	1	0.061064098		3971	68.3
23	2	1.010801		581	72.66
24	2	0.61197007		304	79.78
25	2	2000.0		3973	68.47
26	2	0.27824172		318	76.68
27	2	0.15894736		308	76.77
28	2	0.13777351		3272	69.53
29	2	0.2390706		3273	69.4
30	2	0.8707176		2967	70.53
31	2	2000.0		204	88.44
32	3	2000.0		4078	68.31
33	3	0.51232845		3053	69.69
34	3	0.36134878		4037	68.53
35	3	0.029309832		4042	68.5
36	3	1.4583617		812	72.41
37	3	0.8207665		2912	71.09
38	3	2000.0		295	80.22
39	4	2000.0		4130	68.31


Run no: 23
0	1	0.016418923		231	79.22
1	1	0.08268182		242	78.48
2	1	0.04151536		202	83.15
3	1	2000.0		181	92.81
4	1	0.019530803		203	82.79
5	1	0.09297624		402	74.34
6	1	0.03303925		233	78.97
7	1	0.13176553		449	72.5
8	1	0.092011794		207	82.7
9	1	0.14034379		211	80.54
10	1	0.10976107		390	75.89
11	1	0.02206114		3174	67.99
12	1	0.08284342		452	71.44
13	1	0.06553953		401	74.44
14	1	0.09174501		312	76.46
15	1	0.05906046		229	79.35
16	1	0.05105517		815	70.82
17	1	0.053789813		3142	69.24
18	1	0.067885466		857	70.0
19	1	0.020934964		3176	67.96
20	1	0.3637212		183	87.56
21	1	2000.0		3194	67.63
22	1	0.7671827		3109	69.31
23	1	0.10345506		244	76.98
24	1	0.181445		188	83.71
25	1	0.060263216		3155	68.34
26	1	0.094045475		561	71.35
27	1	0.10534981		721	71.32
28	1	0.046505123		815	70.82
29	1	0.7748305		858	69.47
30	2	1.4762837		3004	69.97
31	2	1.3577346		300	77.9
32	2	0.25784028		250	78.17
33	2	0.031239579		262	78.13
34	2	0.4924767		214	82.65
35	2	2000.0		196	87.04
36	2	1000.05646		3172	68.34
37	2	1000.08716		3172	68.34
38	3	2000.0		816	70.82
39	3	2000.0		3015	69.97


Run no: 24
0	1	2000.0		221	93.04
1	1	0.059435826		453	75.96
2	1	0.07000937		444	77.56
3	1	0.04149997		459	75.9
4	1	0.07984399		233	89.75
5	1	0.055795122		443	77.96
6	1	0.014564835		268	86.02
7	1	0.052785475		3430	67.53
8	1	0.03826986		580	75.48
9	1	0.06008913		238	88.28
10	1	0.029107422		274	85.82
11	1	0.0035995767		580	75.48
12	1	0.12658219		281	85.24
13	1	2000.0		5266	63.64
14	1	0.016684197		3379	68.16
15	1	0.17426327		365	78.74
16	1	0.23773858		300	82.25
17	1	0.076244414		241	88.03
18	1	0.56889695		3056	73.81
19	1	0.02116462		5125	64.41
20	1	0.54758567		581	75.38
21	1	0.052254204		5060	64.75
22	1	0.16155148		3222	71.37
23	1	0.0994603		5041	65.82
24	1	0.043095138		5154	64.32
25	1	0.1403036		3347	68.26
26	1	0.024448669		5109	64.68
27	1	0.04532945		5212	63.65
28	1	0.03153759		3402	68.09
29	1	0.31818968		3507	67.15
30	1	0.11428335		223	90.54
31	1	0.09098623		3136	71.78
32	1	0.0849049		3077	73.2
33	1	0.34930155		4910	66.8
34	1	0.07371918		252	86.12
35	2	2000.0		3442	67.65
36	2	2000.0		224	92.54
37	2	1.6419743		265	86.17
38	2	1.4624193		3085	73.8
39	2	0.35802567		3183	72.34


Run no: 25
0	1	2000.0		192	88.55
1	1	0.15674697		224	82.23
2	1	0.05976136		194	87.36
3	1	0.16307893		220	85.52
4	1	0.018345226		228	81.98
5	1	0.116351		446	73.55
6	1	0.063750915		548	73.27
7	1	0.06951068		195	87.2
8	1	0.1635175		254	77.75
9	1	0.044497516		230	81.85
10	1	0.14766018		236	80.84
11	1	0.11740919		445	75.24
12	1	0.10423761		2753	70.2
13	1	0.047311995		2682	71.33
14	1	0.07346673		292	77.47
15	1	0.08065417		199	85.8
16	1	0.26077852		3509	66.78
17	1	0.66676885		556	72.35
18	1	0.19876263		2878	66.87
19	1	2000.0		3576	65.62
20	1	0.17379121		2786	69.18
21	1	0.6727338		2679	71.93
22	1	0.099054165		296	76.35
23	1	0.04582015		231	80.98
24	1	0.042486176		554	72.82
25	1	0.09243893		304	75.28
26	1	0.12792815		2860	66.94
27	1	0.07026151		2693	70.94
28	2	2000.0		3600	66.05
29	2	2000.0		205	86.93
30	2	1.0023435		2807	69.54
31	2	1.0012103		446	74.95
32	2	0.3046984		2877	67.16
33	2	0.26612115		3555	66.78
34	2	0.329576		256	78.68
35	2	0.24413818		215	86.15
36	2	0.22818744		229	81.98
37	2	0.16599885		232	81.49
38	2	0.13460323		2862	68.88
39	2	0.2346045		442	75.9


Run no: 26
0	1	2000.0		223	82.64
1	1	0.03556134		290	75.37
2	1	0.21427241		228	80.09
3	1	0.060323596		275	75.7
4	1	0.1627354		227	81.97
5	1	0.19691283		236	76.06
6	1	0.028338611		345	72.96
7	1	0.05140402		357	72.65
8	1	0.09661993		298	75.25
9	1	0.09960759		304	73.91
10	1	0.8494046		2753	72.09
11	1	0.36152032		3143	70.74
12	1	0.20600334		2809	70.77
13	1	0.7767349		362	72.23
14	1	0.06770592		338	73.87
15	1	2000.0		3455	66.82
16	1	0.34432226		3434	68.11
17	1	0.059687965		341	73.02
18	1	0.2572161		229	78.59
19	2	0.066645235		343	73.02
20	2	0.40779874		231	78.65
21	2	2000.0		3703	67.01
22	2	0.27810487		3481	67.25
23	2	0.4458935		225	83.02
24	2	2000.0		223	87.93
25	2	0.73881286		365	72.6
26	2	0.32586426		3359	70.76
27	2	0.026398322		350	72.99
28	2	0.23243885		3039	71.41
29	2	0.8252742		2783	72.16
30	2	0.10412079		331	74.27
31	2	0.23810466		325	75.09
32	3	2000.0		226	87.74
33	3	2000.0		3574	67.66
34	3	1.651749		229	80.09
35	3	0.18192999		3206	70.91
36	3	0.15427062		3549	68.06
37	3	1.2819272		3105	71.84
38	3	0.24438149		3471	70.14
39	3	0.076482005		3117	71.67


Run no: 27
0	1	2000.0		207	79.73
1	1	0.020587573		425	74.0
2	1	0.06538762		243	74.71
3	1	0.01990591		426	73.94
4	1	0.07859107		421	74.17
5	1	0.014638971		428	73.77
6	1	1.0541369		2751	70.21
7	1	0.01552211		433	72.56
8	1	0.06424089		211	77.53
9	1	0.1819873		209	78.23
10	1	0.13238539		227	76.39
11	1	0.03508719		437	72.47
12	1	0.05609283		212	77.46
13	1	0.10500301		245	74.21
14	1	0.97423446		442	72.17
15	1	0.08030531		219	76.88
16	1	2000.0		3141	67.55
17	1	0.04295654		226	76.54
18	1	0.094277725		428	73.77
19	1	0.101047345		430	72.63
20	1	0.24507809		2795	67.86
21	1	0.20793584		2764	68.97
22	1	0.14338434		229	74.94
23	2	0.31443945		2799	68.03
24	2	0.10473492		219	76.93
25	2	1.0398676		2754	70.81
26	2	0.13421802		211	78.13
27	2	0.30660766		433	72.61
28	2	2000.0		208	85.28
29	2	0.40772843		209	79.23
30	2	2000.0		3160	67.7
31	2	0.8886357		448	72.31
32	2	0.31822702		228	76.39
33	3	2000.0		2759	70.89
34	3	0.8729891		2827	68.68
35	3	0.991005		2792	70.44
36	3	2000.0		3087	68.07
37	3	0.79315865		2914	68.19
38	3	0.29683447		2885	68.57
39	3	0.21583636		2862	68.58


Run no: 28
0	1	2000.0		214	81.61
1	1	0.052117087		256	74.96
2	1	0.10634024		405	71.78
3	1	0.027244175		247	75.11
4	1	0.08604706		592	68.55
5	1	0.038373258		406	71.69
6	1	0.1430479		409	71.13
7	1	0.031293508		592	68.55
8	1	2000.0		4321	64.23
9	1	0.23268184		3217	67.32
10	1	0.045325797		4268	64.83
11	1	0.13317968		4041	65.8
12	1	0.2880899		4027	67.18
13	1	0.092290856		4073	65.06
14	1	0.08290807		558	68.95
15	1	0.16171105		424	69.28
16	1	0.6238766		3121	67.39
17	1	0.38202816		215	75.26
18	1	0.17795336		293	73.06
19	1	0.11833007		272	74.31
20	1	0.68252134		702	67.52
21	1	0.047427237		4273	64.39
22	1	0.060713515		4205	64.89
23	2	0.53788835		273	74.31
24	2	1.1067759		706	67.86
25	2	2000.0		4424	64.27
26	2	1.1622884		4165	65.7
27	2	2000.0		215	77.14
28	2	0.079298936		216	76.85
29	2	0.07193986		225	76.15
30	2	0.04390359		231	75.97
31	2	0.13896075		243	75.64
32	2	0.47408345		427	69.28
33	2	0.059487354		558	69.08
34	2	0.12995684		576	68.97
35	3	0.18486984		4228	65.64
36	3	2000.0		4324	64.57
37	3	1.0102874		4088	65.99
38	3	2000.0		245	75.75
39	3	1.8151301		917	67.86


Run no: 29
0	1	0.13071063		416	74.45
1	1	0.037672214		259	79.41
2	1	0.021351168		464	73.59
3	1	0.15721695		218	81.57
4	1	0.03252828		430	74.18
5	1	0.68862736		474	71.33
6	1	0.089379236		465	73.37
7	1	0.044505678		251	79.6
8	1	2000.0		194	88.46
9	1	0.07868542		2876	69.64
10	1	0.08461641		235	80.23
11	1	0.02699082		2816	69.92
12	1	0.036123745		3066	67.79
13	1	0.009818195		418	74.32
14	1	0.29265115		216	84.92
15	1	0.00990716		423	74.28
16	1	0.015101987		222	81.52
17	1	0.07940876		2886	68.38
18	1	0.02940369		196	88.28
19	1	0.06278275		229	81.31
20	1	0.07691975		2770	69.95
21	1	0.09590773		471	71.68
22	1	0.03033141		2817	69.66
23	1	0.036910404		442	73.69
24	1	0.10515728		3074	67.45
25	1	0.7338568		2764	71.27
26	1	0.017883541		3067	67.72
27	1	0.06068887		2959	67.82
28	1	0.14847876		261	78.84
29	1	0.17551205		3344	67.19
30	1	0.046932176		2888	67.98
31	1	2000.0		3617	66.59
32	1	0.10718944		3548	66.64
33	1	0.2460135		293	76.38
34	1	0.15947795		207	87.9
35	2	2000.0		234	81.31
36	2	2000.0		3611	66.64
37	2	1.468439		2889	67.98
38	2	1.2735474		420	74.32
39	2	0.5315611		416	75.92


Run no: 30
0	1	0.107981175		430	76.55
1	1	0.07122104		227	79.11
2	1	0.067226514		438	75.65
3	1	2000.0		4463	69.6
4	1	0.28054678		213	86.9
5	1	0.11098108		225	80.09
6	1	0.10338636		3071	71.27
7	1	0.059945498		459	74.29
8	1	0.32674533		4378	69.76
9	1	0.10905438		257	77.65
10	1	0.03822453		238	78.08
11	1	0.5478353		470	72.79
12	1	2000.0		210	93.54
13	1	0.04312028		2892	71.34
14	1	0.026669268		4443	69.67
15	1	0.03947501		432	76.05
16	1	0.045011915		2905	71.31
17	1	0.21770754		220	86.88
18	1	0.37038684		3080	69.82
19	1	0.28480136		224	81.75
20	1	0.06174638		439	74.48
21	1	0.061339274		2766	72.34
22	1	0.06524305		463	73.18
23	1	0.5586512		2713	72.73
24	1	0.07139724		2798	71.74
25	1	0.045610636		233	78.43
26	2	0.0372818		234	78.46
27	2	0.1269289		467	73.43
28	2	0.9773323		2798	71.85
29	2	0.2756908		451	75.4
30	2	0.3365643		227	79.13
31	2	0.20222197		241	78.16
32	2	2000.0		3176	69.89
33	2	0.21010992		3082	70.25
34	2	0.0306182		233	78.98
35	2	2000.0		210	93.6
36	2	0.8525455		536	73.07
37	2	0.61602265		223	86.88
38	3	2000.0		2896	71.74
39	3	2000.0		2815	71.97

