
Run no: 1
79.4	
79.4	
79.4	
74.24	
74.24	
74.24	
74.14	
74.14	
74.14	
66.29	
66.28	
66.28	
66.24	
66.24	
66.08	
66.08	
66.08	
66.08	
66.08	
66.08	
66.08	
66.08	
66.08	
66.08	
65.29	
65.29	
65.29	
65.29	
65.29	
65.29	
65.29	

Run no: 2
79.25	
78.08	
76.61	
76.61	
76.5	
76.25	
75.31	
72.57	
69.51	
69.51	
69.51	
69.19	
69.19	
68.99	
68.99	
68.99	
68.99	
68.74	
68.74	
68.74	
68.74	
68.74	
68.67	
65.54	
65.54	
65.53	
65.53	
65.53	
64.43	
64.43	
64.32	

Run no: 3
79.51	
78.4	
78.4	
78.4	
78.4	
78.26	
78.26	
74.51	
74.46	
71.43	
68.81	
68.81	
68.81	
68.81	
68.81	
68.09	
68.09	
68.09	
66.36	
66.36	
66.36	
66.36	
66.36	
66.36	
66.36	
66.36	
65.96	
65.96	
63.6	
63.6	
63.6	

Run no: 4
77.01	
76.51	
76.51	
75.82	
69.52	
69.52	
69.52	
69.4	
69.4	
69.3	
69.3	
69.3	
69.3	
69.3	
69.3	
69.3	
69.3	
69.3	
69.3	
69.3	
69.3	
69.2	
69.03	
69.03	
68.55	
68.55	
68.55	
68.55	
68.55	
68.55	
68.55	

Run no: 5
79.88	
79.88	
79.78	
78.92	
72.09	
72.09	
68.84	
68.84	
68.84	
68.84	
68.84	
68.84	
68.84	
68.84	
68.84	
68.77	
68.77	
68.77	
68.77	
68.63	
68.63	
68.59	
68.59	
68.44	
68.44	
68.19	
68.14	
68.07	
68.07	
67.89	
67.89	

Run no: 6
73.28	
73.28	
73.28	
73.28	
72.79	
72.79	
72.79	
72.79	
72.75	
72.74	
72.65	
72.65	
72.45	
72.45	
72.45	
72.45	
72.26	
70.67	
69.16	
69.11	
69.11	
67.28	
67.28	
67.17	
67.17	
67.17	
67.17	
67.17	
66.1	
65.96	
65.96	

Run no: 7
77.51	
77.0	
74.83	
74.83	
74.72	
74.72	
74.72	
74.72	
74.72	
74.72	
72.04	
72.04	
72.04	
72.04	
68.85	
68.85	
68.85	
68.53	
68.53	
68.53	
68.53	
68.53	
66.63	
66.63	
66.63	
66.63	
66.57	
66.57	
66.57	
66.57	
66.57	

Run no: 8
76.15	
76.15	
76.15	
76.15	
76.15	
76.15	
76.15	
76.15	
73.36	
73.36	
73.36	
73.36	
73.36	
69.53	
69.53	
69.53	
68.65	
68.65	
68.65	
68.65	
67.87	
67.36	
67.36	
67.36	
67.36	
67.36	
67.36	
67.36	
67.36	
67.36	
67.06	

Run no: 9
70.99	
70.99	
70.86	
70.86	
70.86	
67.89	
67.89	
67.89	
67.37	
67.37	
67.37	
67.37	
67.37	
67.37	
66.89	
66.89	
66.89	
66.89	
66.07	
66.07	
66.07	
66.07	
65.99	
65.99	
65.99	
65.84	
65.84	
65.84	
65.83	
65.83	
65.68	

Run no: 10
74.52	
74.52	
74.52	
74.52	
74.47	
73.94	
69.66	
69.66	
69.61	
69.61	
69.0	
68.96	
68.93	
68.1	
68.1	
68.1	
67.77	
67.35	
67.35	
67.32	
67.32	
67.32	
67.32	
67.25	
67.25	
67.2	
67.2	
67.2	
66.61	
66.61	
66.61	

Run no: 11
77.96	
74.62	
74.62	
74.62	
74.28	
74.28	
73.35	
72.78	
72.78	
72.78	
72.71	
72.71	
71.99	
70.56	
70.44	
70.44	
70.44	
70.44	
70.19	
70.14	
69.81	
69.81	
69.81	
69.81	
69.32	
69.32	
69.32	
69.32	
69.32	
69.32	
69.32	

Run no: 12
78.32	
78.32	
78.32	
74.7	
74.56	
73.05	
72.25	
72.25	
71.75	
71.39	
71.33	
71.33	
70.55	
70.55	
70.55	
70.55	
66.72	
66.33	
66.33	
66.23	
66.13	
66.13	
66.13	
65.73	
65.73	
65.73	
65.73	
65.73	
65.73	
65.73	
65.73	

Run no: 13
71.26	
71.26	
71.26	
71.26	
71.26	
71.26	
71.15	
71.15	
71.15	
71.15	
71.09	
70.71	
70.66	
69.84	
69.84	
69.84	
69.84	
69.84	
69.84	
69.15	
68.18	
67.98	
67.98	
65.59	
65.59	
65.44	
65.27	
65.27	
65.27	
65.27	
65.27	

Run no: 14
78.75	
78.75	
78.75	
78.75	
78.75	
78.75	
78.75	
76.92	
76.61	
76.61	
76.4	
74.98	
74.98	
74.13	
70.85	
70.85	
67.01	
67.01	
67.01	
66.76	
66.76	
66.76	
66.76	
66.76	
66.36	
66.36	
66.36	
66.36	
66.36	
66.36	
66.36	

Run no: 15
77.8	
77.8	
76.53	
72.66	
72.06	
71.78	
71.78	
71.78	
71.66	
71.28	
71.28	
71.28	
71.28	
70.57	
70.57	
70.57	
70.57	
70.57	
70.57	
70.57	
70.57	
70.57	
70.27	
70.26	
70.23	
70.21	
70.21	
70.21	
67.99	
67.99	
67.99	

Run no: 16
75.0	
73.85	
73.85	
71.65	
71.65	
68.68	
68.3	
68.14	
68.14	
68.09	
68.09	
68.09	
67.75	
67.75	
67.75	
66.35	
66.35	
66.35	
66.35	
66.35	
66.33	
65.91	
65.71	
65.25	
65.25	
65.25	
65.25	
65.21	
65.21	
65.21	
65.21	

Run no: 17
76.22	
76.22	
76.22	
76.22	
74.85	
74.85	
72.37	
67.8	
67.8	
67.8	
67.8	
67.3	
67.3	
67.3	
67.04	
67.04	
67.04	
67.01	
67.01	
66.96	
66.96	
66.95	
65.37	
65.37	
65.37	
65.37	
65.37	
65.37	
65.37	
65.11	
65.11	

Run no: 18
77.65	
77.65	
76.27	
74.44	
74.29	
74.29	
74.29	
74.29	
74.29	
71.3	
71.3	
71.3	
71.01	
69.54	
69.54	
69.54	
69.54	
69.3	
69.3	
68.12	
68.12	
68.12	
68.02	
68.02	
68.02	
68.02	
67.98	
67.98	
67.42	
67.42	
65.85	

Run no: 19
79.4	
79.4	
78.21	
78.21	
77.88	
75.33	
75.33	
72.78	
72.48	
72.48	
72.48	
72.48	
72.48	
71.88	
71.88	
71.88	
71.88	
71.41	
71.34	
71.34	
71.34	
71.34	
71.25	
71.25	
71.25	
71.25	
71.25	
70.76	
70.43	
70.19	
70.01	

Run no: 20
75.32	
75.32	
73.82	
73.82	
73.74	
72.07	
71.29	
68.26	
68.26	
68.16	
68.16	
68.16	
68.16	
68.16	
68.16	
67.74	
67.74	
67.74	
67.74	
67.74	
67.74	
67.74	
67.74	
67.47	
67.47	
67.47	
67.47	
67.47	
67.47	
67.47	
67.47	

Run no: 21
77.03	
76.53	
75.02	
75.02	
75.02	
75.02	
75.02	
74.92	
73.73	
72.45	
72.45	
72.45	
72.45	
71.12	
71.12	
71.03	
71.03	
70.61	
70.61	
70.3	
70.29	
70.29	
70.29	
70.29	
70.21	
70.21	
70.21	
70.11	
70.11	
69.62	
69.62	

Run no: 22
79.27	
77.63	
77.63	
76.28	
76.28	
76.28	
70.84	
70.75	
70.75	
70.75	
70.75	
70.75	
70.63	
70.63	
70.63	
70.3	
68.53	
68.53	
68.53	
68.53	
68.31	
68.31	
68.31	
68.31	
68.31	
68.31	
68.31	
68.31	
68.31	
68.31	
68.27	

Run no: 23
76.98	
76.98	
75.83	
75.83	
75.83	
75.83	
74.32	
74.32	
71.29	
71.05	
71.05	
71.05	
71.05	
70.11	
69.27	
69.27	
69.27	
69.27	
69.27	
69.27	
69.27	
69.27	
68.94	
68.94	
68.94	
67.99	
67.99	
67.99	
67.96	
67.63	
67.63	

Run no: 24
78.77	
78.77	
69.29	
69.29	
69.29	
69.29	
68.74	
64.62	
64.45	
64.45	
64.45	
64.45	
64.45	
64.45	
64.45	
64.45	
64.45	
64.45	
64.45	
64.45	
64.45	
64.29	
64.29	
64.29	
64.29	
64.29	
63.64	
63.64	
63.64	
63.64	
63.64	

Run no: 25
76.87	
70.69	
67.93	
67.02	
67.02	
66.72	
66.72	
66.72	
66.72	
66.72	
66.72	
66.72	
66.72	
66.72	
66.72	
66.61	
66.61	
66.61	
66.61	
66.61	
66.61	
66.61	
66.2	
66.2	
66.2	
66.2	
66.2	
66.2	
66.05	
65.62	
65.62	

Run no: 26
79.87	
78.1	
77.77	
77.65	
75.61	
75.61	
75.61	
75.61	
72.92	
72.92	
72.92	
72.06	
71.89	
70.09	
70.09	
70.09	
70.09	
67.53	
67.53	
67.53	
67.53	
67.53	
67.53	
67.53	
67.53	
67.53	
67.53	
67.53	
67.53	
67.01	
66.82	

Run no: 27
76.34	
75.64	
71.62	
71.62	
71.62	
71.62	
71.62	
71.62	
71.62	
71.62	
70.88	
70.88	
70.88	
69.24	
69.16	
68.46	
68.46	
68.46	
68.21	
68.21	
68.21	
68.19	
68.19	
67.96	
67.96	
67.96	
67.96	
67.7	
67.55	
67.55	
67.55	

Run no: 28
76.67	
75.63	
74.53	
73.38	
73.38	
73.38	
73.38	
73.38	
71.45	
71.45	
71.45	
71.45	
70.94	
69.5	
69.26	
68.09	
65.18	
65.18	
65.18	
65.18	
64.27	
64.27	
64.27	
64.27	
64.27	
64.27	
64.23	
64.23	
64.23	
64.23	
64.23	

Run no: 29
75.36	
75.36	
75.36	
75.26	
73.99	
73.99	
73.99	
73.99	
69.9	
69.9	
69.9	
69.9	
69.9	
69.25	
69.25	
69.25	
69.25	
69.25	
69.25	
67.14	
66.99	
66.99	
66.99	
66.99	
66.64	
66.64	
66.64	
66.64	
66.64	
66.64	
66.59	

Run no: 30
77.62	
77.62	
75.55	
75.55	
75.55	
75.55	
70.64	
70.53	
70.53	
70.53	
70.53	
70.44	
70.44	
70.44	
70.44	
70.44	
70.44	
69.6	
69.6	
69.6	
69.6	
69.6	
69.6	
69.6	
69.6	
69.6	
69.6	
69.6	
69.6	
69.6	
69.6	
