
Run no: 1
31.35	
25.05	
25.05	
25.05	
25.05	
25.05	
25.05	
24.73	
23.84	
23.84	
23.84	
23.84	
23.84	
23.84	
23.84	
23.84	
23.84	
23.84	
23.7	
23.7	
23.7	
23.7	
23.7	
23.7	
23.7	
23.7	
23.7	
23.7	
23.7	
23.7	
23.7	

Run no: 2
30.38	
26.76	
26.76	
26.76	
25.78	
25.78	
25.78	
25.78	
25.68	
24.47	
24.2	
24.2	
24.2	
24.2	
24.2	
24.2	
24.2	
24.2	
24.2	
24.2	
24.2	
24.2	
24.17	
23.48	
23.48	
23.48	
23.28	
23.28	
23.28	
23.28	
23.28	

Run no: 3
29.45	
29.45	
24.77	
24.14	
24.14	
24.14	
24.14	
24.14	
24.14	
24.14	
24.14	
24.14	
24.14	
24.14	
24.14	
24.14	
23.94	
23.94	
23.82	
23.82	
23.82	
23.82	
23.82	
23.82	
23.03	
23.03	
23.03	
23.03	
23.03	
22.78	
22.78	

Run no: 4
28.84	
26.48	
26.17	
26.13	
26.13	
26.01	
23.68	
23.68	
23.68	
23.68	
23.13	
23.13	
23.13	
23.13	
23.13	
23.13	
23.13	
22.98	
22.77	
22.77	
22.77	
22.77	
22.77	
22.77	
22.77	
22.77	
22.77	
22.77	
22.77	
22.77	
22.77	

Run no: 5
30.48	
30.48	
25.17	
24.88	
24.88	
24.88	
24.88	
24.82	
24.82	
23.9	
23.9	
23.9	
22.78	
22.78	
22.78	
22.78	
22.78	
22.76	
22.76	
22.76	
22.56	
22.56	
22.56	
22.56	
22.56	
22.56	
22.56	
22.56	
22.56	
22.56	
22.56	

Run no: 6
29.81	
27.68	
24.04	
23.89	
23.89	
23.89	
23.89	
23.89	
23.89	
23.89	
23.89	
23.89	
23.89	
23.89	
23.89	
23.13	
23.13	
23.13	
23.13	
23.13	
23.13	
23.13	
23.13	
23.13	
23.13	
23.13	
23.13	
23.13	
23.13	
22.78	
22.78	

Run no: 7
28.59	
28.59	
25.09	
24.48	
23.71	
23.71	
23.71	
23.71	
23.71	
23.71	
22.76	
22.76	
22.76	
22.76	
22.76	
21.61	
21.54	
21.51	
21.51	
21.51	
21.5	
21.5	
21.5	
21.5	
21.49	
21.49	
21.49	
21.49	
21.49	
21.49	
21.49	

Run no: 8
31.6	
31.6	
26.26	
24.14	
23.46	
23.46	
23.46	
23.46	
23.46	
23.46	
23.46	
23.46	
23.46	
23.46	
23.46	
23.4	
23.4	
23.4	
23.4	
23.4	
23.4	
23.4	
23.4	
23.4	
23.4	
23.4	
23.4	
23.4	
23.4	
23.4	
23.4	

Run no: 9
32.48	
24.99	
24.99	
24.99	
24.99	
24.99	
23.88	
23.86	
23.86	
23.86	
23.7	
23.68	
23.68	
23.68	
23.59	
23.59	
23.59	
23.59	
23.59	
23.48	
23.48	
23.48	
23.48	
23.48	
23.38	
23.38	
23.38	
23.34	
23.34	
22.95	
22.95	

Run no: 10
32.09	
25.52	
25.4	
25.4	
25.4	
25.4	
25.4	
25.34	
25.34	
24.07	
24.07	
24.07	
24.07	
24.07	
24.07	
24.07	
24.07	
24.07	
24.07	
23.56	
23.56	
23.56	
23.56	
23.56	
23.56	
23.56	
23.56	
23.53	
23.47	
23.47	
23.47	

Run no: 11
30.02	
25.21	
25.21	
25.21	
25.21	
25.21	
25.21	
25.21	
25.21	
25.21	
24.93	
24.93	
24.93	
22.66	
22.66	
22.66	
22.66	
22.66	
22.66	
22.63	
22.63	
22.63	
22.63	
22.63	
22.63	
22.63	
22.63	
22.63	
22.41	
22.41	
22.41	

Run no: 12
31.07	
28.09	
28.09	
23.66	
23.66	
23.66	
23.66	
23.36	
23.36	
23.36	
23.36	
23.25	
23.25	
23.25	
23.25	
23.25	
23.15	
23.15	
23.15	
23.15	
22.8	
22.46	
22.46	
22.46	
22.46	
22.46	
22.46	
22.46	
22.46	
22.46	
22.46	

Run no: 13
31.5	
25.75	
25.75	
25.75	
25.75	
25.75	
25.75	
25.75	
25.75	
25.75	
25.75	
25.75	
25.75	
25.75	
25.75	
25.75	
25.75	
23.61	
23.61	
23.61	
23.61	
23.61	
23.61	
23.28	
23.28	
23.28	
23.28	
23.28	
23.2	
23.2	
23.2	

Run no: 14
30.41	
30.41	
24.96	
24.96	
24.96	
24.96	
24.96	
24.96	
24.96	
24.96	
24.96	
24.96	
24.78	
24.78	
24.54	
24.54	
22.69	
22.69	
22.69	
22.69	
22.69	
22.69	
22.69	
22.69	
22.69	
22.69	
22.47	
22.39	
22.39	
22.39	
22.28	

Run no: 15
27.07	
27.07	
27.07	
26.87	
26.14	
26.14	
26.14	
26.14	
25.65	
25.65	
25.65	
25.65	
25.65	
25.27	
25.27	
23.77	
23.77	
23.77	
23.77	
23.77	
23.77	
23.77	
23.77	
23.77	
23.49	
23.49	
23.49	
23.49	
23.49	
23.16	
23.16	

Run no: 16
27.69	
24.93	
24.93	
24.82	
23.72	
23.72	
23.72	
23.46	
23.46	
23.31	
23.31	
23.31	
22.8	
22.8	
22.8	
22.8	
22.8	
22.8	
22.8	
22.8	
22.8	
22.8	
22.8	
22.8	
22.8	
22.8	
22.8	
22.8	
22.8	
22.8	
22.8	

Run no: 17
29.46	
29.46	
25.6	
25.6	
25.6	
25.6	
25.6	
24.1	
23.83	
23.83	
23.17	
23.17	
23.17	
23.17	
23.17	
23.17	
23.17	
23.17	
23.17	
22.83	
22.83	
22.83	
22.83	
22.78	
22.78	
22.78	
22.78	
22.78	
22.78	
22.78	
22.78	

Run no: 18
30.99	
27.61	
24.96	
24.86	
24.86	
24.86	
24.18	
24.18	
24.18	
24.18	
24.18	
23.36	
23.36	
23.36	
23.36	
23.36	
23.36	
23.36	
23.36	
23.36	
23.36	
23.36	
23.36	
23.34	
23.34	
23.34	
23.34	
23.25	
23.25	
23.21	
23.1	

Run no: 19
28.24	
28.24	
28.24	
28.24	
28.2	
28.2	
24.53	
24.53	
24.53	
24.53	
24.53	
24.53	
24.49	
24.41	
24.41	
24.41	
24.41	
24.29	
24.25	
24.09	
24.03	
24.03	
24.03	
23.82	
23.61	
23.61	
23.61	
23.61	
23.61	
23.61	
23.61	

Run no: 20
31.26	
31.26	
31.26	
25.82	
24.03	
23.96	
23.96	
23.96	
23.96	
23.96	
23.96	
23.76	
23.76	
23.76	
23.71	
23.71	
23.71	
23.71	
23.71	
23.71	
23.71	
23.71	
23.71	
23.71	
23.42	
23.42	
23.38	
23.38	
23.38	
23.38	
23.38	

Run no: 21
32.2	
32.2	
26.25	
26.25	
26.18	
26.18	
26.18	
24.62	
24.62	
24.44	
24.44	
24.44	
24.44	
24.44	
23.48	
23.18	
23.18	
23.18	
23.18	
22.82	
22.82	
22.58	
22.58	
22.58	
22.58	
22.58	
22.58	
22.58	
22.58	
22.58	
22.58	

Run no: 22
27.48	
27.48	
26.34	
26.19	
24.66	
24.66	
24.66	
24.66	
24.66	
24.66	
24.66	
24.66	
24.66	
24.66	
23.56	
23.56	
23.56	
23.56	
23.56	
23.56	
23.56	
23.56	
23.56	
23.56	
23.56	
23.56	
23.56	
23.56	
23.56	
23.56	
23.56	

Run no: 23
30.35	
27.72	
27.43	
26.78	
26.78	
26.78	
25.32	
25.32	
24.73	
24.73	
24.73	
23.7	
23.5	
23.5	
23.5	
23.5	
23.5	
23.5	
22.9	
22.89	
22.89	
22.89	
22.89	
22.89	
22.89	
22.89	
22.67	
22.67	
22.67	
22.67	
22.54	

Run no: 24
24.92	
24.92	
24.4	
23.92	
23.92	
23.92	
23.92	
23.66	
23.66	
23.19	
23.19	
23.19	
23.19	
23.19	
23.19	
23.19	
23.02	
23.02	
23.02	
23.02	
23.02	
23.02	
23.02	
23.02	
22.74	
22.74	
22.74	
22.74	
22.74	
22.74	
22.74	

Run no: 25
27.19	
26.3	
23.99	
23.89	
23.68	
23.68	
23.68	
23.68	
23.57	
23.57	
23.57	
23.57	
23.52	
23.25	
23.25	
23.25	
23.25	
23.18	
23.18	
23.18	
23.18	
23.18	
23.18	
23.18	
23.18	
23.18	
23.18	
23.15	
23.15	
23.15	
23.09	

Run no: 26
28.9	
24.55	
24.55	
24.55	
24.55	
24.55	
24.55	
24.53	
24.53	
24.53	
24.53	
24.29	
24.29	
24.11	
24.11	
23.91	
23.91	
23.66	
23.66	
23.66	
23.66	
23.66	
23.58	
23.58	
23.58	
23.58	
23.58	
23.49	
23.49	
23.49	
23.49	

Run no: 27
30.22	
25.14	
25.14	
24.79	
24.79	
24.79	
24.79	
24.69	
24.69	
24.69	
24.69	
24.69	
24.05	
24.05	
24.05	
24.02	
24.02	
24.02	
24.02	
24.02	
24.02	
24.02	
23.43	
23.43	
23.43	
23.43	
23.43	
23.43	
23.43	
23.43	
23.43	

Run no: 28
27.4	
27.4	
26.3	
26.3	
25.56	
25.54	
25.54	
25.54	
25.54	
25.54	
25.54	
25.36	
23.77	
23.77	
23.77	
23.77	
23.64	
23.64	
23.64	
23.64	
23.64	
23.6	
23.6	
23.6	
23.6	
23.6	
23.6	
23.6	
23.6	
23.44	
23.44	

Run no: 29
29.71	
27.2	
27.2	
27.2	
27.2	
23.27	
23.24	
23.24	
23.24	
22.7	
22.7	
22.7	
22.7	
22.7	
22.7	
22.7	
22.7	
22.7	
22.7	
22.7	
22.7	
22.7	
22.7	
22.7	
22.7	
22.64	
22.64	
22.64	
22.64	
22.64	
22.64	

Run no: 30
30.11	
30.11	
30.08	
29.08	
29.08	
29.08	
27.14	
23.76	
23.76	
23.76	
23.76	
23.76	
23.76	
23.72	
23.72	
23.44	
23.44	
23.44	
23.44	
23.44	
23.44	
23.42	
23.42	
23.42	
23.42	
23.42	
23.42	
23.42	
23.42	
23.42	
23.42	
