
Run no: 1
-2.83	-8.62	0.23	0.69	-1.79	-1.08	1.42	-9.67	-4.7	-5.29	0.46	-5.56	-0.49	-2.67	0.37	-1.24	-12.94	-2.98	-2.25	-3.61	-3.22	-3.12	0.54	-2.06	-8.67	-0.73	-0.3	1.09	-2.62	-1.69	-1.28	-1.77	2.03	-5.6	0.57	-2.2	-7.21	-11.02	-2.7	0.14	
-1.41	-0.23	2.81	-1.24	-18.15	-19.94	-20.98	-1.32	1.57	-2.14	-21.32	2.02	-20.67	-16.78	-19.94	-21.43	-1.91	-17.79	-21.32	2.74	3.0	-18.61	-21.36	-20.14	2.67	-18.27	-19.59	-19.7	-19.78	-19.74	-21.52	-21.45	-16.68	-3.25	-1.65	-21.91	-2.57	-1.34	2.66	-21.4	

Run no: 2
-2.43	-0.44	-0.63	-1.02	-2.33	-8.53	-0.8	-2.22	-0.81	-0.45	-1.98	-1.16	-7.78	-0.91	-1.1	-0.42	-2.38	-0.05	-1.62	-2.85	-2.37	-8.22	-0.86	-6.51	-0.52	-1.66	-12.38	-1.88	1.36	-1.53	-7.86	-8.05	-2.53	-4.99	0.94	-4.06	-1.3	-0.23	0.67	-0.36	
3.06	-1.08	2.91	3.06	-1.13	-0.96	-5.94	1.38	-1.29	-1.69	-18.08	-1.47	2.7	-17.4	-6.52	-15.03	-20.51	-1.24	-22.33	-25.68	-21.13	-1.45	1.99	-18.22	-21.58	-21.08	1.46	-25.41	1.87	1.8	1.46	-5.94	-1.61	-1.0	-1.25	-1.17	-17.61	1.08	3.02	-21.7	

Run no: 3
-1.38	0.17	-0.41	-2.25	-1.78	-2.76	-2.04	-1.15	-0.06	-8.53	-12.6	-2.1	-6.24	-1.73	-1.2	0.89	-0.4	-1.32	-13.73	-1.56	-9.52	-10.8	0.52	-8.0	0.04	-3.59	-1.28	-6.03	-11.89	1.9	-3.16	-2.14	-0.1	-0.64	-2.19	0.41	-0.08	-2.45	-1.42	-8.55	
-2.34	2.44	2.24	-2.34	0.3	0.54	-21.96	-20.06	-21.1	1.48	-19.44	-0.18	2.41	0.63	-16.99	-19.42	-2.48	-19.81	2.87	-0.46	-24.43	-20.88	0.29	-19.84	-19.7	-21.19	-21.03	-20.67	-20.01	1.63	2.92	2.93	2.64	2.61	-19.54	-20.07	-21.24	-20.07	-20.7	-20.8	

Run no: 4
-2.14	-11.14	-1.82	-0.08	-2.37	-1.37	-2.36	1.73	-9.53	-1.73	0.29	-1.85	-1.75	-1.37	-4.7	-5.44	-11.61	-1.8	-1.99	-1.32	-1.14	1.26	-8.9	-9.61	-4.64	-0.23	1.3	-0.47	-6.64	-1.08	-6.66	-3.93	0.24	-0.88	-4.66	-10.35	-2.16	0.67	0.85	1.97	
1.27	1.11	2.56	0.83	1.04	2.54	-26.46	0.38	-1.32	-26.04	0.67	0.06	0.38	-2.8	-1.45	-17.41	-28.73	-26.34	-0.25	-22.35	-0.06	-22.38	-0.11	-29.01	-28.95	0.33	-0.05	0.12	0.08	2.53	0.42	-1.29	-0.05	-26.75	2.58	0.62	-18.37	-16.71	-1.82	-16.71	

Run no: 5
1.12	0.44	-1.04	-8.4	-0.21	-0.8	1.02	1.95	-0.71	-0.72	-2.71	-1.53	-4.07	-10.5	-0.35	0.53	-2.65	-1.71	-6.52	-1.2	-7.76	-1.34	-12.03	-1.43	0.71	-8.05	-11.17	-2.12	-9.26	-9.96	1.27	-2.73	-9.49	-1.07	-0.52	0.18	-3.6	-1.32	-9.48	0.29	
2.97	2.45	-2.87	2.37	-23.33	-1.08	2.64	-19.69	2.01	-19.62	-22.49	1.75	2.97	-1.33	-0.67	-23.13	-0.78	-15.33	-22.42	-22.57	2.22	2.22	-20.37	1.45	2.35	2.57	2.44	-0.72	-1.34	-15.38	-22.12	2.37	0.29	-0.08	0.48	-0.09	-22.67	1.85	3.18	3.11	

Run no: 6
-4.9	-2.4	-6.16	2.05	-10.96	-1.34	-1.07	-0.37	-12.94	0.36	-2.29	-1.06	-11.27	0.87	1.92	1.74	-11.47	0.2	-2.21	-1.06	-0.87	-5.13	-7.17	-10.69	-6.33	-1.65	-2.79	-1.93	1.44	-1.77	0.66	0.68	-10.42	1.94	-0.52	-0.56	-11.61	-2.02	-2.58	0.75	
-0.21	-20.29	-20.29	-20.44	-19.1	-1.5	-21.38	-21.7	-19.11	-20.32	-22.37	2.8	0.26	2.95	-0.02	-0.3	-0.28	1.55	0.15	2.43	1.23	1.23	-21.97	-19.41	-18.51	-21.01	-0.92	-19.42	-26.08	-21.38	-20.51	-20.46	0.02	0.05	-0.5	2.75	2.39	1.36	0.71	0.18	

Run no: 7
-7.46	-1.45	-2.88	-1.68	0.21	-2.32	-2.1	-0.57	-2.07	-2.49	-0.07	-1.7	-2.32	0.76	-8.53	-2.19	-0.99	-1.57	-1.33	-2.89	-0.11	-1.58	1.57	-1.37	0.35	-2.07	1.36	-10.52	-5.65	1.73	-1.45	-9.81	-0.92	-8.83	-4.95	-9.73	-1.81	-5.99	-1.05	-6.3	
0.76	-27.85	1.13	-28.76	-27.83	-0.97	0.34	-29.05	-0.25	0.91	-18.08	-0.63	-24.16	1.95	-28.52	-22.2	-18.37	-29.11	-0.42	-17.2	-21.08	0.27	-26.17	-23.38	-0.56	-22.14	-25.1	-18.65	-0.39	-26.44	2.58	-23.6	-28.65	-24.07	-22.14	-26.41	-0.39	-17.83	-18.6	2.6	

Run no: 8
-4.4	-5.36	-7.86	-0.01	-11.78	-2.73	-3.54	-1.08	-9.06	-1.65	-1.22	-0.36	-1.18	-1.9	-2.2	-2.91	-12.68	-1.0	-0.86	-5.22	-0.08	-1.32	0.64	-0.92	-0.69	-1.37	-9.59	-0.17	-10.48	-1.84	-3.13	-2.39	0.46	0.24	-2.03	1.45	0.34	-0.41	-0.98	-5.97	
-18.73	2.82	-18.86	2.69	-18.51	2.32	2.26	2.6	-19.56	1.64	-17.31	1.71	-18.39	-18.9	0.68	-18.51	-0.15	-17.24	-18.25	-16.71	-17.28	0.32	2.53	-18.9	1.23	2.49	1.62	-18.58	1.57	-18.29	-19.03	2.67	-18.3	2.91	2.8	-17.73	-17.02	-18.93	-17.71	-19.2	

Run no: 9
-1.97	-1.42	-0.94	-1.88	-8.21	-8.95	-4.0	-0.52	1.56	0.54	-2.65	-2.16	-0.74	-2.3	-0.52	-0.79	-11.45	0.06	-2.05	-10.53	-1.48	-0.14	-3.19	-1.33	-2.38	-7.64	0.1	1.91	-0.03	-1.84	-2.62	-1.8	-8.47	-1.74	-1.26	-1.31	-3.77	-11.01	-1.25	1.98	
2.81	-21.95	0.59	0.26	-25.75	2.21	-25.43	1.65	-24.31	0.57	-25.21	-21.96	-25.56	-26.3	-25.24	-20.86	1.57	-25.6	-24.05	-20.67	-19.38	-21.45	-21.35	-21.81	2.2	-21.22	-21.96	-24.43	-0.21	-23.63	-19.6	-25.86	2.72	0.53	2.85	-25.31	1.94	-25.69	-1.09	2.85	

Run no: 10
0.61	-0.17	-4.08	-3.4	1.59	-10.32	-4.14	0.28	-0.92	-0.05	1.74	-1.92	-0.56	-1.17	-3.69	-1.24	-0.86	1.87	-0.73	-6.08	-1.2	-2.73	-0.71	-4.05	-9.14	-3.81	-6.51	-9.23	-0.44	-10.69	-6.21	0.17	-1.44	-1.45	-0.9	-0.14	-2.79	-2.18	-3.98	-0.08	
-2.88	2.75	-6.05	-17.98	-18.23	-24.11	-25.28	-17.76	1.72	2.3	-18.38	-2.79	-17.8	2.4	2.26	-27.93	-28.02	-26.95	2.72	2.68	2.36	-17.63	-17.54	-28.7	-25.95	-6.01	-3.03	-2.94	-2.53	-24.31	2.71	-29.13	2.26	-2.89	2.71	2.71	-18.28	-23.35	-22.58	-2.17	

Run no: 11
-5.88	-1.91	-6.42	-9.98	-0.49	-12.26	-9.56	-2.26	-1.74	-6.51	-0.84	-5.24	0.65	-1.15	-1.3	1.22	0.8	0.64	-1.31	-1.88	0.52	0.37	-0.56	-9.71	0.68	-4.79	-1.5	-0.86	-0.45	-1.18	-5.71	-0.38	-0.82	-0.45	1.33	-3.19	-11.49	-0.65	-3.26	-8.21	
2.61	-23.96	-22.58	-27.78	-23.94	-23.58	2.21	-19.11	-22.63	0.67	-26.12	1.58	-26.58	-21.11	-22.98	-23.57	-23.64	-19.02	1.99	2.05	-22.86	-25.85	-26.73	-22.08	-24.18	1.81	-23.05	2.16	2.18	1.86	-23.02	2.44	-28.45	-27.9	2.62	2.2	2.6	-22.12	-23.34	-23.61	

Run no: 12
-0.39	-8.16	-9.07	-3.24	-8.38	-0.15	-2.8	-10.57	-6.78	-0.86	-8.36	-9.1	-10.47	-2.08	-1.78	-0.58	-1.84	-9.4	-1.73	-1.57	-0.81	-0.5	-3.19	-11.13	-0.08	-2.5	-0.56	-0.58	0.57	-7.75	-0.89	-3.08	-3.58	2.0	-0.54	-2.42	-2.67	-2.56	-5.59	-1.43	
3.05	2.82	-28.34	2.8	-3.15	-3.12	-3.11	-3.05	1.52	2.97	-22.93	-21.71	-26.61	0.94	-3.17	-21.56	-18.86	-21.29	-21.17	-3.14	1.97	1.82	1.48	2.7	-26.56	-22.57	-22.44	-21.03	-24.77	-21.67	-3.21	2.86	-21.56	-21.34	-21.19	-21.17	-20.86	-23.22	-18.45	-18.87	

Run no: 13
-3.56	1.01	-9.33	-0.39	-3.42	-1.49	-0.93	-1.1	-0.95	-9.76	-2.44	-0.88	-0.54	-11.42	-6.97	-0.91	-1.55	0.24	1.0	-1.74	-3.56	-2.51	-9.84	-0.01	-1.02	-6.34	-0.44	0.11	-0.54	-1.09	-11.1	-4.09	-4.75	-0.2	-2.7	0.07	-7.37	-3.96	-0.98	-1.71	
2.75	2.71	-18.79	2.18	-17.83	-20.43	-18.23	-28.0	-20.23	2.55	-27.61	-25.75	-28.07	-25.76	2.67	2.68	2.68	2.53	2.61	2.53	2.69	2.54	2.5	2.82	2.82	0.1	-0.24	0.1	2.26	-18.84	-18.87	-18.67	-26.65	-0.25	-17.76	-18.89	-25.01	-23.37	-26.16	2.73	

Run no: 14
0.23	-0.7	-2.47	-0.65	-0.15	-7.22	-0.49	-2.62	-2.59	-0.15	-8.81	-7.82	-0.68	-2.99	-0.42	0.11	0.03	-2.37	-6.52	0.89	-2.06	-12.15	-1.05	-1.76	-8.25	-2.8	-0.46	-1.09	-12.74	-6.97	-4.07	-0.99	-2.24	-0.42	-1.54	-5.16	-1.25	-1.98	-0.24	0.75	
-1.68	-3.04	2.98	-18.28	-4.41	-18.74	-3.71	-3.99	-4.11	-7.88	-17.48	-1.4	-8.85	2.81	-18.14	-16.7	-18.15	2.44	-19.77	-18.59	-19.4	-19.55	-19.22	-17.61	-1.69	-7.23	-18.2	-18.3	-2.57	-4.77	-2.41	-20.57	-4.46	-19.2	2.56	-1.29	3.14	-20.11	-4.9	-7.55	

Run no: 15
-8.82	-3.49	-2.36	-7.11	-0.35	-3.49	-0.75	-2.71	-0.09	-4.0	-1.21	0.23	-0.34	1.95	-0.37	-1.9	-0.79	0.75	-2.28	-10.84	-0.38	1.33	-14.43	-2.12	-0.93	-8.86	-0.84	-1.96	-7.66	-1.12	1.61	1.25	-1.11	-2.1	-8.43	-2.11	-1.39	-1.03	-11.53	-7.19	
2.64	-3.08	-3.74	2.41	-3.13	2.41	-3.9	0.85	-4.55	-4.22	0.85	-25.47	-5.01	2.01	-19.67	2.61	2.71	1.6	-21.81	-20.99	2.44	2.74	2.63	-3.96	-20.87	1.93	-3.6	-4.06	-3.51	2.98	-22.33	-21.82	-21.68	2.21	0.37	2.05	2.16	2.13	2.81	-22.08	

Run no: 16
-2.61	-1.59	-9.15	-0.39	0.23	-4.22	-9.88	-10.77	-3.96	1.25	-2.05	-2.16	-0.67	-11.1	-0.58	-0.71	-2.41	-1.52	-0.58	-0.1	-4.71	-6.83	0.1	-1.04	-2.8	1.36	1.57	-4.41	-4.61	-5.59	-5.42	-8.97	-2.08	0.06	-11.61	2.62	2.4	-4.98	-6.41	0.42	
2.85	2.83	-1.29	0.4	-3.47	-19.95	-1.6	2.03	-21.19	-2.36	-1.81	0.95	-1.5	-1.98	-20.98	-19.71	-0.82	-21.2	-0.53	-4.25	-3.61	-18.34	-21.63	-21.51	-19.26	-21.24	0.64	-21.24	-20.44	0.12	-21.25	-20.15	0.37	-2.64	-1.66	1.92	-19.65	-21.41	-2.12	-20.8	

Run no: 17
-1.0	-5.98	-1.98	-0.27	-7.75	-1.02	-1.49	-9.56	0.38	-11.24	-2.12	0.46	-1.87	-2.2	-4.28	-0.26	-6.37	-0.59	0.64	-7.6	-8.03	-1.72	-7.93	-0.78	-9.87	-0.6	-2.91	-0.18	-0.76	0.22	-0.24	-1.37	-0.36	-1.94	-0.8	0.13	-3.93	-8.85	-2.12	-1.69	
2.9	2.75	1.09	1.09	-23.74	0.27	-23.04	0.57	2.68	0.5	2.26	-22.5	-23.33	-18.67	-22.71	-0.37	-21.08	-19.26	-19.34	-22.42	-18.52	-19.4	2.77	2.64	-23.17	1.89	1.89	-23.38	2.9	2.87	-24.6	-20.71	-19.74	-21.31	-18.22	-22.93	2.96	2.96	2.94	2.87	

Run no: 18
0.33	-2.1	-7.91	-1.59	-0.17	0.4	-3.24	-7.37	-0.7	-5.52	-0.96	0.67	1.05	1.69	-0.89	-9.89	-0.3	-1.82	-11.16	0.35	-0.41	0.33	-2.29	-2.31	-11.57	-4.83	-2.21	1.72	-1.52	-2.33	-2.4	1.96	-1.04	0.88	-1.88	-1.39	-6.28	-0.86	-8.79	-2.44	
-0.26	-1.02	1.02	2.4	-0.47	-0.94	-11.32	2.8	2.43	-1.39	-21.74	2.64	-1.06	2.43	-19.78	-1.03	-2.35	-11.42	-19.9	-19.49	0.8	-1.44	-1.24	2.49	1.53	-16.83	-21.61	-24.09	-21.52	2.05	-19.78	-1.58	-0.47	0.22	-19.96	1.8	-20.84	0.49	-0.51	2.08	

Run no: 19
0.02	-10.95	0.49	0.15	-0.55	1.3	-8.44	-7.44	-1.28	-0.12	-6.62	-10.12	-8.32	1.77	-0.33	-9.67	-2.69	0.43	1.54	-0.18	-1.43	0.27	-1.86	1.2	0.13	-11.42	-3.7	-0.09	-9.91	-12.4	-0.34	-3.15	0.54	0.1	-6.99	0.89	0.97	-9.88	-0.07	-5.99	
2.63	2.63	-17.47	2.39	1.39	-17.76	1.79	2.63	-1.48	-18.31	2.81	-21.67	1.71	-22.3	1.28	-1.45	-1.47	-22.43	-22.39	-22.79	1.65	2.36	2.39	2.37	-18.48	1.45	-0.04	2.96	2.78	2.96	1.58	-18.44	-1.7	-1.6	-24.31	1.68	-21.74	-22.99	-23.92	-18.89	

Run no: 20
-0.32	-2.4	-3.65	-8.34	-9.44	-0.55	-3.36	-3.61	-2.87	-1.12	-1.47	-0.1	-1.92	-4.01	-1.38	0.17	-4.39	-0.12	0.57	-0.91	-7.13	-8.93	-7.06	-0.79	-0.76	1.8	-2.81	-1.7	-7.78	1.36	-9.21	-3.03	-5.08	-7.48	-2.76	-0.43	-2.62	-8.78	-0.75	-2.25	
2.9	2.81	-23.54	2.68	-18.97	0.28	-24.38	-19.86	2.33	-22.28	-21.89	-0.41	-4.82	-4.81	-4.83	-0.33	-4.92	-4.78	2.31	3.2	2.89	-23.02	-0.54	2.09	-20.15	-19.14	-22.21	2.68	-5.81	2.83	2.89	-19.2	-22.93	-22.03	-4.6	-4.6	3.0	-5.77	2.82	2.44	

Run no: 21
-0.46	-1.81	-3.63	-0.54	-5.28	0.5	-2.16	-2.88	-2.13	-0.03	0.34	-3.01	-0.25	-7.04	-0.08	-6.92	-2.75	-0.15	1.21	0.45	-6.41	1.88	-5.3	-0.01	-10.01	-0.91	0.48	0.97	1.57	-7.43	-0.79	-2.13	-6.83	0.72	-0.04	-1.29	-9.88	-8.21	-8.52	-5.99	
0.65	0.61	-23.18	-22.4	-1.2	2.91	-1.18	0.58	-6.25	-1.71	2.72	1.74	-23.02	-0.36	-18.98	-1.43	-5.49	-4.49	-19.07	-1.01	2.04	1.42	-0.35	-6.47	-22.78	-6.38	-6.48	2.94	-1.21	-20.13	-18.18	-19.54	-0.67	-0.58	-0.67	0.23	0.83	-4.53	-19.55	-6.86	

Run no: 22
-6.24	-0.94	-10.63	-0.55	0.76	-0.68	-0.79	-6.26	1.74	-2.37	-8.19	-1.07	-6.49	1.47	-8.15	-0.75	-1.73	-7.39	-1.63	-2.09	0.24	-6.47	0.61	-0.91	-3.44	-3.62	-0.92	-3.19	-14.55	-11.27	-1.62	-7.8	-2.2	1.39	-1.95	-0.54	-0.46	-1.09	-5.17	-1.05	
-2.37	-2.63	-24.84	-2.62	-24.99	2.81	-18.69	-3.04	-1.19	-2.86	-3.36	-1.52	-1.92	2.74	2.54	-2.7	-1.47	-4.48	-19.14	-23.74	-1.42	-4.45	1.34	-2.66	-2.62	-2.75	-2.73	-2.39	-17.57	-24.7	-1.95	-19.01	-19.22	-25.74	-3.04	2.82	2.79	-1.23	-2.65	2.91	

Run no: 23
-11.59	-1.2	-9.35	-8.4	-1.08	-1.54	-12.89	-2.58	-2.09	0.95	-0.69	-5.99	-2.85	-0.86	-2.04	-1.65	-1.34	-10.31	-0.18	-3.01	-6.94	-1.95	-0.14	-2.59	-1.93	-0.72	0.59	-5.57	-0.74	-0.9	-5.44	0.9	-3.64	-0.35	-1.03	-10.18	-1.8	-0.82	-1.43	0.66	
0.9	0.93	-4.62	-4.82	-8.07	0.8	-7.7	1.08	0.76	-22.27	2.82	0.84	0.32	-8.03	0.01	-21.15	-7.55	-0.11	0.75	-21.12	-21.95	-22.32	2.82	-20.72	0.87	-5.01	0.54	-25.02	-25.25	0.21	-23.01	-25.63	-17.44	-25.66	-18.6	0.38	-25.95	-4.29	-4.08	2.2	

Run no: 24
-4.31	-1.8	-1.82	0.72	-2.07	-9.75	-4.37	-0.49	-3.16	-7.46	-0.02	-7.84	-0.13	0.29	-1.17	-0.33	-0.84	1.26	0.46	-4.13	-11.66	1.25	-1.87	-1.9	-1.95	-3.77	-0.49	-2.62	0.03	-1.36	0.92	-0.1	-8.1	-2.06	-0.36	-8.78	-1.83	-1.03	1.53	0.3	
-4.13	2.72	-1.37	-6.08	2.08	-0.79	1.14	0.89	0.38	-4.66	-21.45	-5.49	1.53	-20.28	-19.14	-22.32	-4.38	-4.9	-7.76	-20.53	-20.33	-4.61	-2.24	-5.16	0.64	-5.42	-4.39	-5.92	1.15	-4.67	-6.02	2.86	-21.44	-4.12	1.09	-1.39	2.41	2.47	2.77	-1.97	

Run no: 25
0.08	-2.78	-0.98	-0.63	-6.17	-3.74	-1.37	-2.16	-1.21	0.15	-2.02	0.23	-1.7	-1.74	-2.84	-8.99	0.72	-2.34	-9.18	-3.25	-0.81	-1.06	-1.19	-0.47	-0.16	-4.07	0.34	-5.14	-0.58	1.45	-0.84	-1.76	-2.04	-6.29	-4.08	-7.85	-2.81	1.55	0.37	-2.01	
2.6	2.1	2.33	2.07	-5.33	-5.43	-22.32	-20.97	-20.75	1.04	-5.28	-2.7	-22.57	-20.79	-20.79	-1.24	-21.28	-2.29	-2.96	-3.24	-3.04	-3.14	-5.35	-2.71	1.97	2.05	-21.33	2.56	-20.83	-5.72	-4.62	-5.72	-6.56	1.01	2.67	-22.12	1.24	-2.33	-20.91	1.24	

Run no: 26
-2.47	-12.53	0.37	0.07	-11.83	-0.38	0.22	-2.43	0.81	0.13	-9.01	-9.66	-0.49	-2.04	-2.58	-4.24	-1.52	-1.58	-2.84	-12.57	-6.58	-4.73	-0.74	-5.39	-2.71	0.78	-13.85	0.97	-1.03	0.24	1.83	-2.69	-2.07	-2.27	0.53	-1.17	1.43	-1.65	-4.08	-0.29	
2.85	-29.03	-25.59	-2.25	2.62	-23.64	-18.56	1.04	2.76	-18.81	-18.67	-30.18	-24.53	0.42	1.29	-16.57	-26.16	-29.19	-18.56	-22.99	1.18	-24.02	-2.47	-29.26	-24.46	-18.55	-18.58	2.98	-18.57	-18.71	2.4	2.51	2.64	-2.37	-24.66	-18.83	3.09	-2.42	-29.59	-29.71	

Run no: 27
-1.6	-0.05	-9.47	-3.83	-8.55	2.13	-2.23	-9.03	-0.97	-2.62	-9.26	-8.66	-7.06	1.52	1.91	0.6	-1.39	-2.86	-9.18	0.1	-7.91	-5.97	0.36	-0.36	-2.09	-8.79	-5.52	-10.74	0.26	-1.46	-1.11	-1.44	-1.25	-9.98	-10.14	-3.89	0.69	0.32	-2.42	-2.15	
1.29	0.53	-20.36	0.84	1.14	-22.87	1.29	-1.41	-23.23	-20.39	3.01	0.91	-19.36	-20.35	-6.51	-19.74	-23.94	0.92	-20.67	1.16	-22.09	1.28	2.62	-1.77	1.65	-2.5	-22.69	-2.2	-23.12	1.53	1.52	-23.13	-24.62	-3.08	-24.1	2.16	-1.32	1.66	-20.8	-23.89	

Run no: 28
-2.0	0.39	-2.41	-5.7	-7.04	-0.29	-2.64	-5.48	-0.41	0.76	-0.87	-0.8	-0.2	-1.57	-1.58	-1.65	-0.63	0.66	-0.96	-4.48	-1.25	-0.15	-2.75	1.74	-13.19	-0.88	-0.6	-7.93	1.43	-2.62	-4.04	1.29	0.74	-11.02	-1.74	-1.32	-6.68	0.2	0.14	-1.59	
2.53	-0.6	-0.81	0.17	2.71	1.15	-1.28	-2.3	-1.06	-20.41	-2.84	0.08	2.71	-19.7	-2.65	-2.36	-2.39	-1.26	2.9	1.1	-0.64	-0.62	-2.66	0.08	0.08	-19.83	2.2	2.27	2.09	2.16	0.63	2.17	1.2	-3.73	-19.18	-2.0	-2.29	-19.4	-19.12	0.96	

Run no: 29
-9.74	-0.03	-2.26	-5.45	-7.11	-7.11	-0.9	-3.74	-2.69	-1.1	-1.53	-10.38	-7.59	-1.31	-1.4	-1.16	-1.06	-1.01	-1.02	-1.33	0.67	-7.79	-8.65	1.15	0.91	-1.54	-2.1	-8.03	-0.8	0.38	-0.58	-0.08	1.45	-7.79	-2.28	-10.41	-4.96	-5.62	-4.72	-1.02	
2.82	-15.09	-4.89	-17.05	-3.86	3.09	-16.0	-2.75	2.06	-3.85	2.07	-3.69	-15.93	2.74	2.45	2.59	-3.56	-17.54	-16.19	-15.35	-2.88	-3.26	-17.19	3.21	3.07	-4.12	-17.32	-3.65	-3.83	2.81	2.59	2.71	2.8	2.68	2.81	1.61	-2.18	-2.92	3.36	-16.2	

Run no: 30
-2.89	-0.65	-0.84	0.29	-3.58	-2.58	0.3	-0.31	-1.38	-2.31	-8.0	-3.25	-5.8	-4.07	0.93	0.87	-0.03	-5.48	-10.24	-9.61	0.24	-9.69	-9.81	-8.28	1.49	-1.97	-13.91	-10.31	0.44	1.54	1.56	-0.98	-3.41	-0.69	-3.57	1.64	-2.31	0.42	-7.33	-10.66	
2.82	-24.22	-2.33	-4.43	-4.82	-4.13	-2.91	-1.88	-23.07	-21.5	-21.38	-2.08	-5.34	-2.26	2.73	-22.05	-21.4	1.97	2.73	-23.62	-23.41	-2.64	-4.56	-4.52	-24.2	-1.67	-21.31	-23.31	1.72	2.73	1.74	1.72	-21.9	-3.63	-6.91	-6.57	-23.96	-0.76	-2.85	-3.26	
