
Run no: 1
82.25	
82.25	
82.25	
79.97	
79.97	
78.93	
78.93	
78.83	
78.67	
78.67	
78.67	
78.67	
78.67	
78.27	
78.27	
77.33	
77.33	
77.33	
77.33	
77.33	
75.58	
75.58	
75.58	
75.58	
75.58	
75.33	
75.33	
75.33	
74.27	
74.27	
74.27	

Run no: 2
81.1	
79.65	
79.65	
79.65	
79.65	
79.65	
79.65	
78.44	
78.44	
78.44	
78.43	
78.33	
78.33	
78.17	
78.17	
77.98	
77.98	
77.98	
77.98	
77.98	
77.98	
77.98	
77.98	
77.82	
77.82	
77.68	
77.68	
76.31	
74.62	
74.62	
74.62	

Run no: 3
86.98	
82.92	
82.92	
82.92	
82.92	
82.77	
81.85	
81.64	
81.64	
76.35	
76.35	
76.35	
76.35	
75.32	
75.32	
75.32	
75.32	
75.32	
75.32	
75.32	
75.32	
75.14	
75.14	
75.14	
75.14	
75.14	
75.14	
75.14	
75.14	
75.14	
75.14	

Run no: 4
85.27	
83.13	
82.68	
81.62	
81.26	
81.26	
80.7	
80.42	
80.42	
80.42	
77.83	
77.83	
76.84	
76.84	
76.34	
76.34	
76.34	
76.34	
76.02	
75.93	
75.93	
75.85	
74.43	
74.28	
74.28	
74.28	
74.28	
73.93	
73.93	
73.93	
73.93	

Run no: 5
76.99	
76.99	
76.99	
76.99	
76.99	
76.56	
76.56	
76.46	
73.21	
73.21	
73.21	
73.21	
73.21	
73.21	
73.21	
73.19	
72.61	
72.61	
72.52	
72.52	
72.52	
72.52	
72.52	
72.52	
72.52	
72.52	
72.52	
72.52	
72.52	
72.21	
72.21	

Run no: 6
83.91	
83.91	
81.36	
81.36	
81.29	
81.29	
80.26	
80.26	
80.26	
80.26	
79.47	
79.47	
77.35	
77.35	
77.35	
77.35	
77.35	
77.35	
76.78	
74.94	
74.94	
74.94	
74.94	
74.94	
74.94	
74.75	
74.75	
74.49	
74.49	
74.49	
74.49	

Run no: 7
79.47	
79.47	
79.47	
79.47	
79.35	
79.2	
78.97	
78.35	
76.33	
76.3	
74.61	
74.61	
74.61	
74.61	
74.61	
74.61	
74.61	
74.61	
74.61	
74.4	
74.4	
74.4	
74.4	
74.3	
74.3	
74.3	
72.83	
71.4	
71.4	
71.4	
71.4	

Run no: 8
83.91	
77.11	
77.11	
77.11	
77.11	
77.11	
77.11	
77.11	
75.93	
75.93	
75.93	
75.93	
75.77	
75.77	
75.77	
75.77	
75.77	
75.77	
75.77	
75.0	
74.62	
74.62	
74.31	
73.84	
73.84	
73.84	
73.84	
73.84	
73.84	
73.84	
73.84	

Run no: 9
77.71	
77.71	
77.71	
77.71	
77.71	
77.71	
77.71	
77.71	
76.41	
76.41	
76.41	
76.41	
73.08	
73.08	
72.96	
71.95	
71.53	
71.53	
71.53	
71.53	
71.53	
71.53	
71.28	
71.28	
71.06	
71.04	
71.04	
70.95	
70.59	
70.59	
70.59	

Run no: 10
82.2	
81.03	
81.03	
81.03	
79.41	
79.41	
79.41	
79.16	
78.4	
78.4	
78.4	
78.4	
76.99	
75.8	
75.8	
74.91	
74.44	
74.44	
74.44	
74.44	
74.44	
74.44	
74.44	
74.44	
72.52	
72.52	
72.35	
72.35	
72.35	
71.95	
71.95	

Run no: 11
83.83	
83.83	
80.96	
73.94	
71.28	
71.28	
71.08	
71.08	
70.52	
70.52	
70.52	
70.52	
70.52	
70.52	
70.52	
70.4	
70.4	
70.4	
70.4	
70.4	
70.4	
70.4	
70.4	
70.14	
70.14	
67.38	
67.38	
67.38	
67.38	
67.38	
67.38	

Run no: 12
77.6	
77.6	
77.6	
77.6	
76.19	
76.19	
76.19	
75.04	
75.04	
75.04	
75.04	
75.04	
73.55	
73.55	
73.55	
73.55	
73.55	
73.55	
73.07	
73.07	
73.07	
73.07	
71.41	
71.41	
71.41	
71.41	
71.41	
71.41	
70.37	
70.37	
70.17	

Run no: 13
79.67	
79.67	
79.67	
79.01	
78.93	
77.99	
76.81	
76.81	
76.81	
76.81	
75.74	
74.89	
74.89	
74.89	
74.89	
74.57	
74.57	
73.4	
73.4	
73.4	
72.61	
72.61	
72.61	
72.61	
70.52	
70.52	
70.52	
70.39	
70.39	
70.28	
70.28	

Run no: 14
78.04	
78.04	
78.04	
78.04	
78.04	
78.04	
75.8	
75.8	
75.8	
69.85	
69.85	
69.85	
69.7	
69.01	
69.01	
69.01	
69.01	
68.26	
68.26	
68.26	
68.26	
67.87	
67.87	
67.87	
67.87	
67.87	
67.87	
67.87	
67.87	
67.87	
67.87	

Run no: 15
81.44	
81.44	
81.44	
77.81	
77.81	
77.81	
77.81	
77.38	
77.38	
77.38	
77.38	
77.38	
76.41	
76.41	
76.41	
76.3	
76.3	
76.3	
74.69	
74.69	
74.5	
74.4	
74.4	
74.31	
74.31	
74.31	
74.31	
73.81	
73.81	
73.81	
73.81	

Run no: 16
86.8	
86.8	
85.49	
83.08	
83.08	
80.41	
80.36	
80.36	
80.26	
80.18	
80.18	
80.18	
79.82	
79.82	
79.82	
76.13	
76.13	
76.13	
76.13	
76.13	
76.13	
75.81	
75.81	
75.81	
75.35	
75.35	
75.35	
75.35	
74.76	
74.76	
74.76	

Run no: 17
86.2	
84.61	
84.61	
76.8	
76.8	
76.8	
76.8	
76.71	
76.71	
75.5	
75.5	
70.58	
70.58	
70.58	
70.17	
70.17	
70.0	
70.0	
70.0	
68.38	
68.38	
68.38	
68.38	
68.38	
68.38	
68.38	
67.44	
67.44	
67.44	
67.44	
67.44	

Run no: 18
83.74	
83.74	
81.45	
81.45	
81.45	
79.61	
73.76	
73.76	
73.76	
73.76	
73.48	
73.0	
72.6	
72.6	
72.6	
72.6	
72.6	
72.6	
72.03	
72.03	
72.03	
72.03	
72.03	
71.78	
71.78	
71.78	
71.78	
71.19	
71.19	
71.19	
71.19	

Run no: 19
85.17	
84.42	
81.26	
79.37	
79.37	
79.37	
79.37	
78.75	
78.49	
78.49	
78.49	
78.49	
78.39	
77.97	
77.97	
77.97	
77.63	
77.63	
76.84	
76.84	
76.84	
76.84	
76.84	
76.84	
76.84	
76.84	
76.84	
76.84	
76.73	
76.73	
74.23	

Run no: 20
83.27	
83.27	
77.09	
77.09	
77.09	
77.09	
75.09	
75.09	
75.09	
75.09	
75.09	
75.09	
74.64	
74.11	
74.11	
74.11	
74.11	
73.61	
73.61	
73.61	
73.61	
73.61	
73.61	
72.97	
72.97	
72.97	
72.97	
72.97	
72.78	
72.78	
72.78	

Run no: 21
79.4	
79.4	
77.91	
77.91	
77.91	
77.91	
77.91	
77.91	
77.91	
77.91	
75.51	
75.51	
75.51	
75.51	
75.51	
75.2	
75.2	
74.3	
74.3	
73.0	
72.76	
72.76	
72.76	
72.76	
72.76	
72.76	
72.76	
72.76	
72.76	
72.76	
72.76	

Run no: 22
86.33	
79.79	
75.75	
75.75	
75.22	
75.22	
74.94	
74.94	
74.75	
73.96	
73.96	
73.96	
73.68	
73.68	
73.68	
73.68	
73.68	
73.68	
73.68	
73.68	
73.13	
73.02	
73.02	
73.02	
73.02	
73.02	
73.02	
73.02	
72.93	
70.39	
70.39	

Run no: 23
85.55	
85.55	
84.02	
84.02	
84.02	
82.94	
82.94	
81.94	
81.94	
79.75	
79.75	
79.71	
79.67	
79.67	
79.67	
74.71	
74.71	
74.71	
74.71	
74.71	
74.47	
74.47	
74.47	
74.47	
74.47	
74.47	
74.47	
73.2	
73.2	
72.65	
72.65	

Run no: 24
78.97	
78.97	
78.67	
78.67	
78.67	
78.67	
78.67	
78.67	
77.22	
77.22	
77.22	
77.22	
77.22	
76.25	
76.25	
76.25	
75.89	
75.89	
75.66	
75.66	
75.66	
75.66	
75.66	
75.66	
75.66	
75.54	
75.54	
75.44	
75.44	
75.44	
75.44	

Run no: 25
81.39	
81.39	
81.39	
81.39	
81.39	
81.39	
78.97	
78.32	
78.28	
78.28	
78.28	
78.28	
76.86	
76.86	
76.86	
76.86	
75.88	
75.88	
75.88	
75.88	
75.88	
75.88	
75.88	
75.88	
75.88	
75.88	
74.53	
74.53	
74.38	
74.38	
74.38	

Run no: 26
88.14	
87.39	
86.95	
86.95	
86.95	
86.95	
85.08	
84.21	
84.21	
84.21	
83.45	
83.45	
83.45	
82.52	
79.04	
79.04	
79.04	
79.04	
79.04	
76.93	
76.93	
76.93	
76.93	
76.5	
76.5	
76.5	
76.5	
75.89	
75.89	
75.89	
75.89	

Run no: 27
85.72	
85.47	
85.47	
85.47	
85.47	
84.66	
84.61	
84.44	
80.79	
80.79	
80.58	
77.58	
77.58	
77.58	
77.58	
73.71	
73.71	
73.64	
73.64	
73.64	
73.64	
73.64	
73.64	
73.64	
73.64	
73.64	
73.64	
73.64	
73.64	
73.64	
73.64	

Run no: 28
83.94	
82.21	
80.05	
79.0	
79.0	
79.0	
79.0	
79.0	
79.0	
79.0	
78.7	
78.55	
78.55	
76.14	
76.14	
76.14	
76.14	
76.14	
76.14	
76.14	
76.14	
76.14	
76.14	
76.14	
76.14	
76.14	
76.14	
76.14	
76.14	
76.13	
75.95	

Run no: 29
84.65	
82.15	
82.15	
82.15	
80.65	
77.15	
77.15	
77.15	
77.15	
77.15	
77.15	
75.44	
75.44	
75.44	
75.44	
75.44	
75.44	
75.44	
75.44	
75.44	
75.44	
75.44	
75.2	
75.2	
75.2	
75.07	
75.07	
75.07	
74.01	
74.01	
71.9	

Run no: 30
83.28	
80.86	
80.86	
80.86	
80.86	
80.86	
80.86	
78.62	
78.62	
78.62	
78.62	
78.62	
78.62	
78.62	
78.57	
78.57	
77.76	
77.76	
77.76	
77.76	
77.76	
77.76	
77.76	
77.76	
77.76	
77.76	
77.68	
76.72	
76.72	
76.3	
76.3	
