
Run no: 1
100.92	
81.7	
81.7	
81.7	
81.7	
81.65	
81.65	
81.64	
81.06	
81.06	
81.06	
81.06	
80.6	
80.6	
80.53	
80.53	
80.47	
80.47	
80.47	
80.03	
79.45	
79.45	
79.45	
79.45	
78.9	
78.9	
77.81	
77.61	
77.61	
77.61	
77.61	

Run no: 2
93.58	
91.62	
91.55	
91.55	
91.55	
91.55	
87.61	
87.36	
87.35	
79.48	
79.46	
79.46	
79.46	
79.46	
79.46	
79.36	
79.36	
79.36	
78.92	
78.92	
78.92	
78.92	
78.67	
78.67	
78.67	
78.67	
78.67	
78.67	
78.67	
78.67	
78.54	

Run no: 3
96.16	
96.16	
96.16	
96.16	
93.25	
92.15	
92.15	
92.15	
92.15	
90.69	
90.69	
90.69	
90.62	
83.58	
83.58	
83.16	
83.16	
83.16	
83.16	
79.57	
79.57	
79.57	
79.57	
79.57	
79.34	
79.34	
79.34	
79.34	
79.34	
79.34	
78.42	

Run no: 4
94.3	
94.3	
94.3	
90.97	
90.97	
88.2	
88.2	
88.2	
88.2	
88.2	
88.2	
87.08	
87.08	
87.08	
87.08	
87.08	
86.83	
86.83	
86.41	
85.19	
85.19	
85.19	
84.76	
84.16	
77.75	
77.75	
77.75	
77.75	
77.75	
77.65	
77.65	

Run no: 5
92.87	
92.87	
92.33	
88.17	
87.96	
87.96	
87.96	
87.96	
87.96	
87.17	
87.13	
85.93	
85.93	
85.93	
85.84	
85.84	
85.84	
85.84	
85.84	
85.84	
85.84	
85.84	
85.84	
85.71	
85.71	
85.6	
84.07	
84.07	
83.72	
83.72	
82.59	

Run no: 6
90.1	
88.94	
88.89	
88.89	
88.89	
86.91	
86.91	
86.16	
86.16	
86.16	
80.76	
80.46	
79.74	
79.74	
79.74	
79.74	
79.74	
79.09	
79.09	
79.09	
79.09	
79.06	
78.77	
78.77	
78.77	
78.77	
78.77	
78.77	
78.77	
78.77	
78.77	

Run no: 7
93.54	
93.54	
92.86	
86.36	
86.36	
86.36	
86.36	
86.36	
86.12	
83.38	
83.38	
83.38	
79.57	
79.57	
79.57	
79.57	
79.57	
79.57	
79.57	
79.52	
79.52	
79.52	
79.52	
79.27	
79.27	
79.27	
79.27	
79.27	
79.27	
79.27	
79.27	

Run no: 8
93.83	
93.83	
92.46	
92.46	
92.46	
92.46	
92.21	
92.2	
92.2	
90.21	
88.12	
88.12	
88.12	
86.79	
86.79	
86.79	
86.79	
86.79	
86.79	
86.79	
86.39	
85.18	
85.13	
84.89	
84.89	
84.89	
84.89	
84.81	
82.89	
82.89	
81.22	

Run no: 9
93.42	
93.42	
93.37	
93.37	
93.37	
93.37	
92.72	
88.62	
88.62	
87.99	
87.99	
84.67	
84.67	
84.67	
84.67	
84.67	
84.33	
84.11	
84.11	
83.6	
79.03	
79.03	
79.03	
79.03	
79.03	
79.01	
78.81	
77.83	
77.83	
77.83	
77.83	

Run no: 10
93.12	
93.11	
93.1	
93.1	
92.19	
90.63	
90.63	
90.63	
90.63	
90.63	
90.63	
90.63	
90.63	
90.63	
90.63	
90.63	
85.26	
85.26	
85.26	
85.26	
79.47	
79.47	
77.92	
77.83	
77.83	
77.83	
77.83	
77.01	
77.01	
77.01	
77.01	

Run no: 11
92.29	
91.64	
91.64	
91.64	
91.64	
91.64	
91.64	
91.64	
90.64	
90.64	
90.64	
90.64	
90.64	
90.64	
87.71	
87.71	
87.64	
87.64	
87.64	
87.64	
87.64	
86.98	
85.56	
85.56	
85.56	
85.56	
84.73	
84.73	
84.73	
84.73	
84.73	

Run no: 12
91.98	
91.98	
91.98	
91.38	
85.25	
85.25	
85.25	
85.25	
84.91	
84.91	
84.91	
84.91	
84.91	
84.84	
84.77	
84.77	
84.77	
84.77	
84.77	
84.77	
84.77	
84.77	
84.77	
84.77	
84.77	
84.77	
84.77	
84.77	
84.77	
81.01	
81.01	

Run no: 13
93.47	
93.47	
91.97	
91.97	
91.97	
87.4	
87.4	
86.05	
86.05	
86.05	
86.05	
86.05	
85.68	
85.68	
82.84	
82.84	
82.84	
82.84	
82.84	
82.78	
82.78	
82.36	
82.36	
82.06	
82.06	
82.06	
81.91	
81.91	
81.91	
81.87	
79.9	

Run no: 14
95.54	
95.54	
95.46	
94.49	
90.83	
90.38	
90.38	
90.38	
90.38	
87.28	
85.78	
85.78	
85.78	
85.78	
85.78	
85.78	
85.78	
85.78	
85.78	
85.78	
85.77	
85.59	
84.54	
84.54	
84.54	
84.54	
84.54	
84.09	
83.96	
83.89	
83.55	

Run no: 15
92.66	
91.47	
91.47	
89.83	
89.83	
89.83	
89.83	
89.83	
85.76	
84.61	
84.61	
84.61	
84.61	
84.61	
84.61	
84.61	
84.61	
84.61	
84.02	
83.15	
83.15	
83.15	
81.52	
78.77	
78.77	
78.77	
78.77	
78.77	
77.94	
77.75	
77.75	

Run no: 16
87.34	
87.34	
84.84	
84.84	
83.21	
83.21	
83.21	
83.21	
83.21	
82.71	
82.71	
81.11	
81.11	
81.11	
81.11	
81.11	
81.11	
81.11	
81.11	
81.11	
77.3	
77.3	
77.1	
77.1	
77.1	
77.1	
77.1	
77.1	
77.1	
76.89	
76.89	

Run no: 17
90.96	
90.96	
90.96	
90.96	
90.96	
90.96	
88.99	
88.99	
88.99	
88.99	
88.99	
88.99	
87.0	
87.0	
87.0	
86.96	
83.53	
82.88	
82.88	
82.73	
79.92	
79.17	
79.17	
79.17	
79.17	
79.17	
79.17	
79.17	
78.57	
76.93	
76.54	

Run no: 18
98.45	
92.45	
90.62	
82.79	
82.79	
82.79	
82.79	
81.81	
81.81	
81.81	
81.04	
81.04	
81.04	
76.99	
76.99	
76.98	
76.98	
76.98	
76.98	
76.98	
76.9	
76.9	
76.9	
76.9	
76.52	
76.52	
75.26	
75.26	
74.91	
74.91	
74.91	

Run no: 19
98.22	
98.22	
90.4	
90.4	
90.4	
90.3	
86.95	
86.95	
86.63	
85.9	
85.9	
85.9	
85.9	
85.9	
85.9	
85.9	
85.9	
85.9	
85.48	
85.48	
85.48	
85.48	
85.48	
85.48	
85.48	
85.48	
85.48	
85.48	
84.43	
81.52	
81.52	

Run no: 20
91.85	
91.85	
89.6	
89.6	
89.6	
89.6	
89.6	
89.6	
89.6	
89.6	
89.6	
89.6	
89.6	
87.72	
87.72	
87.32	
87.32	
87.29	
87.29	
87.29	
87.29	
87.29	
87.29	
87.29	
87.29	
87.29	
87.29	
87.29	
87.29	
87.29	
87.29	

Run no: 21
98.25	
94.12	
92.18	
91.67	
91.67	
91.67	
85.53	
85.53	
85.53	
85.5	
85.5	
85.5	
85.47	
83.96	
83.96	
83.96	
83.96	
83.96	
83.96	
81.54	
81.54	
79.92	
79.92	
79.92	
79.92	
79.39	
79.39	
79.39	
79.39	
79.32	
79.32	

Run no: 22
94.66	
93.88	
91.45	
91.45	
91.45	
90.95	
90.95	
89.98	
87.69	
87.69	
87.69	
87.44	
87.44	
87.44	
79.79	
79.79	
79.79	
79.79	
79.79	
79.79	
79.72	
79.62	
79.62	
79.62	
79.62	
79.62	
79.62	
79.47	
79.47	
79.39	
79.39	

Run no: 23
96.89	
92.95	
91.45	
91.45	
88.4	
88.4	
88.4	
88.4	
88.4	
88.4	
88.4	
88.15	
88.15	
88.15	
85.98	
76.19	
76.19	
76.19	
76.19	
76.19	
76.19	
76.19	
76.19	
76.19	
76.19	
75.54	
75.54	
75.54	
75.54	
75.54	
75.54	

Run no: 24
95.02	
95.02	
95.02	
93.96	
93.96	
93.96	
88.91	
88.91	
88.91	
88.91	
88.91	
88.71	
88.71	
88.18	
87.74	
87.68	
87.68	
87.68	
87.68	
87.57	
87.57	
87.01	
87.01	
85.5	
85.5	
85.5	
85.5	
85.5	
85.5	
85.5	
85.24	

Run no: 25
97.89	
97.89	
97.89	
97.89	
97.89	
97.89	
88.01	
88.01	
87.56	
87.56	
87.56	
87.56	
87.56	
87.56	
87.56	
87.46	
86.53	
86.53	
86.53	
86.53	
86.53	
86.53	
80.9	
80.9	
80.9	
80.9	
80.9	
80.9	
80.9	
76.38	
76.38	

Run no: 26
92.26	
92.26	
92.26	
92.26	
89.92	
89.92	
89.92	
89.71	
89.11	
82.09	
82.09	
82.09	
82.09	
82.09	
82.09	
82.09	
82.09	
82.09	
82.09	
82.09	
82.09	
82.09	
82.09	
82.09	
82.05	
82.02	
80.43	
80.43	
80.43	
80.43	
79.47	

Run no: 27
92.67	
92.6	
92.6	
89.36	
89.36	
89.36	
89.36	
87.35	
87.35	
87.35	
87.35	
86.64	
85.07	
85.07	
85.07	
85.07	
85.07	
79.78	
79.78	
79.78	
79.78	
79.78	
79.78	
79.78	
79.78	
79.78	
79.75	
79.75	
77.56	
77.56	
77.56	

Run no: 28
92.29	
92.29	
91.97	
90.57	
90.57	
90.17	
88.13	
84.88	
84.88	
81.09	
81.09	
81.09	
81.09	
81.09	
79.16	
79.16	
78.91	
78.91	
78.08	
78.08	
78.08	
78.08	
77.95	
77.95	
77.95	
77.95	
77.95	
77.95	
77.93	
77.93	
75.71	

Run no: 29
99.38	
97.75	
96.92	
95.74	
92.38	
91.49	
91.49	
90.94	
89.6	
89.6	
83.24	
83.24	
83.24	
83.24	
83.24	
80.22	
80.22	
80.22	
80.22	
80.22	
80.22	
80.16	
80.16	
78.06	
78.06	
78.06	
78.06	
78.06	
78.06	
77.63	
77.63	

Run no: 30
91.18	
91.18	
87.2	
87.05	
87.05	
79.94	
79.94	
79.94	
79.94	
79.63	
79.63	
79.63	
79.63	
79.63	
79.63	
79.63	
79.63	
79.44	
79.44	
79.44	
79.44	
79.44	
79.44	
79.4	
79.39	
79.39	
79.22	
79.22	
79.22	
79.22	
79.22	
