
Run no: 1
0.76	-0.7	-0.78	-2.89	-3.46	1.92	-1.44	-1.38	-1.25	0.19	0.62	1.75	0.18	-2.09	1.97	0.72	1.62	-4.36	-5.4	-3.5	1.98	0.03	1.29	-6.2	-1.72	-1.07	1.35	-0.54	-0.57	-0.41	-1.92	1.2	-2.07	-3.02	1.04	1.73	0.48	-1.62	1.43	0.79	
2.44	2.36	2.39	2.34	2.21	2.27	2.49	2.32	2.32	2.23	1.46	-24.82	2.17	-24.68	0.09	-1.76	-20.37	-23.22	-24.93	-20.83	-19.22	-20.67	-24.63	-20.56	2.43	2.37	2.38	2.35	2.34	2.34	-25.32	-25.19	-22.49	2.32	0.04	0.78	-25.26	2.26	-25.5	2.42	

Run no: 2
-0.28	-3.08	0.37	0.4	1.93	0.28	0.78	0.87	0.73	-3.36	1.18	0.62	-1.49	0.12	0.83	-1.3	-8.54	1.38	-2.12	-0.42	-1.95	-0.5	-3.03	0.14	-1.55	1.65	-2.7	0.76	-4.71	1.92	-1.94	0.77	1.78	-0.37	1.57	-1.55	1.2	1.17	-1.81	1.65	
2.43	2.43	2.36	-37.75	-38.24	1.92	-21.83	-23.44	-2.11	2.08	-23.42	-23.26	1.88	-22.01	-24.49	-21.45	-35.72	-22.15	-37.84	2.43	2.35	2.47	-22.07	-24.42	2.35	-34.37	-24.42	1.9	-34.39	1.09	1.51	-38.48	-23.62	-36.25	2.36	-21.41	-21.43	-34.53	-22.46	-35.23	

Run no: 3
-0.1	-5.08	-3.18	-0.42	2.0	-1.6	-0.3	-1.86	0.06	1.74	0.34	0.86	1.01	1.0	-5.82	1.12	2.02	1.45	1.05	-2.17	1.76	-4.22	-1.72	0.02	-7.21	1.69	1.62	-5.68	-1.26	0.55	-0.7	1.74	-0.45	1.64	-1.57	0.32	-0.15	-1.14	1.93	1.59	
2.4	2.42	2.27	2.4	1.93	1.2	1.4	1.42	1.47	1.45	2.3	-24.2	-11.79	-28.8	-27.27	-28.77	-40.75	2.1	1.85	-29.35	-30.8	-40.53	-29.85	2.33	-39.03	-40.42	-41.95	-28.93	1.19	2.29	-13.43	-30.13	2.28	1.5	1.39	-42.8	-27.9	-27.27	2.03	-41.41	

Run no: 4
-0.01	1.69	-0.94	-0.41	-0.48	-2.54	1.56	-1.55	-1.77	-4.42	1.19	1.96	1.24	0.59	-0.28	-0.31	-1.56	-3.01	-2.43	0.01	-1.29	-2.96	-3.05	0.75	-1.01	-1.26	1.04	1.55	-1.84	-1.62	1.81	-0.62	1.33	2.0	-0.47	-0.51	0.35	-0.51	-0.57	-0.82	
2.51	2.3	2.43	2.45	2.37	2.21	2.41	2.39	2.45	2.5	-3.52	-0.86	-3.6	1.91	-0.09	-23.49	1.53	-24.76	-4.41	-21.36	2.49	2.5	-22.45	-24.7	1.91	2.39	2.02	2.26	2.36	-3.61	-0.86	-23.94	-3.43	-23.58	1.72	2.32	-23.64	0.04	1.72	-22.76	

Run no: 5
1.76	1.03	-2.64	-0.79	1.43	-1.6	-0.95	1.04	-0.85	-1.57	1.6	-2.11	-0.83	0.27	-1.98	0.47	-1.04	-1.33	-0.97	-1.71	-1.25	-0.39	-9.98	-8.04	-2.89	-0.06	-2.6	-2.45	1.39	-0.49	-0.01	1.42	-0.1	0.32	1.79	-5.3	1.56	0.05	0.74	-0.27	
2.46	2.47	2.34	2.4	1.18	2.49	2.45	2.1	1.17	2.19	-27.23	-24.71	2.27	-24.06	-29.36	2.35	-29.38	2.17	-24.08	2.19	-29.38	-21.4	2.27	2.45	2.3	1.08	2.53	1.16	2.41	2.4	2.31	-24.05	-27.36	-27.31	-26.92	2.42	-25.05	-27.38	-26.82	2.18	

Run no: 6
1.63	0.2	-0.73	1.96	1.87	-0.07	-0.7	-5.81	-0.86	1.65	-1.11	1.32	-2.46	0.45	-0.91	-2.08	2.17	-0.31	2.04	-2.04	-1.03	-0.34	-2.52	1.99	-0.58	-1.84	-3.52	-4.86	-2.68	0.8	1.4	-2.39	2.01	-5.5	-3.52	-2.21	-0.99	1.53	1.65	-3.25	
2.38	2.58	1.94	-28.57	-29.1	0.74	-27.88	-29.14	-30.05	-0.2	1.54	-0.71	-30.84	-29.43	-0.2	-28.22	-28.23	1.28	1.16	1.13	1.02	0.53	-0.54	2.37	-29.57	1.94	2.46	2.35	2.35	2.05	-28.58	2.43	-29.11	-29.27	-27.29	2.48	0.73	2.09	1.2	-29.07	

Run no: 7
0.97	1.63	-0.02	-6.41	-0.64	-1.31	0.19	-1.36	0.01	0.21	-1.95	1.24	-3.16	0.1	-0.23	1.96	-0.2	-3.85	-2.82	-0.06	-1.84	0.17	-1.29	-0.6	-0.09	-0.49	-3.2	-1.43	1.44	-4.49	1.7	-1.85	1.72	1.9	-1.45	1.34	0.15	1.62	-4.41	0.73	
2.47	2.37	-39.85	-36.98	-8.08	-35.69	-7.58	-7.09	-36.61	-33.35	-35.94	-7.68	2.26	2.33	-37.0	2.39	-36.6	0.84	2.46	2.36	-7.26	-7.68	-35.98	-31.63	-33.28	-7.27	-7.26	2.5	2.46	2.24	-33.52	-33.67	-36.2	-35.25	-31.55	-8.13	-36.94	2.38	-6.15	-36.12	

Run no: 8
1.26	1.02	1.79	-1.36	-2.8	-5.41	-0.04	0.44	1.39	-2.61	-3.07	-0.3	-0.02	1.48	1.15	1.45	0.46	-0.79	1.4	-0.61	1.4	1.31	2.06	1.86	-3.0	-0.66	-0.19	2.06	-0.69	-5.89	-0.48	0.78	-1.12	-1.02	1.73	1.71	1.65	-0.87	-1.48	-1.15	
2.27	2.32	2.36	2.29	2.35	2.33	2.29	1.95	2.25	2.4	-26.42	-27.81	-29.64	-28.1	-29.08	2.31	2.29	2.37	1.91	2.34	2.4	2.25	-28.1	2.22	1.89	2.29	2.28	1.79	2.37	2.33	2.34	2.29	-28.95	-28.39	2.24	2.27	1.78	2.39	-28.29	2.25	

Run no: 9
-0.27	1.29	-0.21	-0.2	-2.4	-1.76	0.72	-5.2	0.06	1.64	-3.54	-0.01	1.75	-2.52	1.61	0.33	0.4	1.22	-0.63	1.7	-0.45	-3.28	-1.25	1.31	-3.05	-0.2	-0.56	-0.12	0.97	-1.61	-0.78	-0.73	1.69	-0.21	1.39	0.1	1.15	1.68	-0.7	0.44	
2.2	2.05	2.04	2.13	-26.72	-23.08	2.01	-23.18	-24.43	-23.16	2.19	-26.67	2.21	-28.16	0.12	-3.21	-25.37	-27.11	-26.2	-1.18	-2.63	-29.87	-29.66	-2.58	-2.89	-3.61	-26.17	-29.38	-28.61	-3.38	2.22	1.04	0.86	-23.91	2.21	-26.49	1.99	-23.25	1.99	2.11	

Run no: 10
-3.94	-0.59	-0.85	-0.1	1.48	-0.77	-1.43	1.7	0.88	-0.45	0.82	0.73	-0.29	0.17	-1.89	-1.41	0.46	1.37	1.5	1.42	0.76	-2.58	1.4	-0.22	1.69	-0.6	-1.67	1.83	1.48	0.22	1.43	1.05	1.87	-1.1	1.5	-3.12	1.49	-1.24	0.76	-0.22	
2.29	2.17	2.17	-0.58	1.85	-0.39	0.12	1.86	2.1	1.68	-39.14	-1.2	-36.96	-0.84	2.17	1.75	-38.89	-1.06	1.84	-0.59	2.2	1.97	-9.26	-3.59	-5.0	2.14	-30.04	1.91	2.22	1.83	-32.47	-32.44	2.15	-8.61	1.77	-39.35	-32.5	-40.5	-8.61	-26.06	

Run no: 11
-3.4	-0.22	-2.71	-0.72	-0.94	2.07	-1.6	-0.29	-2.1	-6.51	-0.01	-4.51	1.46	-3.18	1.06	1.76	-4.27	-0.73	1.5	-2.04	-0.11	0.35	0.22	0.71	0.96	-0.29	-0.9	0.3	-0.83	-0.82	1.28	0.82	1.14	1.54	1.64	-3.51	-1.29	-0.09	1.2	-0.27	
2.26	1.29	2.53	1.24	1.92	2.18	-0.84	0.28	-21.94	2.04	-23.06	-23.14	2.06	-0.85	2.34	2.53	1.11	2.26	1.16	-23.79	1.2	-24.51	1.75	1.27	1.21	0.43	2.06	2.5	2.51	-28.48	2.2	2.2	-23.78	1.35	1.51	2.49	-23.89	2.15	2.15	0.94	

Run no: 12
-0.04	-1.39	1.87	0.1	1.85	1.04	-1.97	-1.68	0.62	1.6	-3.75	1.94	-0.06	-1.45	-1.11	1.7	0.03	2.23	-0.87	1.44	-1.04	-0.64	-1.24	-2.26	1.88	-1.54	-5.55	0.47	1.57	-0.32	0.32	-5.42	-0.2	-3.4	-0.07	-0.04	-6.5	-1.24	2.21	0.44	
2.42	1.29	-2.37	1.26	-2.28	-2.6	1.36	-2.82	1.16	-2.63	2.22	-2.34	2.24	-2.24	1.92	2.54	-2.79	-27.81	-2.37	0.83	2.13	1.71	-2.53	2.39	1.59	-2.8	-29.67	-2.82	2.44	-2.53	-29.51	-2.37	2.42	1.25	1.14	2.32	-2.83	1.7	-42.13	-41.43	

Run no: 13
1.86	0.75	-0.81	1.25	0.88	-2.39	-4.11	-0.02	0.24	-1.83	-0.62	1.58	-0.27	-1.5	-0.49	0.84	-3.35	-4.74	0.07	1.56	-1.54	1.64	0.45	1.29	1.58	0.03	-0.82	1.89	0.39	-1.9	1.71	-1.81	1.52	-1.2	-5.35	1.74	0.82	-3.13	-1.45	-1.45	
-2.63	2.21	-22.91	-2.83	-2.38	-2.12	-26.28	-24.68	-25.3	-24.99	-1.55	-1.52	-1.98	-2.74	-3.27	-2.39	2.48	2.43	2.37	2.26	2.37	2.29	2.17	1.31	-1.21	2.01	2.22	2.06	-24.6	-2.45	-1.67	-25.2	2.29	1.31	2.01	-24.44	2.48	-24.13	2.26	-25.41	

Run no: 14
-6.87	0.66	-0.69	0.56	-0.72	-0.46	1.48	-3.98	-0.05	-1.69	-0.64	-1.49	-0.8	-2.77	-1.24	0.95	-1.43	1.69	1.67	-0.14	0.69	1.55	-0.83	-0.9	-3.44	-1.6	1.05	-0.45	1.58	-3.68	0.52	1.66	-2.01	-1.23	1.47	0.3	-2.39	-2.0	-1.0	-0.15	
2.41	2.39	2.4	2.4	2.17	1.59	1.49	-22.58	-18.9	-18.99	-20.64	-18.76	-23.24	-20.38	2.41	2.32	2.29	2.29	2.08	2.39	2.4	-22.93	-23.56	-22.21	-20.93	2.26	2.15	2.38	2.32	-21.01	-21.61	-23.75	-23.79	1.97	2.0	2.26	-22.72	-20.03	-21.45	-21.74	

Run no: 15
-0.1	-1.7	-0.37	-0.15	1.75	-0.66	1.62	-2.46	-1.04	1.44	-1.25	-6.58	-2.4	-1.78	0.4	-1.83	1.29	-2.85	-2.45	-0.15	-1.64	0.11	-0.01	1.68	1.38	-3.26	-1.05	-1.32	-0.87	0.22	-3.8	1.52	-8.62	-0.05	1.73	1.54	-1.66	-0.56	1.21	-1.44	
2.36	1.84	2.16	1.69	0.76	2.1	0.75	0.62	-1.51	-6.25	-24.36	-25.03	0.81	0.09	-24.9	0.02	-1.6	1.63	-19.62	-23.84	-0.44	-24.38	-23.88	-21.66	0.86	-18.99	-1.37	-0.98	0.16	-24.71	2.28	0.75	-21.25	-18.71	-19.71	-21.9	2.42	-20.85	1.94	0.75	

Run no: 16
1.57	-0.55	-3.51	-1.08	1.08	0.9	1.97	-1.63	0.27	-1.21	-7.62	1.8	-0.71	2.16	-1.48	-1.68	-1.33	0.35	1.03	0.85	0.15	0.14	-0.16	-0.66	-0.22	0.04	-3.99	1.81	-0.91	-1.27	-6.08	-0.22	0.15	-1.7	0.35	-1.15	-2.69	-0.97	-1.4	1.91	
2.49	2.54	2.38	-23.33	2.14	-26.0	-26.02	-34.09	-33.42	-34.68	2.31	-26.99	-35.11	-35.06	1.44	2.54	-25.15	1.64	-27.24	2.35	-36.01	-35.44	-34.48	-28.32	-25.14	2.51	2.48	-25.26	-35.29	-36.32	-28.87	2.29	-35.43	-35.58	-29.22	2.51	0.47	-27.66	2.25	-29.35	

Run no: 17
0.67	0.35	1.12	-4.68	-0.62	-3.19	1.39	0.44	1.34	-0.63	-2.08	0.31	1.55	1.02	1.64	-0.97	1.48	-0.58	0.61	-1.84	1.27	-4.42	1.57	-2.32	0.35	-3.46	-1.12	0.27	0.28	1.15	1.34	-7.58	0.37	1.3	-2.52	1.48	-1.37	-0.45	-1.98	1.45	
2.29	2.11	1.86	-40.63	1.83	-31.34	-40.38	-24.28	-38.8	1.63	2.03	-48.12	2.19	1.9	2.0	2.23	1.97	1.93	-48.08	-29.58	-24.43	-40.51	-39.74	-38.3	2.29	1.87	2.15	2.13	-39.81	1.69	-26.72	2.32	-38.02	-25.1	-24.51	-39.96	-39.38	-38.87	-37.93	-38.94	

Run no: 18
0.16	1.38	-0.02	1.45	1.9	-1.33	1.32	-2.65	1.52	-1.12	-1.91	0.02	0.24	-2.13	-1.77	0.21	-0.33	-4.99	-1.3	-3.7	-1.73	-2.82	0.62	-1.17	1.67	-1.99	-0.55	1.34	-2.82	1.19	1.82	0.84	-0.11	0.03	-1.79	-0.82	-2.22	1.3	1.58	1.6	
2.47	2.41	2.26	1.99	-34.49	0.87	-36.11	-32.72	-34.46	-35.02	-31.2	1.4	-3.77	-5.53	-20.95	-39.58	-3.21	-30.48	0.99	-21.77	-31.11	-31.16	-5.33	-34.26	2.35	2.41	-32.26	0.31	-40.42	-22.71	-21.3	2.46	-35.78	2.47	-34.19	0.81	-3.46	-31.92	-22.54	-32.28	

Run no: 19
1.79	-1.3	1.39	0.09	-2.65	0.22	-0.49	0.23	1.91	-0.32	0.12	0.38	-0.7	-0.84	0.15	1.46	0.01	0.67	0.07	-4.46	-0.55	1.07	-0.69	-0.24	1.72	-3.63	1.93	-4.04	-0.14	-2.33	0.15	1.69	-1.11	-1.51	-1.55	-4.2	-3.13	-1.38	1.68	-0.13	
2.51	2.44	2.29	2.43	2.54	2.36	2.4	2.21	2.17	-30.02	1.25	2.24	2.43	2.39	2.31	2.54	2.51	2.45	2.29	2.47	1.26	2.37	2.51	2.31	2.19	2.44	2.54	2.53	2.46	2.53	1.14	2.37	2.17	2.5	2.47	2.29	2.53	2.49	2.11	2.13	

Run no: 20
-0.28	2.05	1.63	-0.35	-0.98	-1.54	-0.13	-3.06	-1.24	-2.02	-8.03	-1.39	-1.16	-0.59	-1.45	-1.47	1.87	-0.15	1.58	1.91	1.79	1.11	1.48	0.33	-2.43	0.66	-2.71	-2.59	1.32	1.71	-0.49	-1.63	1.51	-2.14	-0.39	-3.84	-2.35	-1.96	0.5	1.24	
2.54	2.38	2.16	2.41	-36.56	-22.83	2.32	1.86	-37.4	-35.88	-34.79	2.33	1.19	2.52	2.15	-13.24	-35.09	2.53	1.85	-37.38	-37.06	-36.98	-22.98	2.33	-35.64	2.13	-34.42	-22.74	-21.87	-35.11	2.34	-36.1	-21.73	1.65	1.92	1.8	-36.86	2.5	-23.03	2.09	

Run no: 21
-1.24	-5.38	-0.65	-1.91	-1.82	0.48	-0.14	0.53	0.59	1.38	1.44	0.21	-1.17	-6.94	-0.53	-1.64	-0.48	1.25	-1.88	1.38	-0.24	-1.52	1.88	-0.63	-0.38	1.72	0.05	-1.46	0.02	0.12	1.5	-1.85	-0.73	-2.33	-1.31	1.18	-0.71	1.48	-1.57	0.17	
2.24	2.19	-21.83	1.63	-42.41	-22.5	-43.38	1.99	-22.18	-31.35	1.93	-25.09	1.98	-32.66	-42.94	2.18	-43.95	-43.96	-43.47	2.18	2.19	-24.5	-22.51	-42.42	-43.85	2.25	-31.52	-22.23	-31.83	-21.29	-42.51	-25.75	-31.4	-44.31	-43.26	2.23	2.01	1.81	-32.22	-42.35	

Run no: 22
-3.15	-0.63	-1.44	-1.1	-2.11	1.55	-0.28	-1.48	-3.48	1.86	-4.68	0.08	-6.09	1.38	1.57	0.99	-0.57	0.71	-2.7	-2.47	1.3	0.05	0.02	-0.05	0.09	1.54	1.32	1.23	-0.33	0.86	-1.22	1.13	-1.06	-0.06	-2.44	-1.82	0.8	-1.18	1.47	1.5	
2.3	2.24	2.38	-34.86	2.31	1.05	2.2	-35.22	2.23	-33.68	2.09	-23.79	-36.33	-34.32	-28.41	2.21	-34.14	-34.05	1.67	-34.14	-34.06	1.49	2.29	2.37	1.67	1.04	-33.43	-23.78	2.28	2.25	0.89	-35.1	2.37	-23.76	2.29	2.24	-23.74	-27.36	1.67	-25.12	

Run no: 23
1.11	-0.56	-2.83	-1.43	-2.17	-0.68	-0.67	1.69	1.45	-2.84	1.26	-7.41	-0.2	-1.39	-0.48	1.41	0.92	-3.28	1.09	1.44	-2.88	0.86	1.48	-1.5	1.13	1.34	-3.68	-1.48	1.13	-0.63	0.15	0.53	-0.68	0.16	0.51	-0.19	1.11	-1.49	0.82	-0.31	
2.14	2.07	2.08	1.94	2.12	2.0	-28.62	2.08	2.08	0.91	1.42	-28.8	-25.08	-25.29	1.33	-0.52	2.07	-26.29	-27.16	-25.38	-23.84	-27.8	-25.44	-27.14	2.15	2.06	2.11	-25.38	0.5	-27.19	-25.42	2.1	2.1	-0.45	-0.55	1.42	-27.81	2.11	-25.21	-26.55	

Run no: 24
1.34	-1.95	1.63	1.71	0.04	-1.22	-0.84	-0.26	0.54	-1.16	-1.72	1.3	-2.32	-1.83	1.21	0.77	-5.43	-1.14	1.76	-0.78	1.88	-3.13	-3.84	-0.34	-2.47	1.68	1.64	1.73	1.56	0.64	1.47	1.77	0.01	-1.01	-1.28	0.36	1.74	-1.83	-1.72	-0.69	
2.26	2.21	2.47	2.04	2.45	1.88	2.38	1.72	2.33	1.94	1.95	2.12	1.83	-24.17	2.08	-26.08	2.01	2.04	2.33	2.39	1.94	2.17	1.88	2.45	2.25	1.99	2.0	-25.66	2.04	2.21	2.15	2.18	2.4	2.35	2.2	2.2	2.19	2.34	1.61	2.0	

Run no: 25
-1.83	1.22	-3.23	1.64	-0.25	0.29	1.5	-1.46	-0.68	1.0	0.81	1.83	-0.71	1.24	-2.18	0.73	-3.17	0.4	-2.87	1.59	-2.41	1.51	-0.05	-0.45	-2.65	1.53	-4.43	-0.54	-0.84	1.99	-0.23	-1.24	-0.97	1.81	-1.3	-0.49	-0.66	0.25	-3.69	-1.25	
2.52	2.04	2.47	-27.18	1.16	-28.15	-26.52	2.14	-25.88	-26.27	2.46	2.05	-27.01	2.43	-28.86	-26.58	1.91	1.97	-26.27	2.46	-26.02	-25.25	-26.4	0.2	2.02	2.39	2.42	-27.34	-27.59	1.9	2.42	2.09	1.94	0.08	-27.86	2.34	2.32	2.26	2.31	2.38	

Run no: 26
1.55	0.54	-2.62	0.24	-2.74	0.69	1.93	-1.93	-5.55	0.29	1.75	1.64	0.17	1.62	-2.19	-3.6	-4.06	-1.58	1.66	0.96	-0.37	-0.53	1.56	0.71	-13.19	0.32	-2.14	-4.02	-0.28	0.65	-1.99	-1.12	-2.04	-0.13	-0.01	1.31	-1.5	1.72	1.39	-1.12	
2.29	2.3	2.25	2.25	2.41	-29.54	1.97	2.17	2.12	-30.42	-29.83	-25.6	-30.92	-29.7	-29.91	2.26	2.25	-31.29	-30.29	1.95	2.14	1.95	2.39	1.91	2.29	2.17	-30.83	-29.64	-29.93	-30.17	2.25	-30.46	-29.82	1.31	2.22	2.24	1.95	-29.86	-28.37	1.66	

Run no: 27
-0.6	-0.23	-1.66	-1.15	1.79	0.89	-2.56	-2.14	1.52	1.62	1.39	-3.1	-4.56	-1.71	1.44	-0.9	-0.75	-1.58	-2.83	-2.24	1.78	1.75	0.07	1.45	-1.07	-2.68	0.18	0.3	-1.34	0.87	0.41	-1.56	-2.05	1.56	-3.17	-3.99	1.32	1.49	-3.07	1.62	
2.37	1.29	1.66	2.42	2.2	1.56	-21.1	-18.28	-21.45	2.06	-18.51	1.19	1.7	1.47	-20.7	0.8	1.63	2.19	-22.18	1.92	2.19	-21.01	-21.23	1.28	2.36	2.35	0.77	1.63	-21.46	-20.06	1.22	1.91	2.05	2.3	2.19	1.0	1.27	2.34	-21.81	1.42	

Run no: 28
1.4	-0.62	1.54	-3.09	-0.72	-1.01	-1.06	1.14	-2.89	-1.74	-1.41	-0.45	-0.79	-0.27	-1.34	-1.58	0.06	-1.21	-0.5	1.51	1.03	1.03	0.41	-3.75	-1.02	-3.99	1.09	0.2	1.65	0.19	0.28	1.22	-0.85	-1.55	-0.17	1.35	-0.84	1.76	-1.99	0.97	
2.18	2.12	1.56	2.12	0.72	-31.57	1.75	2.0	0.11	-32.41	1.37	-32.15	0.17	-0.32	-31.25	-31.85	-2.65	-29.28	-39.01	-30.65	-29.8	1.75	1.73	-2.8	-32.44	-22.47	1.59	-38.99	-30.05	-31.79	0.64	-20.08	2.11	0.1	-30.76	2.11	-37.9	-37.18	-20.5	-20.34	

Run no: 29
-0.29	-1.3	1.5	1.44	-2.01	1.03	1.82	-1.12	0.98	-4.98	-2.35	-1.47	0.11	0.62	-1.13	-1.47	-1.34	1.83	2.02	-1.09	-0.01	0.78	-1.65	-1.43	-0.44	-2.82	-0.37	-0.94	-2.41	-1.4	-3.63	-1.93	-0.01	-2.55	-1.06	0.8	1.74	1.42	-1.23	-2.33	
2.52	-2.22	2.55	2.4	2.49	2.48	-2.38	-29.61	2.18	2.65	-28.1	-1.72	-2.06	2.48	-1.98	-2.42	-1.93	-36.98	-34.41	1.86	-27.97	2.43	-2.23	-2.22	-1.86	2.09	-2.28	-2.23	2.41	2.53	-28.12	2.09	-2.08	-37.15	0.86	-2.33	2.51	0.2	-34.56	-1.76	

Run no: 30
0.39	-0.18	-1.82	0.57	1.34	-1.34	-0.44	1.01	-1.53	1.61	1.17	1.56	1.54	0.51	-1.61	1.5	0.19	-3.73	-1.7	1.47	-1.86	-1.94	-0.55	-0.07	-3.01	1.88	1.09	-1.15	0.22	-1.82	1.14	-4.11	-1.26	1.55	-3.9	1.38	1.71	1.4	-1.94	-0.23	
2.23	2.21	2.2	1.99	1.9	-3.63	1.88	-34.08	2.29	2.2	-32.89	-33.0	-34.69	-0.36	1.77	-32.64	-0.77	-35.33	-35.75	-35.44	-36.2	-35.99	1.69	1.87	-33.62	2.23	2.3	1.89	1.99	1.84	-3.88	-34.29	-36.77	2.2	2.2	-34.27	1.69	-8.47	-5.33	2.15	
