
Run no: 1
100		389		648		
28		341		648		
28		309		648		
28		267		648		
28		225		648		
28		232		650		
28		272		2313		
28		254		2313		
28		256		2313		
28		223		2313		
24		217		2313		
24		285		2313		
24		334		2313		
24		380		2313		
24		484		2308		
24		517		2308		
24		413		2308		
24		348		2298		
24		360		2194		
24		403		2199		
24		387		2199		
24		450		2199		
24		399		2199		
24		342		2199		
24		405		2199		
24		258		2093		
24		255		2093		
24		249		2093		
24		254		2093		
24		261		2093		
24		263		2093		

Run no: 2
135		370		688		
38		328		688		
38		310		678		
38		268		678		
38		203		510		
38		182		510		
38		188		432		
38		173		470		
38		189		470		
28		170		470		
28		137		274		
28		123		274		
28		122		274		
28		127		274		
28		117		233		
28		112		233		
28		117		233		
28		109		233		
28		113		233		
28		106		233		
28		111		217		
28		94		214		
28		99		231		
28		100		215		
28		104		215		
28		109		215		
28		109		215		
28		105		215		
28		111		215		
28		109		215		
28		116		233		

Run no: 3
113		380		682		
14		338		602		
14		330		555		
14		316		547		
14		286		547		
14		256		542		
14		223		440		
14		212		435		
14		202		434		
14		210		437		
14		190		437		
14		197		440		
14		200		440		
14		185		440		
14		186		440		
14		176		440		
14		162		440		
14		164		442		
14		163		442		
14		190		442		
14		178		442		
14		194		442		
14		181		440		
14		180		433		
14		167		433		
14		180		433		
14		155		433		
14		166		433		
14		159		414		
14		148		414		
14		140		454		

Run no: 4
77		373		674		
24		321		618		
24		330		2388		
24		315		2075		
24		264		2075		
24		281		2075		
24		170		584		
24		137		584		
24		128		584		
24		118		584		
24		87		248		
24		91		248		
24		97		248		
24		93		248		
24		82		248		
24		78		247		
24		80		247		
24		69		247		
24		80		265		
24		76		244		
24		83		251		
24		71		215		
24		81		217		
24		82		215		
24		81		215		
24		87		215		
24		80		215		
24		82		220		
24		81		220		
24		79		220		
24		78		220		

Run no: 5
113		336		590		
113		331		2222		
113		357		2222		
22		283		2130		
22		272		2130		
22		200		440		
22		196		450		
22		177		429		
22		171		435		
22		183		436		
22		184		436		
22		186		436		
22		159		429		
22		153		429		
22		176		439		
22		179		439		
22		176		439		
22		158		439		
22		149		423		
22		141		423		
22		150		423		
22		138		423		
22		135		421		
22		129		421		
22		138		421		
22		126		249		
22		132		249		
22		131		249		
22		137		249		
22		129		249		
22		132		249		

Run no: 6
136		357		666		
38		289		666		
38		287		664		
38		249		533		
38		239		528		
32		237		524		
32		228		530		
32		217		524		
32		213		524		
32		236		530		
32		240		530		
32		231		530		
32		247		538		
32		244		538		
32		242		538		
32		245		529		
32		211		529		
32		219		529		
32		241		540		
32		215		540		
32		180		540		
32		184		540		
32		162		482		
32		142		359		
32		146		359		
32		138		359		
32		144		359		
32		146		359		
32		144		362		
32		143		362		
32		141		362		

Run no: 7
119		349		609		
28		294		630		
26		250		633		
26		247		572		
26		227		572		
26		210		430		
26		207		430		
26		203		430		
26		210		437		
26		209		433		
26		232		433		
26		212		433		
26		218		433		
26		212		433		
26		215		433		
26		228		433		
26		229		433		
26		221		421		
26		212		421		
26		212		421		
26		214		421		
26		197		421		
26		197		426		
26		187		426		
26		189		426		
26		180		426		
26		165		426		
26		162		426		
26		163		426		
26		161		426		
26		162		426		

Run no: 8
116		356		576		
24		333		576		
24		283		581		
24		307		1910		
24		301		1910		
24		284		1910		
24		283		1910		
24		205		404		
24		189		395		
24		204		419		
24		213		414		
24		223		390		
24		216		390		
24		216		390		
24		226		391		
24		227		391		
24		228		399		
24		241		414		
24		243		414		
24		236		414		
24		236		414		
24		227		414		
24		241		414		
24		223		414		
24		229		414		
24		224		414		
24		222		414		
24		209		414		
24		216		414		
24		219		414		
24		213		414		

Run no: 9
121		398		704		
22		336		554		
22		313		554		
20		303		567		
20		325		572		
20		351		583		
20		346		583		
20		349		583		
20		337		583		
20		329		583		
20		301		583		
20		276		583		
20		254		595		
20		251		595		
20		261		596		
20		237		600		
20		201		595		
20		172		595		
20		141		601		
20		138		601		
20		162		602		
20		173		602		
20		145		335		
20		133		330		
20		142		330		
20		148		330		
20		159		330		
20		181		332		
20		185		332		
20		197		332		
20		190		332		

Run no: 10
110		360		606		
28		325		606		
28		303		606		
28		283		598		
28		245		598		
28		250		600		
28		234		592		
28		201		582		
28		190		378		
28		173		371		
28		189		372		
28		188		371		
28		195		371		
28		205		369		
28		190		365		
28		196		365		
28		199		365		
28		197		365		
28		186		367		
28		181		367		
28		192		367		
28		179		363		
28		179		363		
28		172		358		
28		147		358		
28		144		358		
28		152		268		
28		144		268		
28		126		268		
28		124		249		
28		124		249		

Run no: 11
99		396		665		
99		342		555		
40		302		555		
36		271		628		
36		274		628		
36		209		473		
36		202		475		
36		204		517		
36		209		517		
36		214		518		
36		215		475		
24		210		475		
24		233		475		
24		224		475		
24		219		475		
24		207		471		
24		190		471		
24		174		471		
24		174		475		
24		180		471		
24		180		471		
24		178		471		
24		128		437		
24		143		437		
24		145		437		
24		136		437		
24		126		437		
24		132		447		
24		137		437		
24		144		437		
24		153		437		

Run no: 12
110		361		697		
110		306		697		
30		261		482		
30		270		482		
30		283		484		
30		311		484		
30		315		481		
30		309		481		
30		270		481		
30		279		443		
30		269		445		
30		284		445		
30		291		445		
30		282		462		
30		258		462		
30		245		445		
30		276		506		
30		265		442		
30		239		442		
30		248		442		
30		224		442		
30		240		442		
30		230		442		
30		221		442		
30		213		440		
30		228		456		
30		212		456		
30		209		451		
30		237		451		
30		219		451		
30		211		451		

Run no: 13
186		410		645		
186		442		2169		
36		347		645		
36		303		642		
28		269		642		
28		199		354		
28		181		354		
28		185		354		
28		179		354		
28		185		354		
22		161		326		
22		154		276		
22		155		286		
22		149		264		
22		150		264		
22		178		264		
22		180		264		
22		176		248		
22		179		285		
22		166		285		
22		157		285		
22		162		285		
22		160		285		
22		168		285		
22		178		285		
22		161		285		
22		160		285		
22		161		285		
22		174		285		
22		174		285		
22		172		285		

Run no: 14
117		392		678		
32		335		678		
32		332		678		
28		317		709		
28		313		678		
28		277		659		
28		310		659		
28		280		527		
28		294		529		
28		277		532		
28		282		524		
14		252		527		
14		245		527		
14		249		527		
14		242		527		
14		247		527		
14		234		522		
14		222		522		
14		222		534		
14		219		534		
14		205		534		
14		188		534		
14		182		522		
14		185		522		
14		173		522		
14		152		339		
14		165		341		
14		181		400		
14		193		405		
14		185		400		
14		209		395		

Run no: 15
104		361		694		
22		314		690		
20		266		510		
20		240		510		
20		278		1971		
20		285		1940		
20		213		499		
20		231		504		
20		228		504		
18		245		546		
18		253		546		
18		268		546		
18		239		546		
18		238		546		
18		190		546		
18		185		534		
18		185		482		
18		229		482		
18		213		482		
18		210		482		
18		192		482		
18		192		482		
18		191		482		
18		185		482		
18		204		489		
18		209		502		
18		186		502		
18		208		502		
18		223		498		
18		201		489		
18		247		489		

Run no: 16
121		391		681		
121		349		681		
26		296		648		
26		304		2101		
26		332		2132		
26		344		2132		
26		266		2045		
26		271		1885		
26		181		312		
26		183		295		
26		190		295		
26		203		295		
26		174		294		
26		175		289		
26		172		289		
26		169		289		
26		164		289		
26		185		289		
26		180		299		
26		197		299		
26		177		299		
26		161		305		
26		148		305		
26		162		306		
26		140		305		
26		133		305		
26		144		305		
26		116		305		
26		126		305		
26		139		305		
26		140		305		

Run no: 17
157		394		675		
157		345		597		
157		325		585		
157		294		585		
157		319		2025		
40		306		2025		
40		271		564		
30		269		564		
30		268		564		
30		256		564		
30		236		564		
30		215		536		
24		180		536		
24		194		536		
24		191		536		
24		175		294		
24		163		294		
24		165		294		
24		165		294		
24		157		294		
24		145		294		
24		129		286		
24		130		286		
24		133		286		
24		124		273		
24		119		273		
24		107		273		
24		105		273		
24		112		273		
24		112		273		
24		102		273		

Run no: 18
144		408		691		
18		358		696		
18		330		696		
18		294		691		
18		259		397		
18		238		397		
18		212		384		
18		222		424		
18		209		424		
18		203		424		
18		218		424		
18		212		424		
18		204		429		
18		169		429		
18		178		429		
18		174		429		
18		185		429		
18		164		414		
18		166		414		
18		157		414		
18		122		410		
18		129		410		
18		141		410		
18		153		432		
18		145		432		
18		136		432		
18		136		432		
18		166		432		
18		168		432		
18		177		443		
18		168		443		

Run no: 19
121		348		551		
52		304		502		
52		267		455		
52		240		460		
38		234		460		
38		233		470		
38		201		460		
22		210		460		
22		232		460		
22		239		472		
22		232		472		
22		237		472		
22		222		472		
22		242		472		
22		226		472		
22		211		472		
22		223		472		
22		207		455		
22		195		455		
22		215		455		
22		213		455		
22		205		451		
22		187		451		
22		176		451		
22		175		451		
22		176		451		
22		175		451		
22		187		451		
22		187		451		
22		195		451		
22		202		451		

Run no: 20
138		373		655		
42		323		669		
36		331		669		
36		349		669		
24		328		669		
24		299		655		
24		291		655		
24		281		636		
24		319		636		
24		338		636		
24		314		668		
24		313		668		
24		314		636		
24		301		636		
24		312		636		
24		307		636		
24		279		636		
24		298		636		
24		304		636		
24		308		676		
24		287		636		
24		294		636		
24		304		636		
24		299		636		
24		315		636		
24		329		636		
24		353		636		
24		300		636		
24		316		636		
24		309		636		
24		305		636		

Run no: 21
91		363		603		
91		333		603		
34		315		600		
34		281		610		
26		236		462		
26		210		468		
26		262		468		
18		238		469		
18		221		468		
18		223		429		
18		217		429		
18		210		429		
18		196		463		
18		217		463		
18		214		463		
18		231		464		
18		221		464		
18		232		464		
18		244		464		
18		224		464		
18		237		464		
18		237		464		
18		218		464		
18		216		464		
18		203		464		
18		218		471		
18		213		464		
18		172		394		
18		184		456		
18		172		456		
18		160		456		

Run no: 22
134		346		557		
32		301		518		
32		281		523		
32		243		523		
32		203		372		
32		183		261		
32		174		261		
32		166		261		
32		162		261		
32		166		256		
32		161		278		
22		181		307		
22		180		307		
22		171		265		
22		166		265		
22		165		265		
22		159		265		
22		161		265		
22		171		274		
22		171		274		
22		172		274		
22		179		274		
22		173		274		
22		161		270		
22		156		265		
22		159		265		
22		149		265		
22		154		255		
22		153		267		
22		148		255		
22		149		255		

Run no: 23
143		397		649		
34		335		567		
34		302		590		
34		266		590		
34		231		590		
34		210		556		
30		166		356		
26		183		356		
26		198		356		
26		177		356		
26		193		411		
26		187		411		
26		164		411		
26		167		352		
26		144		349		
26		158		349		
26		157		349		
26		142		349		
26		138		362		
26		128		362		
26		151		362		
26		175		362		
26		169		362		
26		173		362		
26		161		348		
26		166		348		
26		137		335		
26		140		335		
26		126		335		
26		125		335		
26		126		335		

Run no: 24
90		383		645		
44		320		645		
32		290		645		
32		275		651		
32		336		1937		
32		328		1937		
32		270		1937		
32		280		1937		
32		259		1882		
32		164		420		
32		164		420		
32		159		420		
32		169		420		
32		155		417		
32		126		365		
32		123		365		
32		121		370		
32		127		370		
32		124		370		
28		126		365		
28		120		360		
28		121		360		
28		105		360		
28		112		360		
28		100		360		
28		79		360		
28		85		360		
28		81		323		
28		81		333		
28		89		333		
28		90		333		

Run no: 25
140		395		607		
140		352		590		
26		304		560		
26		272		562		
26		240		591		
26		244		591		
26		238		560		
26		250		563		
26		265		563		
26		264		570		
26		283		570		
26		283		570		
26		300		574		
26		296		574		
26		303		583		
26		314		583		
26		297		578		
26		275		563		
26		292		563		
26		300		563		
26		308		563		
26		286		543		
26		285		543		
26		253		543		
26		248		550		
26		231		550		
26		228		550		
26		222		550		
26		222		545		
26		225		545		
26		207		530		

Run no: 26
62		386		709		
38		315		683		
38		284		606		
38		219		604		
38		195		373		
38		174		373		
38		165		371		
38		162		347		
38		135		347		
36		152		356		
36		159		356		
36		200		356		
36		206		356		
36		216		359		
36		206		362		
36		196		362		
36		208		362		
36		175		352		
36		168		352		
36		169		352		
36		187		352		
30		174		352		
30		161		349		
30		150		349		
30		170		349		
30		170		349		
30		164		349		
30		171		349		
30		188		349		
30		180		324		
30		173		324		

Run no: 27
136		392		570		
136		353		570		
136		328		525		
34		280		441		
34		270		441		
34		263		441		
34		256		437		
34		236		437		
34		224		437		
34		206		408		
34		200		351		
34		194		351		
34		190		351		
34		202		351		
34		202		351		
34		180		345		
34		170		345		
34		160		345		
34		171		345		
34		157		349		
34		167		349		
34		167		349		
34		166		349		
34		175		349		
34		176		334		
34		169		334		
34		176		334		
34		168		334		
34		179		334		
34		177		333		
34		196		333		

Run no: 28
108		359		753		
108		353		2104		
108		279		753		
24		235		534		
24		235		534		
24		225		542		
24		242		524		
24		258		524		
24		235		524		
24		244		524		
24		280		524		
24		277		524		
24		257		524		
24		241		524		
24		235		524		
24		245		524		
24		215		524		
24		212		524		
24		217		545		
24		227		545		
24		240		545		
24		227		545		
24		243		533		
24		256		533		
24		235		533		
24		221		533		
24		219		533		
24		209		533		
24		235		533		
24		221		533		
24		229		533		

Run no: 29
148		404		675		
32		354		670		
32		310		643		
24		304		643		
24		306		648		
24		259		648		
24		247		647		
24		252		642		
24		239		636		
24		262		639		
24		231		636		
24		180		635		
24		154		447		
24		145		427		
24		134		427		
24		135		433		
24		150		427		
24		151		427		
24		157		427		
24		179		427		
24		176		427		
24		160		422		
24		156		422		
24		175		422		
24		183		422		
24		182		422		
24		184		422		
24		182		422		
24		185		422		
24		182		422		
24		179		422		

Run no: 30
113		391		716		
113		334		667		
113		321		667		
113		328		561		
28		315		561		
28		297		585		
28		279		585		
28		264		585		
28		222		561		
28		217		561		
28		216		534		
28		202		518		
28		199		518		
28		170		495		
28		163		495		
28		169		492		
28		156		492		
28		168		492		
28		152		492		
28		180		492		
24		172		499		
24		151		492		
24		157		492		
24		142		480		
24		152		480		
24		141		480		
24		159		480		
24		146		468		
24		154		468		
24		156		468		
24		164		468		
