
Run no: 1
8.85	
8.85	
8.85	
8.85	
8.85	
8.85	
8.61	
8.61	
8.61	
8.61	
8.61	
8.61	
8.61	
8.61	
8.61	
8.61	
8.53	
8.51	
8.43	
8.43	
8.43	
8.43	
8.43	
8.43	
8.41	
8.41	
8.41	
8.41	
8.41	
8.41	
8.41	

Run no: 2
8.7	
8.7	
8.7	
8.64	
8.49	
8.49	
8.49	
8.49	
8.49	
8.49	
8.49	
8.49	
8.43	
8.43	
8.36	
8.28	
8.28	
8.28	
8.28	
8.28	
8.28	
8.28	
8.28	
8.28	
8.28	
8.28	
8.28	
8.28	
8.28	
8.28	
8.28	

Run no: 3
8.5	
8.5	
8.5	
8.5	
8.5	
8.5	
8.47	
8.47	
8.47	
8.45	
8.45	
8.41	
8.41	
8.41	
8.41	
8.41	
8.41	
8.41	
8.41	
8.39	
8.39	
8.39	
8.33	
8.33	
8.33	
8.33	
8.31	
8.31	
8.31	
8.31	
8.24	

Run no: 4
8.69	
8.69	
8.68	
8.68	
8.51	
8.51	
8.51	
8.51	
8.51	
8.47	
8.44	
8.44	
8.44	
8.44	
8.44	
8.44	
8.35	
8.35	
8.34	
8.24	
8.24	
8.24	
8.24	
8.24	
8.24	
8.24	
8.24	
8.24	
8.24	
8.24	
8.24	

Run no: 5
8.49	
8.49	
8.49	
8.49	
8.49	
8.49	
8.49	
8.49	
8.48	
8.48	
8.48	
8.48	
8.48	
8.48	
8.45	
8.45	
8.44	
8.42	
8.42	
8.42	
8.42	
8.42	
8.42	
8.42	
8.42	
8.36	
8.36	
8.36	
8.35	
8.35	
8.35	

Run no: 6
8.35	
8.35	
8.35	
8.35	
8.35	
8.32	
8.32	
8.32	
8.32	
8.32	
8.32	
8.32	
8.25	
8.25	
8.25	
8.25	
8.25	
8.25	
8.23	
8.07	
8.07	
8.07	
8.07	
8.07	
8.07	
8.07	
8.07	
8.07	
8.07	
8.07	
8.07	

Run no: 7
8.6	
8.6	
8.6	
8.6	
8.6	
8.6	
8.58	
8.58	
8.58	
8.41	
8.39	
8.39	
8.39	
8.39	
8.39	
8.39	
8.39	
8.39	
8.39	
8.39	
8.39	
8.36	
8.3	
8.3	
8.3	
8.3	
8.3	
8.3	
8.3	
8.28	
8.28	

Run no: 8
8.42	
8.42	
8.42	
8.42	
8.42	
8.42	
8.42	
8.42	
8.42	
8.42	
8.39	
8.39	
8.37	
8.37	
8.26	
8.26	
8.26	
8.22	
8.22	
8.22	
8.22	
8.22	
8.22	
8.2	
8.2	
8.2	
8.2	
8.2	
8.2	
8.2	
8.2	

Run no: 9
8.74	
8.74	
8.74	
8.67	
8.65	
8.48	
8.48	
8.48	
8.48	
8.48	
8.48	
8.48	
8.48	
8.48	
8.48	
8.48	
8.48	
8.34	
8.34	
8.34	
8.34	
8.34	
8.34	
8.34	
8.34	
8.34	
8.34	
8.31	
8.31	
8.31	
8.31	

Run no: 10
8.24	
8.24	
8.24	
8.24	
8.24	
8.24	
8.24	
8.24	
8.24	
8.24	
8.24	
8.24	
8.24	
8.23	
8.23	
8.23	
8.23	
8.23	
8.23	
8.23	
8.23	
8.21	
8.05	
8.05	
8.05	
8.05	
8.05	
8.05	
8.05	
8.05	
8.05	

Run no: 11
8.38	
8.38	
8.38	
8.38	
8.38	
8.38	
8.06	
8.06	
8.06	
8.06	
8.06	
7.98	
7.98	
7.98	
7.98	
7.98	
7.98	
7.98	
7.98	
7.98	
7.98	
7.85	
7.84	
7.84	
7.84	
7.84	
7.84	
7.84	
7.82	
7.82	
7.82	

Run no: 12
8.4	
8.4	
8.4	
8.37	
8.37	
8.37	
8.37	
8.37	
8.36	
8.36	
8.35	
8.35	
8.35	
8.34	
8.3	
8.27	
8.27	
8.27	
8.27	
8.27	
8.27	
8.27	
8.27	
8.27	
8.27	
8.23	
8.23	
8.23	
8.23	
8.23	
8.23	

Run no: 13
8.23	
8.23	
8.23	
8.23	
8.16	
8.16	
8.16	
8.16	
8.16	
8.16	
8.13	
8.13	
8.13	
8.13	
8.13	
8.12	
8.12	
8.12	
8.03	
8.03	
8.01	
8.01	
8.01	
7.92	
7.92	
7.92	
7.92	
7.92	
7.92	
7.92	
7.92	

Run no: 14
8.52	
8.52	
8.52	
8.52	
8.52	
8.52	
8.52	
8.52	
8.52	
8.52	
8.52	
8.52	
8.48	
8.48	
8.48	
8.48	
8.48	
8.48	
8.48	
8.48	
8.46	
8.46	
8.4	
8.4	
8.4	
8.4	
8.34	
8.33	
8.32	
8.32	
8.11	

Run no: 15
8.05	
8.05	
8.05	
8.05	
8.05	
8.05	
8.05	
8.05	
8.05	
8.04	
8.04	
8.04	
8.04	
8.04	
8.04	
8.04	
8.03	
8.02	
8.02	
8.02	
8.02	
8.02	
8.02	
8.02	
7.97	
7.97	
7.97	
7.97	
7.97	
7.97	
7.97	

Run no: 16
8.71	
8.71	
8.71	
8.71	
8.71	
8.71	
8.71	
8.47	
8.47	
8.47	
8.47	
8.47	
8.47	
8.47	
8.47	
8.47	
8.41	
8.41	
8.41	
8.32	
8.32	
8.26	
8.26	
8.26	
8.26	
8.26	
8.26	
8.25	
8.25	
8.25	
8.25	

Run no: 17
8.76	
8.51	
8.51	
8.51	
8.44	
8.44	
8.44	
8.44	
8.44	
8.44	
8.37	
8.35	
8.34	
8.34	
8.34	
8.3	
8.3	
8.3	
8.3	
8.3	
8.24	
8.24	
8.24	
8.24	
8.24	
8.24	
8.24	
8.24	
8.23	
8.23	
8.23	

Run no: 18
7.88	
7.88	
7.88	
7.88	
7.88	
7.88	
7.88	
7.85	
7.85	
7.85	
7.85	
7.85	
7.84	
7.84	
7.84	
7.84	
7.83	
7.83	
7.83	
7.81	
7.81	
7.81	
7.81	
7.78	
7.78	
7.78	
7.78	
7.78	
7.78	
7.77	
7.77	

Run no: 19
8.24	
8.24	
8.24	
8.24	
8.24	
8.24	
8.24	
8.24	
8.24	
8.24	
8.24	
8.24	
8.24	
8.24	
8.24	
8.24	
8.17	
8.17	
8.17	
8.17	
8.17	
8.17	
8.17	
8.17	
8.17	
8.17	
8.17	
8.17	
8.17	
8.16	
8.16	

Run no: 20
7.9	
7.9	
7.9	
7.9	
7.9	
7.9	
7.9	
7.9	
7.9	
7.9	
7.9	
7.9	
7.9	
7.89	
7.89	
7.89	
7.89	
7.89	
7.89	
7.89	
7.89	
7.89	
7.89	
7.89	
7.89	
7.89	
7.89	
7.89	
7.88	
7.88	
7.88	

Run no: 21
8.7	
8.66	
8.66	
8.65	
8.65	
8.65	
8.65	
8.65	
8.64	
8.64	
8.64	
8.64	
8.64	
8.64	
8.64	
8.58	
8.58	
8.58	
8.58	
8.53	
8.53	
8.53	
8.53	
8.53	
8.53	
8.53	
8.53	
8.53	
8.47	
8.47	
8.44	

Run no: 22
8.38	
8.38	
8.37	
8.37	
8.37	
8.37	
8.23	
8.23	
8.23	
8.23	
8.22	
8.22	
8.22	
8.22	
8.22	
8.22	
8.21	
8.21	
8.21	
8.21	
8.21	
8.21	
8.21	
8.21	
8.21	
8.18	
8.18	
8.18	
8.18	
8.18	
8.18	

Run no: 23
8.32	
8.32	
8.32	
8.32	
8.32	
8.32	
8.32	
8.32	
8.32	
8.32	
8.32	
8.32	
8.27	
8.27	
8.27	
8.27	
8.27	
8.27	
8.27	
8.27	
8.27	
8.26	
8.2	
8.2	
8.17	
8.17	
8.17	
8.17	
8.17	
8.17	
8.17	

Run no: 24
8.77	
8.77	
8.77	
8.77	
8.73	
8.66	
8.6	
8.6	
8.6	
8.6	
8.6	
8.6	
8.44	
8.44	
8.44	
8.44	
8.44	
8.44	
8.44	
8.37	
8.37	
8.37	
8.37	
8.37	
8.37	
8.37	
8.37	
8.37	
8.35	
8.35	
8.35	

Run no: 25
8.3	
8.3	
8.3	
8.3	
8.3	
8.3	
8.29	
8.18	
8.18	
8.18	
8.18	
8.18	
8.18	
8.18	
8.18	
8.18	
8.14	
8.14	
8.14	
8.14	
8.14	
8.06	
8.06	
8.06	
8.06	
8.06	
8.06	
8.06	
8.04	
8.04	
8.04	

Run no: 26
8.21	
8.19	
8.1	
8.1	
8.1	
8.1	
8.1	
8.1	
8.1	
8.04	
7.94	
7.94	
7.94	
7.94	
7.94	
7.94	
7.94	
7.94	
7.94	
7.94	
7.94	
7.94	
7.94	
7.94	
7.94	
7.94	
7.94	
7.94	
7.91	
7.91	
7.91	

Run no: 27
8.4	
8.4	
8.4	
8.4	
8.38	
8.38	
8.35	
8.35	
8.22	
8.22	
8.22	
8.22	
8.22	
8.22	
8.22	
8.22	
8.22	
8.2	
8.2	
8.2	
8.2	
8.2	
8.2	
8.2	
8.2	
8.2	
8.2	
8.2	
8.19	
8.19	
8.19	

Run no: 28
8.16	
8.16	
8.16	
8.16	
8.16	
8.07	
8.07	
8.07	
8.0	
8.0	
8.0	
8.0	
8.0	
8.0	
8.0	
8.0	
8.0	
8.0	
8.0	
8.0	
8.0	
8.0	
7.96	
7.96	
7.96	
7.96	
7.96	
7.96	
7.95	
7.95	
7.95	

Run no: 29
8.42	
8.42	
8.42	
8.38	
8.38	
8.38	
8.29	
8.29	
8.29	
8.29	
8.29	
8.28	
8.28	
8.28	
8.28	
8.28	
8.28	
8.28	
8.25	
8.25	
8.25	
8.25	
8.25	
8.25	
8.25	
8.25	
8.25	
8.25	
8.25	
8.25	
8.25	

Run no: 30
8.48	
8.48	
8.48	
8.48	
8.48	
8.48	
8.48	
8.48	
8.4	
8.36	
8.36	
8.36	
8.31	
8.31	
8.31	
8.31	
8.31	
8.31	
8.31	
8.31	
8.31	
8.31	
8.31	
8.31	
8.31	
8.31	
8.31	
8.31	
8.31	
8.31	
8.31	
