
Run no: 1
84.39	
84.39	
84.39	
84.39	
84.29	
84.29	
84.29	
84.29	
80.75	
80.75	
80.75	
80.7	
80.66	
80.66	
80.66	
80.26	
75.35	
75.05	
75.05	
74.35	
74.16	
74.16	
74.16	
74.16	
74.13	
73.42	
73.35	
72.99	
72.99	
72.99	
72.48	

Run no: 2
88.47	
88.47	
81.71	
81.71	
81.71	
81.71	
81.45	
81.45	
81.45	
81.28	
80.44	
80.19	
79.55	
79.55	
79.11	
79.11	
79.11	
79.11	
78.5	
78.5	
78.5	
78.5	
78.5	
78.5	
75.97	
75.97	
75.97	
75.97	
75.97	
75.97	
75.97	

Run no: 3
87.04	
87.04	
87.04	
87.04	
78.52	
78.52	
78.52	
78.52	
78.52	
78.52	
78.52	
78.52	
78.52	
78.52	
78.4	
78.4	
78.4	
78.4	
78.4	
77.67	
77.67	
76.15	
76.14	
76.14	
76.1	
74.97	
74.97	
74.97	
74.97	
74.97	
74.97	

Run no: 4
92.43	
92.38	
92.38	
81.1	
81.1	
76.27	
76.27	
76.27	
76.27	
76.27	
76.15	
75.87	
75.83	
75.83	
75.67	
75.67	
75.67	
74.6	
72.38	
72.38	
71.68	
71.68	
71.68	
71.68	
71.68	
71.68	
71.27	
71.27	
71.27	
71.21	
71.15	

Run no: 5
88.04	
87.04	
87.04	
86.91	
86.91	
86.91	
86.91	
86.42	
86.42	
80.46	
80.46	
80.46	
80.46	
80.46	
80.46	
80.46	
80.46	
80.46	
80.46	
80.46	
80.46	
75.96	
75.71	
75.71	
75.71	
75.71	
75.71	
75.47	
75.47	
75.47	
75.47	

Run no: 6
84.69	
84.69	
84.69	
84.69	
83.64	
83.64	
83.64	
83.6	
83.6	
83.6	
83.04	
78.67	
78.67	
78.67	
78.42	
78.42	
78.3	
78.3	
78.3	
78.3	
78.29	
77.89	
77.89	
77.89	
77.89	
77.89	
77.52	
77.52	
77.52	
77.52	
77.52	

Run no: 7
88.89	
88.89	
88.89	
88.72	
85.94	
85.94	
85.46	
85.46	
85.46	
85.46	
82.32	
82.32	
82.11	
82.11	
78.92	
78.92	
78.91	
78.91	
78.91	
78.9	
78.9	
78.9	
78.13	
78.11	
78.11	
71.96	
71.96	
71.96	
71.96	
71.85	
71.85	

Run no: 8
89.81	
89.81	
89.81	
89.81	
87.44	
84.71	
84.71	
84.71	
84.71	
84.71	
79.37	
79.37	
79.37	
79.37	
79.37	
79.37	
79.23	
77.74	
77.74	
77.68	
77.59	
77.59	
77.5	
77.5	
77.5	
77.5	
77.45	
77.1	
77.06	
76.79	
76.79	

Run no: 9
88.95	
88.95	
80.01	
80.01	
78.0	
78.0	
77.93	
77.71	
77.71	
77.71	
77.71	
77.71	
76.88	
76.88	
75.15	
75.15	
75.15	
75.15	
75.15	
75.15	
74.53	
71.6	
71.6	
71.6	
71.6	
71.6	
71.5	
71.5	
71.5	
71.5	
71.5	

Run no: 10
91.71	
91.71	
86.63	
86.63	
86.63	
86.6	
77.38	
76.56	
76.56	
76.56	
76.56	
75.29	
75.29	
75.29	
74.16	
74.16	
74.16	
74.16	
74.12	
74.12	
74.12	
74.12	
74.12	
74.03	
73.99	
73.99	
73.99	
73.74	
73.74	
73.68	
73.68	

Run no: 11
92.19	
92.19	
88.87	
88.87	
88.87	
88.87	
88.6	
77.18	
77.18	
77.18	
75.61	
75.39	
75.39	
75.39	
75.24	
75.24	
75.24	
75.24	
73.72	
73.72	
73.65	
73.65	
73.65	
73.0	
73.0	
72.01	
72.01	
71.95	
71.95	
71.95	
71.95	

Run no: 12
84.7	
84.7	
84.7	
82.11	
82.11	
82.11	
82.11	
82.11	
74.45	
73.28	
72.95	
72.95	
72.95	
72.43	
72.43	
72.43	
72.43	
72.43	
72.38	
72.38	
72.38	
72.38	
72.38	
71.99	
71.99	
71.99	
71.99	
71.99	
71.99	
71.99	
71.9	

Run no: 13
88.56	
88.41	
88.41	
87.9	
77.53	
77.53	
77.53	
77.53	
77.2	
76.77	
76.23	
76.23	
76.23	
76.23	
76.23	
76.03	
76.03	
75.89	
75.86	
75.86	
75.86	
75.86	
75.86	
73.61	
73.61	
73.61	
73.61	
73.61	
72.32	
72.32	
72.32	

Run no: 14
88.73	
86.09	
85.84	
85.84	
85.84	
82.7	
82.7	
82.7	
82.7	
82.7	
82.7	
82.7	
76.54	
76.54	
76.54	
76.54	
76.54	
76.54	
76.54	
76.54	
76.54	
76.54	
76.51	
76.51	
76.51	
76.51	
76.5	
73.74	
73.74	
73.74	
73.74	

Run no: 15
88.18	
88.18	
88.18	
88.18	
88.18	
88.18	
88.18	
80.49	
80.49	
80.49	
80.49	
80.49	
80.49	
80.49	
80.49	
80.23	
75.95	
75.95	
75.95	
75.95	
75.95	
75.95	
75.95	
75.95	
75.95	
75.95	
75.49	
75.05	
75.05	
75.05	
75.05	

Run no: 16
85.87	
85.25	
84.27	
84.27	
79.11	
79.11	
79.11	
78.21	
77.31	
77.31	
77.31	
77.31	
77.31	
77.31	
77.31	
77.31	
77.31	
77.31	
77.31	
77.31	
76.95	
76.91	
76.91	
76.91	
76.06	
70.01	
70.01	
70.01	
70.01	
70.01	
70.01	

Run no: 17
87.93	
87.93	
87.93	
87.93	
83.94	
83.94	
83.94	
82.86	
80.84	
80.84	
80.84	
80.84	
80.84	
80.84	
80.84	
80.84	
80.84	
80.84	
80.84	
77.72	
77.72	
77.72	
77.72	
76.22	
76.2	
76.2	
76.2	
76.2	
76.17	
75.5	
75.5	

Run no: 18
90.02	
90.02	
90.02	
90.02	
90.02	
90.02	
90.02	
90.02	
81.4	
81.4	
81.4	
81.17	
78.97	
78.97	
78.97	
78.97	
78.88	
78.88	
78.87	
78.07	
78.07	
78.07	
75.42	
75.42	
75.42	
75.42	
75.42	
75.42	
75.42	
75.42	
75.42	

Run no: 19
80.49	
72.27	
72.27	
72.27	
72.27	
72.27	
72.27	
72.27	
71.87	
71.87	
71.87	
71.87	
70.8	
70.51	
70.51	
70.51	
70.51	
70.51	
70.51	
70.51	
70.51	
70.51	
70.49	
70.49	
70.49	
70.49	
70.49	
70.49	
70.49	
70.49	
70.49	

Run no: 20
90.31	
90.31	
89.87	
85.7	
85.7	
85.7	
76.95	
76.95	
76.95	
73.5	
73.16	
73.16	
73.07	
73.07	
71.23	
71.23	
71.23	
71.23	
71.23	
71.23	
71.23	
71.23	
71.23	
70.94	
70.94	
70.94	
70.94	
70.94	
70.94	
70.94	
70.94	

Run no: 21
87.66	
87.66	
87.66	
87.66	
80.89	
80.89	
80.89	
80.89	
80.89	
80.89	
80.89	
78.02	
78.02	
78.02	
78.02	
78.02	
78.02	
77.93	
77.93	
77.93	
77.83	
77.83	
77.83	
77.83	
77.83	
77.83	
77.83	
76.69	
76.69	
76.69	
76.69	

Run no: 22
83.54	
83.37	
82.29	
82.29	
82.29	
82.29	
82.08	
82.04	
82.04	
81.97	
81.97	
78.46	
78.46	
77.97	
77.97	
70.79	
70.78	
70.78	
70.78	
69.95	
69.95	
69.95	
69.95	
69.95	
69.81	
69.81	
69.81	
69.81	
69.81	
69.81	
69.81	

Run no: 23
93.01	
83.94	
83.94	
83.79	
83.79	
83.79	
83.75	
83.75	
77.17	
77.17	
77.17	
77.17	
77.17	
77.17	
77.17	
76.94	
76.67	
76.67	
76.67	
76.67	
76.67	
76.67	
76.67	
74.47	
74.22	
74.22	
74.02	
73.45	
73.45	
73.45	
73.45	

Run no: 24
89.99	
89.99	
89.99	
89.99	
86.69	
86.69	
86.69	
86.69	
83.47	
83.47	
82.92	
82.92	
82.74	
82.74	
82.53	
80.67	
80.67	
80.67	
80.67	
80.67	
80.67	
80.67	
80.67	
80.66	
80.61	
80.61	
80.61	
80.61	
80.61	
80.61	
79.3	

Run no: 25
93.21	
93.21	
85.52	
85.52	
85.52	
82.84	
82.79	
82.79	
82.79	
82.74	
82.74	
82.74	
82.74	
82.74	
75.83	
75.83	
75.83	
75.19	
75.19	
74.86	
74.86	
74.86	
74.86	
74.86	
74.83	
69.83	
69.83	
69.39	
69.39	
69.39	
69.39	

Run no: 26
85.61	
85.61	
85.6	
85.56	
85.29	
85.29	
83.23	
83.23	
74.61	
74.61	
74.61	
74.61	
74.61	
74.61	
74.36	
74.36	
74.36	
74.36	
74.36	
74.19	
74.19	
72.94	
72.94	
72.94	
72.94	
72.94	
72.61	
72.61	
72.61	
71.32	
71.32	

Run no: 27
90.58	
90.58	
90.58	
90.58	
75.14	
75.14	
75.14	
75.14	
75.14	
75.04	
75.04	
75.04	
74.95	
74.95	
74.95	
74.95	
72.84	
72.84	
72.84	
72.84	
72.84	
71.05	
71.05	
71.05	
70.36	
70.36	
70.36	
70.36	
70.36	
70.36	
70.36	

Run no: 28
82.69	
82.69	
82.69	
82.69	
82.67	
82.67	
82.67	
82.57	
82.57	
82.53	
81.75	
81.75	
81.32	
81.32	
81.32	
80.34	
80.34	
80.34	
80.34	
80.34	
80.34	
80.34	
80.34	
80.34	
77.08	
77.08	
77.08	
73.18	
73.18	
73.18	
73.18	

Run no: 29
92.8	
92.8	
92.38	
92.38	
85.3	
85.3	
85.3	
84.82	
84.82	
84.47	
83.34	
83.32	
83.11	
83.11	
83.11	
80.9	
80.9	
80.9	
80.9	
80.9	
79.62	
79.62	
75.61	
75.26	
75.26	
75.26	
75.26	
75.26	
75.26	
75.26	
75.26	

Run no: 30
92.98	
87.59	
87.59	
82.63	
82.63	
82.63	
80.94	
80.94	
80.94	
80.94	
80.94	
80.9	
79.46	
75.25	
75.25	
73.9	
73.9	
73.9	
73.9	
73.37	
73.37	
73.31	
71.24	
71.24	
70.16	
70.16	
70.16	
70.16	
70.16	
70.16	
70.16	
