
Run no: 0
0	1	1000.0		3769	79.69
1	1	1000.0		72	95.42
2	1	0.0		72	95.42
3	1	1.0327188		105	85.19
4	1	0.89971715		3396	84.95
5	1	0.12728006		81	87.09
6	1	0.0		80	92.92
7	1	0.2918495		3545	82.51
8	1	0.23986493		3627	79.79
9	1	0.16018812		3514	83.9
10	1	0.37089986		81	87.09
11	1	0.0986692		3491	84.8
12	1	0.08672948		80	92.92
13	1	0.0		79	94.28
14	1	0.07247298		72	95.42
15	1	2.7048957E-4		79	94.28
16	1	0.0		3769	79.69
17	1	0.0		3396	84.95
18	1	0.04095398		3396	84.95
19	1	0.03840952		3769	79.69
20	1	0.08835242		79	94.28
21	1	2.7048957E-4		80	92.92
22	1	0.0		79	94.28
23	1	0.0		72	95.42
24	1	0.0		3769	79.69
25	1	0.07247298		79	94.28
26	1	0.0		72	95.42
27	1	0.0		3769	79.69
28	1	0.0		72	95.42
29	1	0.0		79	94.28
30	1	0.37062937		80	92.92
31	1	1000.0		3769	79.69
32	1	0.0		79	94.28
33	1	0.0		72	95.42
34	1	0.0		3769	79.69
35	1	0.0		72	95.42
36	1	0.0		79	94.28
37	1	0.0		72	95.42
38	1	0.006357279		3769	79.69
39	1	1000.0019		72	95.42


Run no: 1
0	1	2000.0		3634	82.86
1	1	1000.3623		61	97.35
2	1	1000.00226		61	97.35
3	1	0.90935814		3437	84.43
4	1	0.81826085		575	85.82
5	1	0.36231884		69	92.1
6	1	0.16348633		3634	82.86
7	1	0.15431297		97	89.41
8	1	0.15106396		3437	84.43
9	1	0.13802622		91	91.41
10	1	0.12203326		555	86.85
11	1	0.10162659		426	89.28
12	1	0.10105119		127	89.32
13	1	0.09592823		575	85.82
14	1	0.07914257		446	88.3
15	1	0.062885374		461	87.38
16	1	0.05383023		574	86.07
17	1	0.048048425		457	87.62
18	1	0.03756608		91	91.41
19	1	0.036166694		78	91.93
20	1	0.029135007		443	88.71
21	1	0.022570938		574	86.07
22	1	0.020742178		430	89.02
23	1	0.019641792		457	87.62
24	1	0.017682655		461	87.38
25	1	0.017402777		443	88.71
26	1	0.016563147		440	88.95
27	1	0.009140326		69	92.1
28	1	0.0076296865		440	88.95
29	1	0.007461065		71	92.0
30	1	0.0070890547		78	91.93
31	1	0.006790056		77	91.98
32	1	0.0059504253		430	89.02
33	1	0.0038800319		426	89.28
34	1	0.003638399		91	91.41
35	1	0.0030595234		71	92.0
36	1	8.3963055E-4		440	88.95
37	1	5.597537E-4		69	92.1
38	1	2.7987684E-4		575	85.82
39	1	2.7987684E-4		574	86.07


Run no: 2
0	1	2000.0		3123	82.59
1	1	1000.0		67	93.79
2	1	1000.0		67	93.79
3	1	1.06329		184	84.67
4	1	1.0456152		3112	83.69
5	1	0.3892857		73	93.12
6	1	0.3892857		86	88.76
7	1	0.33520475		137	84.85
8	1	0.33258694		116	88.52
9	1	0.10181376		3112	83.69
10	1	0.045951758		69	93.29
11	1	0.045297306		67	93.79
12	1	0.03145101		160	84.78
13	1	0.018539641		86	88.76
14	1	0.01592184		96	88.6
15	1	0.015178571		73	93.12
16	1	0.015178571		69	93.29
17	1	0.013121728		137	84.85
18	1	0.012228871		116	88.52
19	1	0.01026552		101	88.58
20	1	0.0042539267		73	93.12
21	1	0.0034218398		101	88.58
22	1	0.0032722512		96	88.6
23	1	0.0032722512		86	88.76
24	1	0.0017857143		96	88.6
25	1	0.0013089005		73	93.12
26	1	6.5445027E-4		69	93.29
27	1	0.0		67	93.79
28	1	0.0		69	93.29
29	1	0.0		73	93.12
30	1	0.0		69	93.29
31	1	0.0		86	88.76
32	1	0.0		86	88.76
33	1	0.0		86	88.76
34	1	0.0		69	93.29
35	1	0.0		67	93.79
36	1	0.0		73	93.12
37	1	0.0		69	93.29
38	1	0.0		69	93.29
39	1	0.0		86	88.76


Run no: 3
0	1	1000.0007		4453	77.53
1	1	1000.0088		4453	77.53
2	1	1000.0		80	93.45
3	1	1000.0		80	93.45
4	1	0.9324162		4450	77.67
5	1	0.92362225		411	79.43
6	1	0.46231157		80	93.45
7	1	0.054937676		82	86.09
8	1	0.12974143		370	81.47
9	1	0.110552765		411	79.43
10	1	0.0		411	79.43
11	1	0.0834877		105	85.24
12	1	0.012805854		161	83.94
13	1	0.07954807		198	83.34
14	1	0.113163434		355	82.11
15	1	0.05349007		198	83.34
16	1	0.019417347		355	82.11
17	1	4.5735194E-4		82	86.09
18	1	0.0053145615		97	85.27
19	1	0.01758794		363	81.83
20	1	0.0		370	81.47
21	1	0.0022867597		188	83.62
22	1	0.0169598		167	83.67
23	1	0.024213796		363	81.83
24	1	0.08303035		161	83.94
25	1	0.014690276		105	85.24
26	1	0.0169598		161	83.94
27	1	0.11123879		4450	77.67
28	1	0.13751642		411	79.43
29	1	0.0018294078		97	85.27
30	1	0.007942899		188	83.62
31	1	0.0013720558		167	83.67
32	1	0.46231157		82	86.09
33	1	0.01758794		188	83.62
34	1	0.007942899		167	83.67
35	1	0.051507536		97	85.27
36	1	0.0018294078		363	81.83
37	1	0.0		161	83.94
38	1	4.5735194E-4		80	93.45
39	1	0.03198878		370	81.47


Run no: 4
0	1	1000.09143		66	91.61
1	1	1000.0		66	91.61
2	1	0.98523587		150	84.07
3	1	0.5337444		150	84.07
4	1	0.12043068		142	84.28
5	1	0.11504316		130	85.9
6	1	0.058079302		78	90.14
7	1	0.003974826		66	91.61
8	1	0.0051374463		108	89.23
9	1	0.08751766		112	87.86
10	1	0.016872205		123	86.3
11	1	0.0721393		119	87.46
12	1	0.054104477		100	89.27
13	1	0.0		78	90.14
14	1	0.001324942		119	87.46
15	1	0.001324942		112	87.86
16	1	0.010322065		127	86.05
17	1	0.0721393		123	86.3
18	1	0.016872205		127	86.05
19	1	0.007287181		100	89.27
20	1	0.09870509		78	90.14
21	1	0.0		108	89.23
22	1	0.0		100	89.27
23	1	0.0		108	89.23
24	1	0.0		150	84.07
25	1	0.0051374463		100	89.27
26	1	0.0		112	87.86
27	1	0.02719427		119	87.46
28	1	0.024875622		112	87.86
29	1	0.08652395		108	89.23
30	1	0.0		127	86.05
31	1	0.001324942		123	86.3
32	1	2000.0		3085	75.53
33	2	1000.41846		3926	79.71
34	2	1000.36584		3362	80.94
35	2	1000.2602		3926	79.71
36	2	1000.1791		3362	80.94
37	2	1.4550683		3690	80.03
38	2	0.776466		3463	80.49
39	2	0.54493165		3463	80.49


Run no: 5
0	1	2000.0		540	82.46
1	1	1000.0		61	97.63
2	1	1000.0		61	97.63
3	1	0.7846343		446	85.75
4	1	0.7846343		91	86.41
5	1	0.45682266		70	96.13
6	1	0.45682266		73	89.2
7	1	0.16194747		471	85.14
8	1	0.1453561		486	83.41
9	1	0.109323286		486	83.41
10	1	0.109323286		515	82.67
11	1	0.097892635		82	87.49
12	1	0.0912993		76	88.99
13	1	0.0912993		79	87.7
14	1	0.08349905		66	96.49
15	1	0.07514832		61	97.63
16	1	0.07152343		88	86.5
17	1	0.066035174		515	82.67
18	1	0.066035174		540	82.46
19	1	0.03416946		66	96.49
20	1	0.033950645		455	85.4
21	1	0.029994097		70	96.13
22	1	0.02977528		464	85.17
23	1	0.028126605		450	85.7
24	1	0.020766731		464	85.17
25	1	0.02010616		79	87.7
26	1	0.02010616		76	88.99
27	1	0.02010616		73	89.2
28	1	0.019775873		455	85.4
29	1	0.018458858		88	86.5
30	1	0.013734392		450	85.7
31	1	0.01219581		91	86.41
32	1	0.011646709		446	85.75
33	1	0.010438413		455	85.4
34	1	0.010438413		61	97.63
35	1	0.008350731		70	96.13
36	1	0.006263048		73	89.2
37	1	0.0		66	96.49
38	1	0.0		515	82.67
39	1	0.0		66	96.49


Run no: 6
0	1	2000.0		3009	78.61
1	1	1000.0		69	84.54
2	1	1000.0		69	84.54
3	1	1.0411237		77	83.35
4	1	0.80102617		77	83.35
5	1	0.15682968		72	83.61
6	1	0.15682968		69	84.54
7	1	0.043844856		72	83.61
8	1	0.0017006802		72	83.61
9	1	0.0010204081		72	83.61
10	1	0.0010204081		69	84.54
11	1	0.0		69	84.54
12	1	0.0		77	83.35
13	1	0.0		72	83.61
14	1	0.0		77	83.35
15	1	0.0		69	84.54
16	1	0.0		69	84.54
17	1	0.0		77	83.35
18	1	0.0		72	83.61
19	1	0.0		77	83.35
20	1	0.0		69	84.54
21	1	0.0		77	83.35
22	1	0.0		69	84.54
23	1	0.0		72	83.61
24	1	0.0		77	83.35
25	1	0.0		69	84.54
26	1	0.0		77	83.35
27	1	0.0		69	84.54
28	1	0.0		72	83.61
29	1	0.0		69	84.54
30	1	0.0		69	84.54
31	1	0.0		69	84.54
32	1	0.0		77	83.35
33	1	0.0		77	83.35
34	1	0.0		72	83.61
35	1	0.0		69	84.54
36	1	0.0		72	83.61
37	1	0.0		77	83.35
38	1	0.0		77	83.35
39	1	0.0		72	83.61


Run no: 7
0	1	2000.0		3337	85.12
1	1	2000.0		65	96.17
2	1	0.0		65	96.17
3	1	1.1125917		3140	85.7
4	1	0.19909503		208	87.9
5	1	0.3059216		126	88.79
6	1	0.0		65	96.17
7	1	0.20904978		82	93.86
8	1	0.2000119		122	90.99
9	1	0.1239819		82	93.86
10	1	0.1239819		94	92.49
11	1	0.11269651		3194	85.69
12	1	0.025061125		208	87.9
13	1	0.0		104	91.43
14	1	0.041946474		100	91.94
15	1	0.047070716		100	91.94
16	1	0.04164085		97	92.39
17	1	0.025081316		119	91.09
18	1	0.976631		208	87.9
19	1	0.015114672		111	91.23
20	1	0.013574661		108	91.38
21	1	0.013574661		111	91.23
22	1	0.001222494		122	90.99
23	1	0.009049774		97	92.39
24	1	0.009966644		94	92.49
25	1	0.001222494		108	91.38
26	1	0.005195599		82	93.86
27	1	0.20904978		65	96.17
28	1	0.0		104	91.43
29	1	0.0036674817		94	92.49
30	1	9.168704E-4		111	91.23
31	1	0.0057473807		104	91.43
32	1	0.009049774		122	90.99
33	1	0.0054417574		108	91.38
34	1	0.0		100	91.94
35	1	9.168704E-4		97	92.39
36	1	0.005195599		65	96.17
37	1	0.0		94	92.49
38	1	0.0036674817		82	93.86
39	1	0.04737634		104	91.43


Run no: 8
0	1	2000.0		2858	81.99
1	1	1000.0		72	100.24
2	1	0.0		72	100.24
3	1	1.2994851		155	87.58
4	1	1.2765095		2858	81.99
5	1	0.0017946877		80	92.43
6	1	0.16273972		75	97.27
7	1	0.2662823		75	97.27
8	1	0.0		72	100.24
9	1	0.0017946877		95	89.74
10	1	0.0		95	89.74
11	1	0.0		90	91.26
12	1	0.0		140	88.37
13	1	0.0		80	92.43
14	1	0.0		90	91.26
15	1	0.029890746		149	87.96
16	1	0.075068496		140	88.37
17	1	0.018213967		145	88.06
18	1	0.011298764		141	88.24
19	1	0.0		141	88.24
20	1	0.065904275		90	91.26
21	1	0.075068496		95	89.74
22	1	0.0035893754		90	91.26
23	1	0.0017946877		75	97.27
24	1	0.0		72	100.24
25	1	3.5893754E-4		141	88.24
26	1	0.007482225		140	88.37
27	1	1000.0		72	100.24
28	1	0.16381654		72	100.24
29	1	0.08328767		90	91.26
30	1	0.01615219		140	88.37
31	1	0.26520547		80	92.43
32	1	0.0		90	91.26
33	1	0.0		141	88.24
34	1	0.0		90	91.26
35	1	0.064109586		80	92.43
36	1	0.007123288		141	88.24
37	1	0.0		90	91.26
38	1	0.0035893754		80	92.43
39	1	0.09943986		95	89.74


Run no: 9
0	1	1000.12537		3122	76.93
1	1	1000.0		75	90.13
2	1	0.0		75	90.13
3	1	0.9016984		2725	79.9
4	1	0.0		318	81.19
5	1	0.51878625		91	89.98
6	1	0.006741604		93	83.36
7	1	1000.2159		3122	76.93
8	1	0.22083196		2740	79.78
9	1	0.18688054		282	81.36
10	1	0.18273711		171	83.02
11	1	0.0		2740	79.78
12	1	0.024693688		318	81.19
13	1	0.030806258		102	83.31
14	1	0.0		113	83.04
15	1	0.0015151515		113	83.04
16	1	0.88768464		318	81.19
17	1	1000.0		75	90.13
18	1	0.0		2740	79.78
19	1	0.13446014		2740	79.78
20	1	0.5021715		93	83.36
21	1	0.0036101083		113	83.04
22	1	0.0		93	83.36
23	1	0.0		113	83.04
24	1	0.016614703		75	90.13
25	1	0.0		113	83.04
26	1	0.0		113	83.04
27	1	0.0		113	83.04
28	1	0.0		113	83.04
29	1	0.0		113	83.04
30	1	0.0		113	83.04
31	1	0.0		113	83.04
32	1	0.0		113	83.04
33	1	0.0		113	83.04
34	1	0.0		113	83.04
35	1	0.0		113	83.04
36	1	0.0		113	83.04
37	1	0.0		113	83.04
38	1	0.0		113	83.04
39	1	0.03948966		113	83.04


Run no: 10
0	1	2000.0		68	90.01
1	1	2000.0		4025	81.78
2	1	0.9441438		3895	82.59
3	1	0.90581775		503	82.99
4	1	0.46682826		344	86.16
5	1	0.2875523		320	88.37
6	1	0.19223328		345	84.58
7	1	0.13127358		4013	82.52
8	1	0.036452007		80	89.17
9	1	0.06956588		312	88.46
10	1	0.079270445		388	83.67
11	1	0.010935602		418	83.08
12	1	0.0020217337		312	88.46
13	1	0.058630276		80	89.17
14	1	0.02148092		503	82.99
15	1	0.04748464		355	84.08
16	1	0.021667004		351	84.41
17	1	0.08652246		80	89.17
18	1	0.036704723		68	90.01
19	1	0.024554053		69	89.71
20	1	0.036452007		79	89.47
21	1	0.037210155		69	89.71
22	1	0.025059486		72	89.51
23	1	0.010935602		503	82.99
24	1	0.0075815013		418	83.08
25	1	0.041613504		351	84.41
26	1	0.022172436		345	84.58
27	1	0.0063765678		361	84.04
28	1	0.02095737		365	83.88
29	1	0.012451902		371	83.79
30	1	0.09316986		418	83.08
31	1	0.0		388	83.67
32	1	0.018876987		371	83.79
33	1	0.011946469		365	83.88
34	1	0.020451937		361	84.04
35	1	0.001769017		79	89.47
36	1	0.0066292845		72	89.51
37	1	0.018876987		388	83.67
38	1	0.086269744		312	88.46
39	1	0.005112984		79	89.47


Run no: 11
0	1	2000.0		4118	81.4
1	1	1000.12115		71	96.26
2	1	1.1781634		4065	81.75
3	1	1.1415142		551	85.81
4	1	0.0024026239		551	85.81
5	1	0.016823689		103	88.61
6	1	0.05415124		99	90.97
7	1	0.12575655		512	87.88
8	1	0.10422222		112	88.28
9	1	1000.00073		71	96.26
10	1	0.121871844		74	94.46
11	1	0.020188425		513	87.58
12	1	0.009447538		524	86.15
13	1	0.07550681		80	94.06
14	1	0.03304277		83	92.96
15	1	0.07178456		91	92.48
16	1	0.012428494		97	91.76
17	1	0.1593098		99	90.97
18	1	0.037506305		93	91.93
19	1	0.076000996		83	92.96
20	1	0.02840048		74	94.46
21	1	0.02765919		80	94.06
22	1	0.020435521		512	87.88
23	1	0.09894956		513	87.58
24	1	0.017564978		106	88.36
25	1	9.883865E-4		103	88.61
26	1	0.020172628		525	86.05
27	1	6.729475E-4		544	85.82
28	1	0.053657047		97	91.76
29	1	0.011440108		93	91.93
30	1	0.006976572		525	86.05
31	1	0.02840048		112	88.28
32	1	0.00686616		106	88.36
33	1	0.09623149		524	86.15
34	1	0.0017296763		544	85.82
35	1	2.470966E-4		524	86.15
36	1	2.470966E-4		513	87.58
37	1	0.020172628		544	85.82
38	1	9.883865E-4		93	91.93
39	1	0.1595569		103	88.61


Run no: 12
0	1	1000.0		3263	80.72
1	1	0.0		3263	80.72
2	1	2000.0		71	91.0
3	1	0.0		71	91.0
4	1	1000.0		3263	80.72
5	1	0.0018796993		117	83.56
6	1	0.0028195488		99	85.29
7	1	0.0029182879		90	89.09
8	1	1.2618536		117	83.56
9	1	0.026264591		111	85.02
10	1	0.0		117	83.56
11	1	0.13813229		74	90.96
12	1	0.13813229		77	89.54
13	1	0.04179588		77	89.54
14	1	0.00605112		87	89.12
15	1	0.14390305		111	85.02
16	1	0.3696498		99	85.29
17	1	9.3984965E-4		74	90.96
18	1	0.0		71	91.0
19	1	0.0		87	89.12
20	1	0.0		87	89.12
21	1	0.3696498		90	89.09
22	1	9.3984965E-4		90	89.09
23	1	0.03002399		99	85.29
24	1	0.0037593986		111	85.02
25	1	0.0		117	83.56
26	1	0.0		77	89.54
27	1	0.0		71	91.0
28	1	0.0038910506		74	90.96
29	1	0.0		87	89.12
30	1	0.0048309		71	91.0
31	1	0.0		117	83.56
32	1	1.2618536		3263	80.72
33	1	0.0		99	85.29
34	1	0.0028195488		90	89.09
35	1	0.14202334		117	83.56
36	1	0.0		77	89.54
37	1	9.3984965E-4		74	90.96
38	1	0.003132832		77	89.54
39	1	0.04179588		87	89.12


Run no: 13
0	1	1000.0		66	98.92
1	1	2000.0		3369	79.85
2	1	0.0051468364		3369	79.85
3	1	0.9333939		197	82.39
4	1	0.9916005		3280	81.28
5	1	0.22370203		175	85.01
6	1	3.0275507E-4		75	94.51
7	1	0.0		76	90.64
8	1	0.0024220406		84	90.61
9	1	0.0020975354		87	86.89
10	1	0.058206607		197	82.39
11	1	0.10015731		67	97.01
12	1	0.10193209		3352	81.25
13	1	1000.0		66	98.92
14	1	0.0		75	94.51
15	1	0.038804404		74	96.27
16	1	0.023371516		3280	81.28
17	1	0.07341374		3369	79.85
18	1	0.03197154		144	86.35
19	1	0.094410844		74	96.27
20	1	0.0021192855		67	97.01
21	1	0.013602228		125	86.85
22	1	0.079652846		144	86.35
23	1	9.0826524E-4		87	86.89
24	1	0.03197154		125	86.85
25	1	0.14404918		197	82.39
26	1	0.19507079		84	90.61
27	1	0.20657548		87	86.89
28	1	0.20293655		76	90.64
29	1	3.0275507E-4		74	96.27
30	1	0.0018759066		76	90.64
31	1	0.0		84	90.61
32	1	0.03910716		67	97.01
33	1	0.09259431		75	94.51
34	1	0.20293655		75	94.51
35	1	0.0		76	90.64
36	1	0.10015731		66	98.92
37	1	3.0275507E-4		66	98.92
38	1	0.0024220406		76	90.64
39	1	0.0024814168		84	90.61


Run no: 14
0	1	2000.0		61	97.43
1	1	2000.0		4320	81.35
2	1	0.14736922		4320	81.35
3	1	0.99624926		3827	83.46
4	1	0.89664465		183	84.12
5	1	0.006466406		85	88.13
6	1	0.24697378		4185	83.21
7	1	0.0		75	97.13
8	1	0.005762015		89	88.06
9	1	0.009328358		95	86.09
10	1	0.07944342		113	85.77
11	1	0.03420398		160	84.67
12	1	0.03960431		183	84.12
13	1	0.005400329		160	84.67
14	1	0.013859296		113	85.77
15	1	0.01866942		69	97.4
16	1	0.018199826		75	97.13
17	1	0.0		160	84.67
18	1	9.391876E-4		95	86.09
19	1	9.391876E-4		99	85.94
20	1	0.010572139		99	85.94
21	1	0.12345163		89	88.06
22	1	0.07944342		160	84.67
23	1	0.33738196		85	88.13
24	1	0.012615515		99	85.94
25	1	0.0		69	97.4
26	1	0.0		61	97.43
27	1	0.0		69	97.4
28	1	0.003744047		61	97.43
29	1	0.003274453		69	97.4
30	1	0.2232587		75	97.13
31	1	0.123921216		95	86.09
32	1	2.347969E-4		75	97.13
33	1	0.56204945		76	93.54
34	2	2000.0		82	94.55
35	2	1001.0		78	94.7
36	2	1000.0		78	94.7
37	2	2.0		82	94.55
38	2	1.0		78	94.7
39	2	0.0		82	94.55


Run no: 15
0	1	2000.0		298	79.81
1	1	1000.2408		59	90.94
2	1	1000.0		59	90.94
3	1	0.8702929		289	80.81
4	1	0.8702929		81	86.52
5	1	0.55068475		289	80.81
6	1	0.51302785		81	86.52
7	1	0.25334296		62	88.26
8	1	0.12750417		298	79.81
9	1	0.08984726		289	80.81
10	1	0.052675307		72	87.02
11	1	0.048491206		68	87.42
12	1	0.048491206		65	87.86
13	1	0.039532796		68	87.42
14	1	0.039532796		65	87.86
15	1	0.035938904		78	86.92
16	1	0.035938904		62	88.26
17	1	0.035938904		81	86.52
18	1	0.025104603		78	86.92
19	1	0.025104603		72	87.02
20	1	0.016736401		68	87.42
21	1	0.012552301		62	88.26
22	1	0.012552301		59	90.94
23	1	0.012552301		65	87.86
24	1	0.012552301		81	86.52
25	1	0.012552301		78	86.92
26	1	0.008984726		78	86.92
27	1	0.008984726		72	87.02
28	1	0.0		81	86.52
29	1	0.0		62	88.26
30	1	0.0		65	87.86
31	1	0.0		78	86.92
32	1	0.0		68	87.42
33	1	0.0		65	87.86
34	1	0.0		81	86.52
35	1	0.0		62	88.26
36	1	0.0		72	87.02
37	1	0.0		65	87.86
38	1	0.0		68	87.42
39	1	0.0		62	88.26


Run no: 16
0	1	2000.0		3656	79.95
1	1	1000.0		66	96.54
2	1	0.29113925		66	96.54
3	1	0.93783766		320	83.03
4	1	1.0436153		3465	82.73
5	1	0.009041592		68	91.71
6	1	0.0		66	96.54
7	1	0.0		88	87.59
8	1	0.0		100	83.8
9	1	0.0		3465	82.73
10	1	0.19210184		71	91.56
11	1	0.0		76	88.56
12	1	0.10769484		228	83.33
13	1	0.0022284123		88	87.59
14	1	0.0022284123		80	88.27
15	1	0.0033426185		100	83.8
16	1	0.028330319		100	83.8
17	1	0.0013927576		76	88.56
18	1	0.0		3465	82.73
19	1	0.01748041		80	88.27
20	1	8.356546E-4		68	91.71
21	1	0.0		100	83.8
22	1	0.0		88	87.59
23	1	0.042102754		80	88.27
24	1	0.018594615		76	88.56
25	1	0.0		66	96.54
26	1	0.0		66	96.54
27	1	0.29169634		68	91.71
28	1	0.0		66	96.54
29	1	0.22845088		88	87.59
30	1	0.0		100	83.8
31	1	0.07128653		3465	82.73
32	1	0.0		76	88.56
33	1	0.26410547		100	83.8
34	1	0.044331167		88	87.59
35	1	0.0		76	88.56
36	1	0.0		68	91.71
37	1	0.0		76	88.56
38	1	0.18083182		76	88.56
39	1	1000.00055		66	96.54


Run no: 17
0	1	2000.0		67	94.37
1	1	2000.0		3291	83.05
2	1	1.2267873		270	86.33
3	1	0.029151943		103	89.9
4	1	0.0021712158		105	87.39
5	1	0.14683163		82	92.16
6	1	0.053050663		70	93.78
7	1	9.305211E-4		82	92.16
8	1	0.13074204		85	90.68
9	1	0.064864665		256	86.42
10	1	0.053050663		67	94.37
11	1	0.14310955		70	93.78
12	1	0.049469966		246	86.98
13	1	0.003317653		90	90.66
14	1	0.0		91	90.23
15	1	0.03583876		241	87.23
16	1	0.03583876		134	87.26
17	1	0.029151943		91	90.23
18	1	0.22235179		103	89.9
19	1	0.003101737		246	86.98
20	1	0.023635674		241	87.23
21	1	0.015657743		112	87.29
22	1	0.00945427		105	87.39
23	1	0.0043424317		270	86.33
24	1	0.0026501766		134	87.26
25	1	0.0		112	87.29
26	1	0.00795053		270	86.33
27	1	0.0037220845		103	89.9
28	1	0.0		70	93.78
29	1	3.101737E-4		91	90.23
30	1	0.03829604		90	90.66
31	1	0.0015508685		85	90.68
32	1	0.0048213927		112	87.29
33	1	0.0068238215		134	87.26
34	1	0.023635674		246	86.98
35	1	0.0026973055		85	90.68
36	1	0.13074204		82	92.16
37	1	0.0037220845		70	93.78
38	1	0.22173145		105	87.39
39	1	0.04170795		91	90.23


Run no: 18
0	1	2000.0		80	102.37
1	1	0.0		80	102.37
2	1	1000.13776		893	85.86
3	1	0.0		893	85.86
4	1	0.471947		81	94.7
5	1	0.38291603		156	88.95
6	1	0.37080216		455	88.78
7	1	0.15106876		522	87.43
8	1	6.056935E-4		781	85.87
9	1	0.26834086		81	94.7
10	1	0.2720309		87	90.29
11	1	0.3458294		522	87.43
12	1	1000.0006		893	85.86
13	1	0.0		781	85.87
14	1	0.12445549		476	87.88
15	1	0.31857318		781	85.87
16	1	0.07849728		150	89.2
17	1	0.0		98	89.44
18	1	0.05280709		87	90.29
19	1	0.050347064		91	89.54
20	1	0.0091785295		474	88.51
21	1	0.017676864		156	88.95
22	1	0.022522412		150	89.2
23	1	0.01029679		469	88.56
24	1	0.0091785295		460	88.73
25	1	0.01029679		455	88.78
26	1	0.014667022		91	89.54
27	1	0.070017576		98	89.44
28	1	0.0213669		460	88.73
29	1	0.014098578		469	88.56
30	1	0.023146732		98	89.44
31	1	0.0		87	90.29
32	1	0.040618718		474	88.51
33	1	0.0		98	89.44
34	1	0.0		474	88.51
35	1	0.0061500617		469	88.56
36	1	0.0		455	88.78
37	1	0.46579695		80	102.37
38	1	0.0061500617		455	88.78
39	1	0.23224957		781	85.87


Run no: 19
0	1	2000.0		73	98.49
1	1	2000.0		4213	71.79
2	1	0.3389676		3389	72.6
3	1	0.0		241	81.07
4	1	1.0776149		241	81.07
5	1	0.1717527		77	95.87
6	1	0.17437442		80	91.31
7	1	0.010063508		3490	72.13
8	1	7.490637E-4		4137	71.81
9	1	0.10896434		83	88.42
10	1	0.10896434		81	91.24
11	1	0.09885198		77	95.87
12	1	0.09683276		160	81.37
13	1	0.021866689		139	83.82
14	1	0.040558		119	86.54
15	1	0.054692503		108	87.8
16	1	0.041282635		121	85.47
17	1	0.046211258		126	84.32
18	1	0.049848016		119	86.54
19	1	0.043554254		121	85.47
20	1	0.030801171		160	81.37
21	1	0.76450634		3389	72.6
22	1	0.0060766432		3479	72.49
23	1	0.01993432		126	84.32
24	1	0.0917603		139	83.82
25	1	0.15628019		4137	71.81
26	1	0.16826521		3490	72.13
27	1	0.030342506		4137	71.81
28	1	0.030801171		241	81.07
29	1	0.010063508		3484	72.36
30	1	0.012020301		84	88.35
31	1	0.006535309		105	87.91
32	1	0.008106714		95	88.12
33	1	0.009157032		94	88.17
34	1	0.0060766432		3484	72.36
35	1	0.005072464		139	83.82
36	1	0.025858982		3479	72.49
37	1	0.008589806		105	87.91
38	1	0.0021142052		94	88.17
39	1	0.004288118		95	88.12


Run no: 20
0	1	2000.0		3293	82.07
1	1	2000.0		66	101.01
2	1	1.2310175		3163	82.48
3	1	1.1911912		169	87.05
4	1	0.56969374		70	90.22
5	1	0.56969374		66	101.01
6	1	0.05229307		159	87.41
7	1	0.04435058		75	89.38
8	1	0.04435058		70	90.22
9	1	0.04041304		157	87.97
10	1	0.036280964		111	88.93
11	1	0.031770773		157	87.97
12	1	0.031151002		122	88.56
13	1	0.022944113		122	88.56
14	1	0.018479409		75	89.38
15	1	0.018479409		85	89.03
16	1	0.010845987		122	88.56
17	1	0.0083786845		85	89.03
18	1	0.008057019		85	89.03
19	1	0.0030988534		75	89.38
20	1	0.0015494267		75	89.38
21	1	0.0015494267		70	90.22
22	1	0.0012395413		70	90.22
23	1	0.0012395413		66	101.01
24	1	0.0		66	101.01
25	1	0.0		70	90.22
26	1	0.0		66	101.01
27	1	0.0		122	88.56
28	1	0.0		157	87.97
29	1	0.0		85	89.03
30	1	0.0		122	88.56
31	1	0.0		85	89.03
32	1	0.0		75	89.38
33	1	0.0		157	87.97
34	1	0.0		66	101.01
35	1	0.0		75	89.38
36	1	0.0		85	89.03
37	1	0.0		122	88.56
38	1	0.0		70	90.22
39	1	0.0		66	101.01


Run no: 21
0	1	2000.0		3131	76.65
1	1	1000.4537		68	95.87
2	1	0.0		68	95.87
3	1	0.10770031		112	78.72
4	1	0.0		68	95.87
5	1	9.794319E-4		71	87.15
6	1	0.0		75	81.4
7	1	0.0		71	87.15
8	1	0.0		112	78.72
9	1	0.0		75	81.4
10	1	0.003121748		79	79.9
11	1	0.04522492		106	79.47
12	1	0.0019588638		112	78.72
13	1	0.031187415		87	79.84
14	1	0.0		106	79.47
15	1	0.021209644		106	79.47
16	1	0.0		79	79.9
17	1	0.0013059092		79	79.9
18	1	0.985635		112	78.72
19	1	0.0		75	81.4
20	1	0.0		79	79.9
21	1	0.0		71	87.15
22	1	0.29916754		71	87.15
23	1	0.0		68	95.87
24	1	0.0		68	95.87
25	1	0.0		112	78.72
26	1	1000.0		68	95.87
27	1	0.07804371		75	81.4
28	1	0.0		71	87.15
29	1	0.0013059092		75	81.4
30	1	0.0		79	79.9
31	1	0.039021853		112	78.72
32	1	0.0013059092		75	81.4
33	1	0.08065552		79	79.9
34	1	0.0		71	87.15
35	1	0.0		71	87.15
36	1	9.794319E-4		68	95.87
37	1	0.0		71	87.15
38	1	0.29916754		75	81.4
39	1	0.45499998		71	87.15


Run no: 22
0	1	2000.0		3936	77.33
1	1	1000.0		70	104.73
2	1	0.0		3936	77.33
3	1	0.2868613		70	104.73
4	1	1.0210747		2208	83.19
5	1	0.62894934		239	83.72
6	1	0.2234077		3481	78.72
7	1	0.0		70	104.73
8	1	0.0		75	96.87
9	1	0.37928092		3481	78.72
10	1	0.20473036		86	86.78
11	1	0.0		83	91.81
12	1	0.16842264		3714	77.35
13	1	7.7599584E-4		80	92.31
14	1	0.16642335		75	96.87
15	1	0.119669326		101	85.49
16	1	0.057423692		3936	77.33
17	1	0.0315853		90	86.25
18	1	0.0012933264		80	92.31
19	1	0.18435264		83	91.81
20	1	0.0		91	85.95
21	1	0.01678832		91	85.95
22	1	0.0025866528		91	85.95
23	1	0.16642335		80	92.31
24	1	0.0		75	96.87
25	1	0.0012933264		75	96.87
26	1	0.018248174		80	92.31
27	1	7.7599584E-4		83	91.81
28	1	0.018248174		83	91.81
29	1	2.586653E-4		91	85.95
30	1	7.29927E-4		3936	77.33
31	1	0.0		70	104.73
32	1	0.0		75	96.87
33	1	1000.0		70	104.73
34	1	0.0		83	91.81
35	1	0.0		75	96.87
36	1	0.0		91	85.95
37	1	0.010948905		91	85.95
38	1	0.0012933264		70	104.73
39	1	0.28815463		75	96.87


Run no: 23
0	1	2000.0		74	91.15
1	1	1000.25		98	80.15
2	1	1000.13635		98	80.15
3	1	0.59818184		88	88.23
4	1	0.59818184		92	81.65
5	1	0.3030303		92	81.65
6	1	0.25		92	81.65
7	1	0.25		88	88.23
8	1	0.25		82	89.54
9	1	0.1780303		81	91.04
10	1	0.16666667		88	88.23
11	1	0.16075757		82	89.54
12	1	0.13636364		82	89.54
13	1	0.125		79	91.05
14	1	0.125		76	91.14
15	1	0.11909091		88	88.23
16	1	0.09151515		79	91.05
17	1	0.084242426		74	91.15
18	1	0.083333336		76	91.14
19	1	0.083333336		81	91.04
20	1	0.008181818		76	91.14
21	1	9.090909E-4		81	91.04
22	1	9.090909E-4		76	91.14
23	1	9.090909E-4		79	91.05
24	1	0.0		74	91.15
25	1	0.0		92	81.65
26	1	0.0		98	80.15
27	1	0.0		88	88.23
28	1	0.0		98	80.15
29	1	0.0		79	91.05
30	1	0.0		79	91.05
31	1	0.0		76	91.14
32	1	0.0		81	91.04
33	1	0.0		74	91.15
34	1	0.0		82	89.54
35	1	0.0		76	91.14
36	1	0.0		88	88.23
37	1	0.0		82	89.54
38	1	0.0		82	89.54
39	1	0.0		76	91.14


Run no: 24
0	1	2000.0		3076	77.65
1	1	2000.0		69	91.93
2	1	0.05351868		69	91.93
3	1	1.0171838		2613	80.27
4	1	0.9632361		774	84.16
5	1	0.24565765		112	87.89
6	1	0.1914678		3064	78.48
7	1	0.0047964645		118	85.17
8	1	0.14213172		2993	79.99
9	1	0.1191962		2963	80.03
10	1	0.09215565		73	91.11
11	1	0.072829135		88	89.94
12	1	0.07981284		89	88.9
13	1	0.07925415		542	84.19
14	1	0.08692113		88	89.94
15	1	0.006983705		423	84.96
16	1	0.0700832		227	85.03
17	1	0.025190989		110	88.64
18	1	0.0587532		72	91.18
19	1	0.039820485		123	85.13
20	1	0.035356577		223	85.1
21	1	0.009733591		455	84.64
22	1	0.03474875		520	84.42
23	1	0.026783444		2963	80.03
24	1	0.023422705		542	84.19
25	1	0.021865414		451	84.89
26	1	0.053186122		110	88.64
27	1	0.01853984		89	88.9
28	1	0.024295785		507	84.52
29	1	0.014213567		444	84.9
30	1	0.06938292		423	84.96
31	1	0.034799986		455	84.64
32	1	0.0		507	84.52
33	1	0.012726608		507	84.52
34	1	0.0062321904		223	85.1
35	1	3.3255736E-4		88	89.94
36	1	0.0062321904		227	85.03
37	1	0.0		227	85.03
38	1	0.004901961		423	84.96
39	1	0.19213897		118	85.17


Run no: 25
0	1	2000.0		2675	82.13
1	1	1000.0068		64	96.88
2	1	1000.0		64	96.88
3	1	1.0665342		216	86.03
4	1	0.34935585		2363	82.6
5	1	0.84737504		2363	82.6
6	1	0.17140651		77	94.73
7	1	0.11572526		80	92.33
8	1	0.16386084		109	89.43
9	1	0.16347785		112	87.03
10	1	0.15135886		2668	82.23
11	1	0.143196		66	96.78
12	1	0.13565035		75	94.83
13	1	0.0022979702		86	90.64
14	1	0.0		80	92.33
15	1	0.064019114		212	86.18
16	1	0.052317638		194	86.85
17	1	0.037419263		114	86.93
18	1	0.0042129452		96	90.08
19	1	0.006779661		107	89.53
20	1	0.0		194	86.85
21	1	0.012467462		92	90.49
22	1	0.038820114		96	90.08
23	1	0.02932859		92	90.49
24	1	0.11687424		86	90.64
25	1	0.007928646		112	87.03
26	1	7.6599006E-4		64	96.88
27	1	0.0		194	86.85
28	1	0.007545651		109	89.43
29	1	0.0042129452		107	89.53
30	1	0.007545651		75	94.83
31	1	0.006189719		114	86.93
32	1	0.036063332		194	86.85
33	1	0.038054127		107	89.53
34	1	0.0		96	90.08
35	1	0.010169491		86	90.64
36	1	0.0		86	90.64
37	1	0.0		92	90.49
38	1	0.02779661		96	90.08
39	1	0.16500984		80	92.33


Run no: 26
0	1	2000.0		70	97.52
1	1	2000.0		3203	76.35
2	1	0.031599108		3203	76.35
3	1	1.0971605		3104	76.98
4	1	0.20081986		473	81.13
5	1	0.20630945		75	88.65
6	1	0.41898912		70	97.52
7	1	0.0015959145		75	88.65
8	1	0.20311762		85	84.35
9	1	0.11338441		458	81.86
10	1	0.076322556		248	82.01
11	1	0.029759092		3203	76.35
12	1	0.03919542		139	82.15
13	1	0.039053842		120	82.4
14	1	0.035427492		85	84.35
15	1	0.035746675		86	83.6
16	1	0.0		473	81.13
17	1	0.0018894662		247	82.05
18	1	0.019367028		89	83.38
19	1	0.0		96	82.97
20	1	0.01787364		139	82.15
21	1	0.011809164		101	82.72
22	1	0.012626344		89	83.38
23	1	0.016711645		101	82.72
24	1	0.014043444		96	82.97
25	1	0.010392064		86	83.6
26	1	0.0		101	82.72
27	1	0.874253		473	81.13
28	1	0.034471754		247	82.05
29	1	0.003191829		85	84.35
30	1	0.019367028		96	82.97
31	1	0.0		247	82.05
32	1	0.41898912		75	88.65
33	1	0.0015959145		96	82.97
34	1	0.006064475		101	82.72
35	1	0.0015959145		70	97.52
36	1	9.575487E-4		89	83.38
37	1	3.191829E-4		85	84.35
38	1	9.575487E-4		86	83.6
39	1	0.0050428486		247	82.05


Run no: 27
0	1	1000.0		299	80.24
1	1	1000.0		69	85.05
2	1	0.029106028		69	85.05
3	1	0.0		142	84.91
4	1	0.6826087		299	80.24
5	1	0.970894		142	84.91
6	1	1000.9709		299	80.24
7	1	0.0		142	84.91
8	1	0.0		69	85.05
9	1	0.0		142	84.91
10	1	0.0		69	85.05
11	1	0.0		142	84.91
12	1	0.0		142	84.91
13	1	0.0		69	85.05
14	1	0.0		69	85.05
15	1	0.6826087		142	84.91
16	1	0.3173913		142	84.91
17	1	0.0		69	85.05
18	1	0.0		142	84.91
19	1	0.0		69	85.05
20	1	0.0		69	85.05
21	1	0.0		69	85.05
22	1	0.0		142	84.91
23	1	0.0		69	85.05
24	1	0.0		142	84.91
25	1	0.029106028		142	84.91
26	1	0.0		69	85.05
27	1	0.0		69	85.05
28	1	0.0		69	85.05
29	1	0.0		69	85.05
30	1	0.0		69	85.05
31	1	0.0		69	85.05
32	1	0.0		69	85.05
33	1	0.0		69	85.05
34	1	0.0		69	85.05
35	1	0.0		69	85.05
36	1	0.0		69	85.05
37	1	0.0		69	85.05
38	1	0.0		69	85.05
39	1	1000.3174		69	85.05


Run no: 28
0	1	1000.0109		4180	86.13
1	1	1000.0		65	95.63
2	1	1.0104202		4135	86.21
3	1	0.005346294		321	86.82
4	1	0.45012215		66	95.38
5	1	0.0		73	91.12
6	1	0.0048602675		103	88.42
7	1	0.0		83	90.62
8	1	0.049473684		125	87.95
9	1	0.0		299	87.26
10	1	0.99106354		321	86.82
11	1	0.05263158		73	91.12
12	1	0.05263158		83	90.62
13	1	0.049473684		103	88.42
14	1	0.0		125	87.95
15	1	0.051662084		299	87.26
16	1	0.0		321	86.82
17	1	0.042284325		299	87.26
18	1	0.07797787		125	87.95
19	1	0.02631579		66	95.38
20	1	0.0		65	95.63
21	1	1000.0084		4180	86.13
22	1	0.0		299	87.26
23	1	0.0		321	86.82
24	1	0.042284325		125	87.95
25	1	0.0		103	88.42
26	1	0.0024301338		83	90.62
27	1	0.0		83	90.62
28	1	0.0		73	91.12
29	1	0.0017010935		73	91.12
30	1	2.4301336E-4		66	95.38
31	1	1000.0		65	95.63
32	1	0.026558803		65	95.63
33	1	0.04631579		321	86.82
34	1	0.45085117		73	91.12
35	1	0.23643921		83	90.62
36	1	0.0		103	88.42
37	1	0.0		125	87.95
38	1	0.07263158		299	87.26
39	1	0.23692524		103	88.42


Run no: 29
0	1	2000.0		3974	75.91
1	1	1000.21405		70	99.92
2	1	1000.0015		70	99.92
3	1	0.7803276		2775	84.31
4	1	0.7411229		241	86.52
5	1	0.38364714		3803	76.32
6	1	0.35792848		3312	81.05
7	1	0.21561435		76	94.78
8	1	0.20769256		3191	81.15
9	1	0.14112663		94	90.29
10	1	0.14035818		88	93.66
11	1	0.115057714		2841	83.14
12	1	0.11192666		121	88.77
13	1	0.082882136		2841	83.14
14	1	0.06910052		241	86.52
15	1	0.06118918		118	90.11
16	1	0.060391504		207	87.97
17	1	0.04128723		2837	83.75
18	1	0.038027935		83	94.53
19	1	0.03751564		88	93.66
20	1	0.03331945		207	87.97
21	1	0.024348205		2837	83.75
22	1	0.022028688		207	87.97
23	1	0.013644418		97	90.19
24	1	0.011693066		83	94.53
25	1	0.010412328		76	94.78
26	1	0.008709016		207	87.97
27	1	0.0057018166		94	90.29
28	1	0.003331945		118	90.11
29	1	0.0017930327		76	94.78
30	1	0.0015368853		88	93.66
31	1	0.0010245901		2841	83.14
32	1	7.6844264E-4		118	90.11
33	1	0.0		70	99.92
34	1	0.0		94	90.29
35	1	0.0		88	93.66
36	1	0.0		2841	83.14
37	1	0.0		76	94.78
38	1	0.0		94	90.29
39	1	0.0		83	94.53

