
Run no: 0
93.45	
93.45	
93.35	
93.35	
92.16	
92.16	
92.16	
92.16	
88.17	
84.88	
84.88	
82.88	
82.88	
82.88	
82.88	
82.88	
82.88	
82.88	
82.88	
82.88	
82.46	
82.46	
82.46	
81.47	
79.69	
79.69	
79.69	
79.69	
79.69	
79.69	
79.69	

Run no: 1
93.77	
93.77	
93.77	
93.77	
86.06	
86.06	
86.06	
86.06	
86.06	
86.06	
86.06	
84.51	
84.51	
84.51	
83.79	
83.79	
83.79	
83.79	
83.79	
83.79	
83.79	
83.79	
83.78	
83.78	
83.78	
83.6	
83.46	
82.86	
82.86	
82.86	
82.86	

Run no: 2
93.71	
93.71	
93.71	
92.88	
92.88	
92.13	
92.13	
92.13	
90.74	
90.74	
90.74	
90.67	
84.64	
84.64	
84.64	
84.64	
84.64	
84.35	
84.35	
84.35	
84.35	
83.35	
83.35	
83.35	
83.35	
83.33	
83.33	
83.33	
83.31	
83.31	
82.59	

Run no: 3
93.36	
93.14	
93.14	
90.96	
86.34	
86.34	
85.93	
85.93	
85.93	
85.77	
82.04	
82.04	
82.01	
82.01	
82.01	
82.01	
82.01	
82.01	
82.01	
78.71	
78.71	
78.46	
77.88	
77.88	
77.88	
77.88	
77.88	
77.88	
77.53	
77.53	
77.53	

Run no: 4
91.7	
91.7	
91.7	
91.64	
90.8	
88.53	
86.41	
86.41	
86.29	
80.8	
80.8	
80.8	
80.8	
80.8	
80.8	
80.32	
80.32	
80.28	
80.28	
80.28	
80.28	
80.28	
80.28	
80.28	
80.28	
80.28	
79.78	
79.78	
79.71	
79.71	
75.53	

Run no: 5
87.99	
87.99	
86.55	
86.55	
86.55	
86.55	
86.45	
86.45	
86.45	
86.45	
83.38	
83.03	
83.03	
83.03	
83.03	
83.03	
83.03	
83.03	
82.93	
82.93	
82.93	
82.67	
82.67	
82.67	
82.67	
82.67	
82.67	
82.67	
82.67	
82.46	
82.46	

Run no: 6
92.98	
92.98	
92.62	
91.38	
91.38	
91.38	
90.27	
90.2	
90.2	
90.2	
90.2	
90.1	
89.12	
89.12	
84.54	
84.54	
84.54	
84.54	
84.28	
83.35	
83.35	
78.9	
78.9	
78.9	
78.68	
78.68	
78.68	
78.68	
78.61	
78.61	
78.61	

Run no: 7
93.29	
93.29	
92.93	
91.59	
91.59	
91.59	
91.59	
91.59	
91.51	
91.46	
89.57	
89.57	
89.57	
89.57	
89.57	
86.88	
86.88	
86.88	
86.88	
85.33	
85.33	
85.33	
85.33	
85.33	
85.33	
85.33	
85.33	
85.33	
85.33	
85.12	
85.12	

Run no: 8
95.18	
95.18	
94.36	
91.39	
91.39	
91.39	
91.39	
91.39	
84.67	
84.67	
83.92	
83.92	
83.92	
83.92	
83.92	
83.87	
83.39	
83.39	
83.39	
83.32	
83.27	
83.27	
83.27	
83.27	
83.27	
83.17	
83.17	
83.17	
81.99	
81.99	
81.99	

Run no: 9
97.63	
97.63	
97.61	
95.29	
95.29	
89.31	
89.31	
89.31	
89.31	
89.26	
89.26	
84.86	
84.86	
84.86	
84.86	
83.01	
83.01	
79.25	
77.24	
77.24	
77.24	
77.24	
77.2	
76.93	
76.93	
76.93	
76.93	
76.93	
76.93	
76.93	
76.93	

Run no: 10
86.08	
86.08	
86.08	
86.08	
86.08	
86.08	
86.08	
84.72	
84.72	
84.72	
84.29	
84.29	
84.29	
84.29	
83.65	
83.5	
83.22	
83.22	
82.77	
82.77	
82.77	
82.77	
82.77	
82.77	
82.57	
82.57	
82.52	
82.52	
82.52	
82.52	
81.78	

Run no: 11
93.99	
93.72	
91.03	
91.03	
91.03	
90.9	
90.9	
90.73	
90.61	
85.62	
85.62	
85.58	
85.58	
85.54	
85.54	
85.54	
85.54	
85.54	
81.55	
81.55	
81.55	
81.55	
81.55	
81.55	
81.55	
81.55	
81.55	
81.4	
81.4	
81.4	
81.4	

Run no: 12
92.04	
89.07	
89.07	
88.45	
88.41	
88.41	
86.45	
86.45	
85.1	
85.1	
85.1	
85.1	
85.1	
82.28	
82.28	
82.24	
82.24	
82.24	
82.24	
82.24	
82.11	
82.04	
82.04	
81.84	
81.84	
81.84	
80.72	
80.72	
80.72	
80.72	
80.72	

Run no: 13
93.9	
90.64	
90.64	
90.64	
83.3	
83.3	
83.3	
83.3	
82.94	
82.49	
82.49	
81.63	
81.53	
81.53	
81.37	
81.37	
81.37	
81.37	
81.37	
81.37	
80.96	
80.96	
80.89	
80.89	
80.85	
80.85	
80.2	
80.2	
79.85	
79.85	
79.85	

Run no: 14
96.6	
94.02	
94.02	
88.13	
88.13	
86.15	
86.15	
86.09	
86.09	
86.09	
86.09	
86.09	
86.09	
86.09	
84.95	
84.95	
84.93	
84.93	
84.93	
84.93	
84.93	
84.93	
83.54	
83.54	
83.54	
83.49	
83.49	
81.93	
81.93	
81.35	
81.35	

Run no: 15
95.62	
95.62	
95.47	
95.47	
93.9	
93.9	
93.9	
93.87	
93.73	
89.24	
87.57	
87.57	
87.57	
87.57	
87.57	
87.57	
87.39	
86.25	
86.25	
84.36	
84.36	
84.36	
84.36	
84.36	
83.84	
83.84	
83.84	
83.84	
80.81	
79.81	
79.81	

Run no: 16
91.21	
91.21	
91.21	
91.21	
91.21	
91.21	
88.56	
88.56	
88.56	
86.97	
86.97	
86.97	
86.97	
85.45	
83.36	
83.36	
82.76	
82.76	
82.69	
82.69	
82.69	
82.69	
82.69	
82.69	
82.57	
81.59	
81.59	
79.95	
79.95	
79.95	
79.95	

Run no: 17
96.03	
96.03	
96.03	
95.42	
90.28	
90.28	
90.28	
90.28	
90.28	
88.31	
88.31	
85.6	
85.6	
85.6	
85.6	
85.52	
85.52	
85.52	
85.52	
85.13	
85.13	
85.13	
85.13	
84.99	
84.99	
84.99	
84.99	
83.14	
83.14	
83.14	
83.05	

Run no: 18
96.4	
92.9	
92.9	
92.9	
92.75	
92.75	
89.28	
87.35	
87.35	
87.35	
87.35	
87.35	
87.35	
87.21	
86.85	
86.06	
85.87	
85.87	
85.87	
85.87	
85.87	
85.87	
85.87	
85.86	
85.86	
85.86	
85.86	
85.86	
85.86	
85.86	
85.86	

Run no: 19
89.62	
89.62	
77.14	
77.14	
72.57	
72.57	
72.57	
72.31	
72.31	
72.31	
72.31	
72.28	
72.28	
72.28	
72.28	
72.21	
72.21	
72.21	
72.21	
72.21	
72.21	
71.84	
71.84	
71.84	
71.81	
71.81	
71.81	
71.81	
71.81	
71.81	
71.79	

Run no: 20
93.77	
93.77	
93.77	
93.77	
92.37	
90.22	
90.22	
90.22	
89.03	
87.39	
87.39	
84.58	
84.58	
84.58	
84.58	
84.58	
84.58	
84.57	
84.57	
84.54	
84.54	
84.54	
84.54	
84.54	
82.48	
82.48	
82.48	
82.48	
82.48	
82.07	
82.07	

Run no: 21
93.47	
91.02	
91.02	
89.92	
89.92	
87.15	
87.15	
87.15	
81.34	
81.34	
81.34	
81.16	
80.34	
80.34	
80.34	
80.34	
80.34	
80.34	
79.7	
79.7	
79.53	
79.53	
79.53	
79.53	
79.03	
79.03	
79.03	
78.72	
78.72	
76.65	
76.65	

Run no: 22
94.5	
94.5	
94.5	
92.31	
91.93	
91.93	
91.93	
88.55	
88.55	
88.55	
85.91	
85.91	
85.91	
85.91	
84.82	
84.09	
84.09	
84.09	
83.64	
83.64	
83.64	
77.89	
77.89	
77.89	
77.46	
77.46	
77.46	
77.33	
77.33	
77.33	
77.33	

Run no: 23
95.13	
95.13	
95.13	
89.42	
89.42	
89.42	
89.21	
89.21	
89.21	
89.21	
88.23	
88.23	
88.23	
88.23	
88.09	
81.65	
81.65	
81.65	
81.65	
81.65	
81.65	
81.65	
81.65	
81.65	
81.12	
81.12	
80.15	
80.15	
80.15	
80.15	
80.15	

Run no: 24
86.49	
86.49	
86.49	
86.49	
86.38	
85.77	
85.77	
79.29	
79.29	
79.14	
79.14	
79.14	
79.14	
79.14	
79.14	
79.14	
78.57	
78.57	
78.57	
78.57	
78.32	
78.32	
78.32	
78.32	
78.32	
78.32	
78.32	
78.32	
77.65	
77.65	
77.65	

Run no: 25
94.78	
94.78	
94.78	
94.78	
94.78	
93.47	
90.79	
90.79	
90.74	
90.74	
83.28	
83.28	
83.28	
82.99	
82.99	
82.99	
82.99	
82.99	
82.99	
82.99	
82.99	
82.99	
82.99	
82.27	
82.27	
82.27	
82.27	
82.27	
82.13	
82.13	
82.13	

Run no: 26
94.22	
94.22	
94.12	
90.78	
84.35	
84.35	
84.35	
84.31	
83.77	
83.6	
83.1	
83.1	
83.1	
83.1	
83.1	
83.1	
77.35	
77.35	
77.35	
77.35	
77.35	
76.6	
76.6	
76.6	
76.35	
76.35	
76.35	
76.35	
76.35	
76.35	
76.35	

Run no: 27
94.42	
93.45	
93.45	
93.45	
92.89	
92.4	
92.4	
90.3	
89.95	
89.12	
89.12	
89.12	
89.04	
88.88	
87.9	
87.9	
85.05	
85.05	
85.05	
85.05	
85.05	
85.05	
81.45	
81.45	
80.99	
80.99	
80.96	
80.96	
80.96	
80.24	
80.24	

Run no: 28
95.27	
95.23	
94.82	
93.82	
93.82	
93.82	
93.82	
88.11	
88.01	
88.01	
88.01	
88.01	
87.48	
87.42	
87.28	
87.28	
87.28	
87.28	
86.78	
86.78	
86.74	
86.74	
86.74	
86.74	
86.74	
86.72	
86.13	
86.13	
86.13	
86.13	
86.13	

Run no: 29
92.9	
92.9	
92.9	
92.9	
92.9	
92.9	
85.84	
85.84	
85.79	
85.62	
77.83	
77.83	
77.49	
77.49	
77.49	
77.49	
76.66	
76.66	
76.11	
76.11	
76.11	
76.11	
76.11	
75.91	
75.91	
75.91	
75.91	
75.91	
75.91	
75.91	
75.91	
