
Run no: 1
0	1	2000.0		114	19.32
1	1	0.07594038		301	16.44
2	1	0.06222651		294	16.52
3	1	0.6105659		128	19.19
4	1	2000.0		1720	16.05
5	1	0.801248		240	17.58
6	1	1.0028278		303	16.29
7	1	0.3243799		241	16.8
8	1	0.11862815		260	16.56
9	2	0.91352654		305	16.4
10	2	2000.0		114	19.95
11	2	0.15132606		121	19.88
12	2	0.18764465		124	19.4
13	2	0.9447646		369	16.29
14	2	0.9039093		130	19.19
15	2	2000.0		1725	16.16
16	3	0.24867336		276	17.04
17	3	0.16837732		261	17.16
18	3	0.018293535		246	17.66
19	3	0.48315528		242	17.79
20	3	0.14252548		248	17.61
21	3	0.03711074		244	17.67
22	3	2000.0		115	19.95
23	3	1.1241621		343	16.4
24	3	0.4864195		141	19.26
25	3	0.92232233		1961	16.25
26	3	2000.0		1963	16.23
27	3	0.19955313		128	19.37
28	4	0.5150127		296	16.8
29	4	0.2105648		262	17.55
30	4	0.14315826		265	17.44
31	4	0.2224158		280	17.13
32	4	0.21374801		293	17.05
33	4	0.20060652		266	17.21
34	4	2000.0		180	19.31
35	4	1.1194133		245	17.69
36	4	2000.0		342	16.44
37	5	2000.0		261	17.6
38	5	2000.0		303	16.77
39	5	2.0		266	17.28


Run no: 2
0	1	0.30534047		322	15.83
1	1	0.07036048		323	15.81
2	1	0.093724966		325	15.71
3	1	1.0342234		251	17.2
4	1	2000.0		116	17.78
5	1	0.68335557		305	16.28
6	1	0.6870494		257	16.63
7	1	2000.0		326	15.64
8	1	0.9138852		135	17.6
9	2	0.10594541		278	17.12
10	2	0.37629315		279	16.96
11	2	2000.0		329	15.65
12	2	2000.0		116	19.04
13	2	0.14375338		117	18.89
14	2	0.16012298		124	18.68
15	2	0.0806016		131	18.57
16	2	0.91549295		133	18.55
17	2	0.52931154		306	16.29
18	2	0.2023765		269	17.16
19	2	1.0485271		255	17.44
20	2	0.2967718		322	15.85
21	3	0.047565717		312	16.31
22	3	0.25215623		318	16.3
23	3	0.40705696		308	16.37
24	3	0.035220515		309	16.32
25	3	0.14698386		137	18.47
26	3	0.70769286		153	18.19
27	3	0.15190133		143	18.32
28	3	0.12027239		131	18.65
29	3	2000.0		116	19.33
30	3	0.12219047		126	18.72
31	3	0.43209496		272	17.17
32	3	0.12578203		262	17.36
33	3	0.08613321		268	17.26
34	3	0.7379959		252	17.6
35	3	0.055585593		263	17.33
36	3	2000.0		330	15.7
37	3	0.21477304		119	18.89
38	4	2000.0		280	17.12
39	4	2000.0		116	19.68


Run no: 3
0	1	2000.0		90	19.06
1	1	0.038559645		366	16.26
2	1	0.0932557		94	18.81
3	1	0.8770361		1397	15.99
4	1	0.08566576		361	16.29
5	1	0.83607817		368	16.16
6	1	0.11541554		257	17.31
7	1	0.114951134		269	17.0
8	1	0.10714632		266	17.07
9	1	0.117862344		297	16.41
10	1	0.31180426		247	17.39
11	1	0.09663132		280	16.74
12	1	0.27203855		128	18.55
13	1	0.08467457		302	16.4
14	1	0.11713454		284	16.73
15	1	0.01316282		363	16.27
16	1	0.45486242		147	18.04
17	1	0.10728495		96	18.78
18	1	2000.0		1464	15.91
19	2	2000.0		1530	15.91
20	2	0.102773614		1530	15.91
21	2	0.33926314		141	18.69
22	2	0.27953675		263	17.38
23	2	0.034722224		91	19.06
24	2	0.37195194		91	19.06
25	2	0.07385229		91	19.06
26	2	2000.0		90	20.92
27	2	0.90109366		299	16.41
28	2	0.21861278		298	16.68
29	2	0.34619927		249	17.91
30	2	0.8518879		1403	16.01
31	2	0.10815453		1405	15.99
32	3	0.10794173		285	16.98
33	3	2000.0		286	16.75
34	3	0.3093515		285	16.98
35	3	0.6051222		261	17.39
36	3	1.2221335		254	17.97
37	3	2000.0		96	18.99
38	3	0.3605733		101	18.81
39	3	1.1802632		145	18.76


Run no: 4
0	1	0.35349208		138	17.81
1	1	0.043131318		139	17.74
2	1	0.09391609		150	17.59
3	1	0.07087692		244	16.69
4	1	0.07162284		268	16.57
5	1	0.86328983		273	16.07
6	1	0.21062943		240	16.76
7	1	0.008162951		1602	15.8
8	1	0.012086812		1602	15.8
9	1	0.04854702		145	17.67
10	1	2000.0		108	19.24
11	1	0.09933179		154	17.35
12	1	0.09199356		269	16.49
13	1	0.058280613		1606	15.78
14	1	0.21945949		163	17.26
15	1	2000.0		1607	15.6
16	1	0.03912865		109	19.1
17	1	0.118053064		270	16.24
18	1	0.37374184		128	19.0
19	1	0.9486801		1457	15.98
20	1	0.040147644		109	19.1
21	1	0.1461817		1588	15.81
22	2	0.22178563		1593	15.84
23	2	0.66877466		1471	16.0
24	2	0.09176935		1472	15.98
25	2	0.10051151		1590	15.89
26	2	0.5082771		138	18.95
27	2	0.2201116		1933	15.74
28	2	2000.0		1978	15.69
29	2	0.3036968		145	17.69
30	2	0.32599396		145	17.69
31	2	2000.0		108	19.6
32	2	0.036851894		1952	15.73
33	2	0.1744943		273	16.1
34	2	0.47509882		249	16.72
35	2	0.66621715		274	16.09
36	3	2000.0		271	16.53
37	3	2000.0		122	19.23
38	4	2000.0		1588	15.98
39	4	2000.0		130	19.22


Run no: 5
0	1	2000.0		108	22.68
1	1	0.36717087		276	15.42
2	1	0.08048598		294	15.3
3	1	0.059679843		245	17.08
4	1	0.1497334		297	15.04
5	1	0.45080155		112	19.46
6	1	0.17621973		126	18.47
7	1	0.048998278		246	17.0
8	1	0.068812266		132	18.43
9	1	0.09120816		133	18.18
10	1	0.4131985		111	22.61
11	1	0.102997914		319	15.02
12	1	0.09743956		288	15.35
13	1	0.056105785		321	14.98
14	1	0.33774868		251	16.91
15	1	0.12642658		135	17.82
16	1	0.52476025		241	17.29
17	1	0.1897211		114	19.17
18	1	0.022593167		110	22.64
19	1	2000.0		327	14.81
20	1	0.55136263		149	17.76
21	1	0.014215012		320	15.0
22	1	0.007107506		319	15.02
23	2	2000.0		282	15.42
24	2	0.10549531		281	15.92
25	2	0.3337314		279	16.06
26	2	2000.0		109	22.68
27	2	0.018447746		109	22.68
28	2	1.199008		249	17.0
29	2	0.23221707		111	22.63
30	2	0.92999095		129	18.47
31	2	0.17156324		126	18.59
32	2	0.19497922		116	19.17
33	2	0.4481998		112	21.12
34	2	0.29171643		113	19.46
35	3	0.675765		287	15.46
36	3	2000.0		117	19.3
37	3	1.92434		250	17.01
38	3	2000.0		296	15.36
39	4	2000.0		320	15.02


Run no: 6
0	1	2000.0		100	19.14
1	1	0.6276272		101	18.38
2	1	0.48560768		162	16.9
3	1	2000.0		296	15.79
4	1	0.83314043		169	16.59
5	1	0.7530155		106	17.14
6	1	0.8867651		282	16.16
7	2	0.2338896		140	17.97
8	2	0.61067206		160	17.19
9	2	0.16812675		147	17.65
10	2	0.21301211		291	16.16
11	2	0.021198848		150	17.35
12	2	0.08734259		155	17.29
13	2	0.07747518		273	16.79
14	2	0.21345252		279	16.7
15	2	0.09759088		149	17.51
16	2	0.48346704		108	18.36
17	2	0.58810437		270	16.84
18	2	0.1311091		120	18.2
19	2	0.20339467		282	16.17
20	2	0.06633418		150	17.35
21	2	0.22014189		330	16.13
22	2	2000.0		338	16.08
23	2	2000.0		100	19.61
24	2	0.14918943		121	18.09
25	3	0.4005624		106	19.08
26	3	0.44725654		107	18.4
27	3	0.1019832		286	16.3
28	3	0.17881644		284	16.5
29	3	0.7106621		141	17.97
30	3	0.49642253		192	17.09
31	3	2000.0		339	16.08
32	3	0.22475083		287	16.17
33	3	0.42858115		202	17.08
34	3	0.24196348		330	16.15
35	3	0.5002778		275	16.79
36	3	2000.0		100	19.77
37	4	2000.0		100	20.85
38	4	2000.0		288	16.2
39	4	1.7067375		141	18.0


Run no: 7
0	1	0.19294935		244	17.14
1	1	2000.0		70	17.76
2	1	0.05963332		141	17.73
3	1	0.084736705		305	16.81
4	1	0.09397456		257	16.83
5	1	2000.0		1549	15.18
6	1	0.13746718		1414	15.65
7	1	0.13296224		1507	15.21
8	1	0.12894475		252	16.96
9	1	0.1938063		173	17.32
10	1	0.14688586		1467	15.38
11	1	1.1485133		325	16.73
12	1	0.10451751		141	17.73
13	1	1.154913		1396	15.75
14	1	0.18055096		158	17.49
15	1	0.14048618		1456	15.5
16	2	0.15003935		170	17.54
17	2	1.0037516		328	16.77
18	2	0.07871605		1467	15.48
19	2	0.0757706		1500	15.39
20	2	0.12017328		244	17.15
21	2	0.1252313		268	16.83
22	2	2000.0		1573	15.18
23	2	0.99321914		1453	15.65
24	2	2000.0		70	20.66
25	2	0.47578323		72	17.97
26	2	0.041647848		73	17.91
27	2	0.49220657		71	20.51
28	2	0.13205583		77	17.76
29	2	0.05265503		1537	15.32
30	2	0.04949954		1538	15.24
31	2	0.02657459		227	17.39
32	2	0.05510633		230	17.35
33	2	0.06529641		212	17.43
34	3	2000.0		1433	15.76
35	3	0.97291255		1428	16.19
36	3	0.37184018		294	16.91
37	3	2000.0		70	22.03
38	3	0.9468208		333	16.8
39	3	0.98093027		74	17.94


Run no: 8
0	1	0.4487673		136	17.13
1	1	0.06930343		138	17.07
2	1	0.07050146		152	16.85
3	1	0.014167672		274	16.54
4	1	0.06742832		140	16.88
5	1	0.07111609		159	16.66
6	1	0.09478092		284	16.41
7	1	0.59315234		130	18.73
8	1	2000.0		1755	15.59
9	1	0.9146636		374	16.08
10	1	2000.0		128	19.33
11	1	0.035926167		265	16.55
12	1	0.1077785		290	16.2
13	1	0.04090564		275	16.52
14	1	0.10624357		1736	15.65
15	1	0.12114748		1717	15.9
16	1	0.07855079		246	16.61
17	1	0.03577333		290	16.2
18	1	0.87357396		1652	15.91
19	1	0.06684163		172	16.63
20	2	0.6818822		135	19.15
21	2	2000.0		128	21.08
22	2	0.35583487		129	20.87
23	2	0.18280523		1674	16.05
24	2	0.78607994		1635	16.17
25	2	0.92765003		429	16.18
26	2	0.055304028		145	16.94
27	2	0.1250361		146	16.88
28	2	0.4086738		136	17.15
29	2	0.3008052		254	16.62
30	2	2000.0		1761	15.59
31	3	0.9229186		1694	16.05
32	3	2000.0		1727	15.92
33	3	2000.0		130	20.57
34	3	0.7962174		131	20.02
35	3	0.048620734		1723	15.93
36	3	0.95352036		148	16.92
37	3	1.1551619		359	16.25
38	4	2000.0		1714	16.05
39	4	2000.0		131	20.42


Run no: 9
0	1	2000.0		112	20.35
1	1	0.08107331		260	16.44
2	1	0.08569781		262	16.19
3	1	0.07286543		1537	15.63
4	1	0.022831954		1512	15.79
5	1	0.49126372		114	18.16
6	1	0.37980857		235	17.78
7	1	0.8466338		1452	15.86
8	1	0.29039493		248	16.54
9	1	0.8528919		343	15.95
10	1	0.046485692		301	16.16
11	1	0.050069075		1531	15.76
12	1	0.16200846		133	18.01
13	1	2000.0		1542	15.44
14	1	0.072140485		311	16.13
15	1	0.05621466		1510	15.8
16	2	2000.0		1543	15.55
17	2	0.055071406		127	18.16
18	2	0.48335862		114	18.47
19	2	1.0140648		1450	16.09
20	2	0.31559223		144	18.11
21	2	0.06768569		122	18.32
22	2	2000.0		112	20.84
23	2	0.86729705		265	16.19
24	2	0.051944587		263	16.29
25	2	0.11901204		261	16.45
26	2	0.1013		255	16.89
27	2	0.30819196		254	16.96
28	3	0.036232773		116	18.93
29	3	0.42247373		114	18.95
30	3	1.3573385		118	18.87
31	3	0.22018771		284	16.23
32	3	2000.0		113	20.84
33	3	2000.0		322	16.16
34	3	1.3583609		280	16.25
35	4	2000.0		114	19.73
36	4	0.40141487		115	19.19
37	4	2000.0		1516	15.94
38	4	1.5985851		281	16.25
39	4	0.89412785		133	18.26


Run no: 10
0	1	2000.0		106	18.76
1	1	0.09070795		1432	15.76
2	1	0.16627088		106	18.76
3	1	0.0898878		119	18.07
4	1	0.255035		258	17.31
5	1	0.18398988		264	17.16
6	1	0.076383084		120	17.99
7	1	0.21768333		265	16.75
8	1	2000.0		1485	15.63
9	1	0.1045486		269	16.49
10	1	0.075595364		1426	15.78
11	1	0.041649386		277	16.45
12	1	0.91318893		333	16.29
13	1	0.091727346		300	16.43
14	1	0.2298744		115	18.26
15	1	0.8648555		1339	15.93
16	1	0.114564195		123	17.84
17	1	0.2672261		137	17.67
18	1	0.090687096		1363	15.84
19	1	0.046157908		1345	15.88
20	2	0.21612301		270	16.56
21	2	0.9500315		339	16.3
22	2	2000.0		116	18.57
23	2	0.2805345		118	18.52
24	2	0.36028564		265	16.77
25	2	0.93384296		1344	16.08
26	2	0.2443742		1405	15.85
27	2	0.4266064		146	17.82
28	2	0.4489937		263	17.59
29	2	2000.0		1485	15.67
30	3	0.9957232		1356	16.07
31	3	0.60275066		116	18.74
32	3	0.10250799		1363	15.88
33	3	2000.0		106	19.69
34	3	2000.0		1422	15.87
35	3	1.1083722		280	16.54
36	3	0.35659385		255	17.82
37	3	0.34394246		266	17.14
38	3	0.18636914		258	17.79
39	4	2000.0		1353	16.14


Run no: 11
0	1	2000.0		112	19.7
1	1	0.073901325		198	17.05
2	1	0.03001022		155	17.97
3	1	0.123617955		209	17.04
4	1	0.28283936		336	15.17
5	1	0.052290257		235	16.41
6	1	0.14612097		154	17.98
7	1	0.06830809		113	19.46
8	1	0.24196786		285	15.18
9	1	0.24322215		118	19.2
10	1	0.11880517		284	15.24
11	1	0.31476355		167	17.48
12	1	0.077153206		114	19.42
13	1	0.27715322		120	18.4
14	1	0.04501533		156	17.88
15	1	0.36123756		244	16.21
16	1	0.13314132		158	17.82
17	1	2000.0		341	15.0
18	1	0.0818545		235	16.41
19	1	0.38105547		269	15.41
20	1	0.22686054		195	17.1
21	1	0.17412432		224	16.43
22	1	0.2378333		123	18.0
23	1	0.19528942		219	16.9
24	2	0.34936225		150	18.27
25	2	0.24048245		220	16.9
26	2	0.28617156		233	16.67
27	2	2000.0		276	15.42
28	2	2000.0		112	20.43
29	2	0.16908865		157	17.88
30	2	0.46444917		163	17.82
31	2	0.53119373		206	17.05
32	2	0.3365099		269	15.52
33	2	0.662845		120	18.5
34	2	0.17518622		245	16.23
35	2	0.288058		247	16.22
36	3	2.0		152	18.3
37	3	2000.0		277	15.42
38	3	2000.0		140	18.47
39	4	2000.0		276	15.55


Run no: 12
0	1	2000.0		90	18.9
1	1	0.057408094		96	18.6
2	1	0.09525848		93	18.71
3	1	0.2370316		281	16.99
4	1	0.17631054		282	16.51
5	1	0.11170377		179	17.35
6	1	0.23981619		99	17.92
7	1	0.03871045		139	17.43
8	1	0.20921461		97	18.53
9	1	0.7123347		285	16.42
10	1	2000.0		1671	15.62
11	1	0.17427222		182	17.08
12	1	0.12485923		1504	16.07
13	1	0.08373251		1430	16.09
14	1	0.07701594		1415	16.16
15	1	0.122115135		133	17.51
16	1	0.03916555		150	17.38
17	1	0.10577012		1531	15.89
18	1	0.17086862		1570	15.86
19	1	0.022201525		146	17.41
20	1	0.14650537		105	17.76
21	1	0.11100762		1395	16.27
22	1	0.747819		1360	16.41
23	2	0.27594408		107	17.89
24	2	0.20017898		1576	15.86
25	2	0.16215678		137	17.55
26	2	0.1290431		180	17.35
27	2	2000.0		90	20.27
28	2	0.029218024		91	20.25
29	2	0.33370486		92	20.14
30	2	0.49332872		95	18.71
31	2	0.23187433		281	17.03
32	2	0.98261803		324	16.42
33	2	0.13249943		195	17.12
34	2	2000.0		1676	15.62
35	2	0.9098374		1512	16.07
36	3	1000.0161		195	17.13
37	3	1000.1489		195	17.13
38	3	2.0		209	17.12
39	3	2000.0		289	16.51


Run no: 13
0	1	0.06601049		111	18.47
1	1	0.13667661		246	15.48
2	1	0.12593286		238	15.65
3	1	0.050137475		102	18.87
4	1	2000.0		100	18.99
5	1	0.2041196		112	18.44
6	1	0.07990804		239	15.52
7	1	2000.0		329	15.21
8	1	0.24699059		122	17.88
9	1	0.05542848		103	18.85
10	1	0.33834708		328	15.23
11	1	0.097121134		131	17.82
12	1	0.089692935		109	18.64
13	1	0.9993762		235	15.93
14	1	0.42421615		260	15.35
15	1	0.9541485		140	17.81
16	1	0.08175643		105	18.71
17	2	2000.0		100	19.01
18	2	0.2739726		244	15.63
19	2	1.3643836		122	17.9
20	2	0.086757995		247	15.48
21	2	0.05479452		247	15.48
22	2	2000.0		319	15.36
23	2	0.36164382		260	15.38
24	2	1.1789955		235	16.28
25	3	0.3292006		112	18.47
26	3	0.24084395		103	18.95
27	3	2000.0		100	19.22
28	3	0.91238946		143	17.82
29	3	0.29868776		122	17.97
30	3	1.1320577		236	16.32
31	3	0.32841063		273	15.38
32	3	0.39775297		263	15.4
33	3	2000.0		329	15.24
34	4	0.45723686		108	18.87
35	4	2000.0		100	19.52
36	4	1.5427631		120	18.5
37	4	0.20994583		117	18.51
38	4	2000.0		236	16.48
39	5	2000.0		100	19.83


Run no: 14
0	1	0.2002071		230	16.88
1	1	0.14233921		139	17.74
2	1	0.15628515		131	17.98
3	1	0.1495727		127	18.15
4	1	0.03440811		299	15.96
5	1	0.2199237		1587	15.88
6	1	0.15936124		234	16.46
7	1	0.7952387		300	15.93
8	1	0.12723349		235	16.45
9	1	2000.0		1780	15.61
10	1	0.7897645		1583	15.89
11	1	0.05027033		240	16.12
12	1	0.27193156		151	17.38
13	1	0.09355352		279	15.99
14	1	0.22918029		173	16.91
15	1	0.1433813		240	16.12
16	1	0.13810334		144	17.61
17	1	2000.0		112	18.36
18	2	0.11031655		174	17.29
19	2	0.2559462		225	17.12
20	2	0.06504403		222	17.13
21	2	2000.0		112	18.45
22	2	0.34877956		144	17.73
23	2	0.086679146		195	17.25
24	2	0.43798974		238	16.45
25	2	2000.0		1784	15.69
26	2	1.2000035		297	16.03
27	2	0.094731644		162	17.5
28	2	0.017483184		161	17.53
29	2	0.013859996		157	17.54
30	2	0.0766157		156	17.56
31	3	0.70465046		240	16.23
32	3	2000.0		297	16.04
33	3	0.62581915		224	17.15
34	3	2000.0		112	19.62
35	3	0.35591123		120	18.59
36	3	0.071538575		121	18.52
37	3	0.65708894		126	18.45
38	3	0.8928582		179	17.29
39	4	2000.0		125	18.56


Run no: 15
0	1	0.16617566		135	19.05
1	1	0.11122674		133	19.17
2	1	2000.0		303	15.85
3	1	1.0415959		273	16.29
4	1	0.1486439		148	18.65
5	1	0.22264563		152	18.41
6	1	0.13367383		279	16.1
7	1	0.1892792		141	18.71
8	1	2000.0		116	19.19
9	1	0.17302828		165	18.21
10	1	0.19976625		167	18.1
11	1	0.04662333		134	19.14
12	1	0.20319255		284	16.04
13	1	1.1087611		185	17.9
14	2	0.12365884		154	18.52
15	2	0.10447354		133	19.18
16	2	0.12005213		119	19.34
17	2	0.021655453		132	19.19
18	2	0.111883976		130	19.2
19	2	2000.0		116	19.36
20	2	0.052615628		157	18.51
21	2	1.1526338		158	18.41
22	2	0.38711584		283	16.14
23	2	0.15822574		142	19.01
24	2	0.09857853		144	18.83
25	2	0.14151058		145	18.72
26	2	1.3116173		273	16.63
27	2	2000.0		304	15.85
28	3	2000.0		116	19.85
29	3	0.17617743		134	19.17
30	3	1.5680021		153	18.69
31	3	0.25971285		121	19.34
32	3	0.14186108		146	18.72
33	3	2000.0		328	15.96
34	3	0.172285		142	19.04
35	4	1.4540317		166	18.45
36	4	2000.0		116	19.99
37	4	2000.0		286	16.16
38	4	0.22535709		152	18.71
39	4	0.54596835		145	18.84


Run no: 16
0	1	2000.0		104	18.57
1	1	0.17901866		245	15.95
2	1	0.23057756		251	15.76
3	1	0.28226423		132	17.09
4	1	0.38103756		159	16.74
5	1	0.1148735		105	18.37
6	1	0.35113722		201	16.55
7	1	0.091745466		258	15.21
8	1	0.17416304		111	18.3
9	1	0.19792998		117	17.99
10	1	0.36589572		241	16.2
11	1	0.25658062		129	17.76
12	1	0.328712		209	16.52
13	1	0.17237413		152	16.9
14	1	0.19179657		253	15.28
15	1	2000.0		276	14.93
16	1	0.16847688		144	17.05
17	1	0.13812931		274	15.08
18	1	0.13295425		120	17.77
19	1	0.12873754		265	15.2
20	2	0.43276483		123	17.77
21	2	2000.0		257	15.46
22	2	0.03501953		254	15.48
23	2	0.5910005		202	16.6
24	2	2000.0		104	18.84
25	2	0.14868315		138	17.27
26	2	0.61652553		142	17.2
27	2	0.24596821		136	17.57
28	2	0.16519704		253	15.49
29	2	0.38631707		203	16.55
30	2	0.48470435		243	16.2
31	2	0.44075105		106	18.37
32	2	0.27541864		250	15.95
33	3	2000.0		277	15.1
34	3	2000.0		104	19.01
35	3	0.9586949		272	15.23
36	3	1.0602871		193	16.95
37	3	0.58799875		166	16.98
38	3	0.48574132		128	17.78
39	3	0.45330632		124	17.93


Run no: 17
0	1	0.25001615		272	15.73
1	1	0.06648582		262	15.75
2	1	0.06369567		233	17.77
3	1	0.12010592		118	19.43
4	1	0.12190144		131	19.06
5	1	0.086094424		121	19.35
6	1	2000.0		102	19.44
7	1	0.0101659885		261	15.77
8	1	0.091946006		240	17.75
9	1	0.18964025		253	17.25
10	1	0.08078538		135	18.73
11	1	0.19261125		247	17.69
12	1	0.4138216		255	17.1
13	1	0.116230704		136	18.65
14	1	2000.0		297	15.47
15	1	0.10363625		134	18.93
16	1	0.23039463		139	18.35
17	1	0.12432991		123	19.19
18	1	0.03805464		232	17.84
19	1	0.59009236		149	18.0
20	1	0.3657818		261	15.77
21	1	0.4659433		230	17.86
22	2	0.45710576		224	18.22
23	2	0.3505352		229	18.17
24	2	0.07796229		136	18.7
25	2	0.08843958		139	18.52
26	2	0.726156		258	17.23
27	2	0.52981126		128	19.26
28	2	0.46362454		141	18.36
29	2	0.14453937		135	18.83
30	2	2000.0		311	15.52
31	2	0.5780667		284	15.73
32	2	1000.29034		102	20.79
33	2	1000.1244		102	20.79
34	3	2000.0		128	19.32
35	3	0.049105063		129	19.3
36	3	1.950895		142	18.37
37	3	2000.0		261	15.93
38	3	0.26872492		131	19.23
39	3	0.103355736		131	19.23


Run no: 18
0	1	0.20093852		244	17.36
1	1	2000.0		1735	15.77
2	1	0.123638876		101	19.11
3	1	0.15244052		104	18.75
4	1	0.0206977		99	19.16
5	1	2000.0		96	19.17
6	1	0.03311919		1715	15.79
7	1	0.08128881		1555	16.16
8	1	0.21553494		250	16.73
9	1	0.93728423		1529	16.2
10	1	0.43753004		113	17.92
11	1	0.038000215		1700	15.81
12	1	0.2496088		105	18.6
13	1	0.93623626		255	16.65
14	1	0.24463266		234	17.38
15	1	0.16844381		1561	15.99
16	1	0.13774899		1672	15.83
17	2	2000.0		1688	15.95
18	2	0.12317858		1671	16.12
19	2	0.11037139		1579	16.13
20	2	0.1931504		242	17.64
21	2	0.30970582		245	17.37
22	2	0.2153587		138	18.55
23	2	0.0869908		140	18.52
24	2	0.98908484		1534	16.2
25	2	0.0668273		196	18.04
26	2	0.078905165		159	18.1
27	2	0.13959424		141	18.27
28	2	0.15047503		223	17.96
29	2	0.041478287		165	18.06
30	2	1.1652964		256	16.65
31	2	2000.0		96	19.24
32	2	0.23610835		102	19.15
33	3	0.21428488		125	18.61
34	3	2000.0		103	19.15
35	3	0.1819059		105	18.96
36	3	1.8180941		144	18.35
37	3	2000.0		1711	15.94
38	4	2000.0		165	18.1
39	4	2000.0		1666	16.18


Run no: 19
0	1	0.16078499		110	18.59
1	1	0.12758364		112	17.93
2	1	0.1509382		111	18.34
3	1	2000.0		102	20.02
4	1	0.15133987		126	17.38
5	1	0.14727722		113	17.79
6	1	0.3468526		106	18.97
7	1	2000.0		287	15.31
8	1	0.59554714		137	17.16
9	1	0.27544615		229	16.3
10	1	0.11407586		265	15.93
11	1	0.67988753		224	17.07
12	1	0.1573191		120	17.44
13	1	0.25055373		266	15.58
14	1	0.2387904		240	16.18
15	1	0.18821369		261	15.99
16	2	0.13450764		263	16.0
17	2	0.05095501		248	16.24
18	2	0.10078523		248	16.24
19	2	0.12733446		255	16.21
20	2	0.20337436		286	15.6
21	2	0.09363328		266	15.83
22	2	0.120161295		230	16.31
23	2	0.17103142		229	16.34
24	2	0.38410443		219	17.16
25	2	0.21795416		227	17.08
26	2	0.799045		159	17.21
27	2	0.15163413		267	15.64
28	2	1000.2621		103	20.27
29	2	0.62852293		112	18.33
30	2	1000.02106		103	20.27
31	2	0.43849745		107	18.97
32	2	2000.0		293	15.31
33	3	2000.0		277	15.75
34	3	0.4948627		266	15.86
35	3	1.5051373		195	17.29
36	3	0.995919		232	16.31
37	3	2000.0		113	18.29
38	4	2000.0		264	16.2
39	4	2000.0		253	16.27


Run no: 20
0	1	2000.0		78	19.22
1	1	0.040187564		277	16.65
2	1	0.14488009		82	18.7
3	1	0.0066858153		78	19.22
4	1	0.18030939		241	16.88
5	1	0.12696473		333	16.4
6	1	0.022618266		91	18.69
7	1	0.068211235		319	16.48
8	1	0.061452746		244	16.84
9	1	0.21948992		101	18.16
10	1	0.14310136		80	19.2
11	1	0.18983978		1586	15.55
12	1	0.1496453		92	18.64
13	1	0.88474584		426	16.22
14	1	0.03058449		329	16.46
15	1	0.07247811		261	16.7
16	1	0.26799667		114	17.88
17	1	0.9237187		1525	15.95
18	1	0.07283455		290	16.62
19	1	2000.0		1640	15.52
20	1	0.3515763		127	17.23
21	2	0.12992202		295	16.62
22	2	0.24166629		181	17.85
23	2	0.07214823		187	17.69
24	2	0.06577061		276	16.7
25	2	0.3257138		273	16.79
26	2	2000.0		1598	15.55
27	2	0.9249174		335	16.42
28	2	0.8963646		1523	16.29
29	2	2000.0		97	18.64
30	2	0.05577727		182	17.82
31	2	0.34855726		198	17.63
32	2	0.03112488		274	16.78
33	2	0.31162614		101	18.4
34	2	0.22662777		1554	15.97
35	2	0.12421277		1525	16.1
36	3	2000.0		1635	15.57
37	3	1.545152		275	16.78
38	3	2000.0		188	17.69
39	3	0.4893697		266	16.84


Run no: 21
0	1	0.66815567		162	17.76
1	1	0.15500298		163	17.62
2	1	0.16388723		164	17.37
3	1	0.634455		171	17.27
4	1	0.44733968		251	16.37
5	1	0.70289856		242	16.91
6	1	0.257296		244	16.71
7	1	2000.0		258	15.74
8	1	0.08417709		170	17.3
9	1	2000.0		112	18.5
10	2	2000.0		112	22.28
11	2	0.19993538		132	19.36
12	2	0.31758863		128	20.54
13	2	0.2505337		118	21.35
14	2	0.14810675		117	22.11
15	2	0.31556362		151	19.34
16	2	1.0076284		260	16.13
17	2	2000.0		1840	15.85
18	2	0.30670217		164	17.45
19	2	0.14582974		165	17.42
20	2	0.009114359		247	16.79
21	2	0.052081533		249	16.77
22	2	0.05616846		251	16.47
23	2	0.05808547		252	16.42
24	2	0.14543194		244	16.81
25	3	0.28068873		123	22.1
26	3	0.035414856		114	22.28
27	3	2000.0		113	22.29
28	3	2000.0		1845	15.88
29	3	0.4581188		139	19.36
30	3	0.077364504		134	20.2
31	3	0.13393208		137	20.07
32	3	0.3027629		130	20.54
33	3	1.1816906		259	16.37
34	3	0.5357427		182	17.3
35	4	2000.0		1956	15.88
36	4	2000.0		167	17.6
37	4	1.5244907		252	16.6
38	4	0.6289079		248	16.86
39	5	2000.0		126	22.25


Run no: 22
0	1	2000.0		114	19.51
1	1	0.13575381		115	19.42
2	1	0.089836344		153	18.37
3	1	0.121508054		119	18.98
4	1	0.07596421		134	18.85
5	1	0.2248733		177	17.57
6	1	0.12702115		236	16.68
7	1	0.12166001		196	16.96
8	1	0.087585695		303	15.81
9	1	0.10910001		241	16.58
10	1	0.1208216		140	18.7
11	1	0.21670555		160	18.08
12	1	0.04317164		121	18.95
13	1	0.0802349		195	17.05
14	1	0.9418229		337	15.67
15	1	0.09161326		146	18.4
16	1	0.14257903		178	17.23
17	1	0.20816417		256	16.3
18	1	2000.0		1509	15.5
19	1	0.15588628		267	15.82
20	2	0.1117492		301	15.91
21	2	0.21788651		269	16.04
22	2	0.20043755		179	17.44
23	2	2000.0		114	19.75
24	2	0.3650756		162	18.33
25	2	0.22421606		163	18.08
26	2	0.07139187		345	15.77
27	2	0.37223548		115	19.47
28	2	0.06396844		344	15.79
29	2	0.23199086		187	17.31
30	2	2000.0		1554	15.56
31	2	0.8897027		409	15.68
32	2	0.36004707		245	16.66
33	3	2000.0		1555	15.56
34	3	0.81938076		188	17.4
35	3	1.085415		1540	15.67
36	3	0.09520422		284	16.23
37	3	0.49501976		272	16.25
38	3	1.1137813		298	16.04
39	3	2000.0		175	18.31


Run no: 23
0	1	2000.0		116	21.26
1	1	0.11032985		141	19.51
2	1	0.2813924		120	19.65
3	1	0.20346904		243	17.6
4	1	1.038494		1420	16.7
5	1	0.053685904		289	16.93
6	1	0.011521779		254	17.58
7	1	0.017272135		256	17.54
8	1	0.26107794		192	18.44
9	1	0.008913472		256	17.54
10	1	0.90193635		294	16.79
11	1	0.012055521		253	17.59
12	1	0.04183545		121	19.62
13	1	0.16173612		167	18.7
14	1	0.11382164		269	17.5
15	1	0.30063656		118	21.13
16	1	0.12055801		272	16.99
17	1	2000.0		1432	15.85
18	1	0.16947958		147	19.13
19	2	0.08814401		274	17.37
20	2	0.059590317		280	17.19
21	2	0.054624457		286	17.09
22	2	2000.0		1729	15.86
23	2	0.4301676		152	19.19
24	2	0.15145871		1642	15.95
25	2	0.30726257		1446	16.03
26	2	0.0707635		1654	15.91
27	2	2000.0		118	21.23
28	2	0.044072006		172	19.1
29	2	0.13345748		184	19.06
30	2	0.8851645		1405	16.81
31	2	0.25201738		255	17.58
32	2	0.31967723		198	18.47
33	2	0.7467412		290	16.93
34	3	0.8075005		277	17.43
35	3	0.04964782		279	17.41
36	3	0.09731582		281	17.19
37	3	1.1480678		290	16.95
38	3	2000.0		1667	15.91
39	3	2000.0		122	21.01


Run no: 24
0	1	2000.0		100	20.21
1	1	0.057223648		271	16.38
2	1	0.12289318		118	18.97
3	1	0.08675447		112	19.6
4	1	0.049667		269	16.56
5	1	0.05119247		114	19.48
6	1	0.04132902		290	16.13
7	1	0.08775161		125	18.44
8	1	0.08217807		126	18.42
9	1	0.1180154		123	18.82
10	1	0.13162927		178	18.2
11	1	0.07379172		251	16.58
12	1	0.07662686		238	16.82
13	1	0.13810322		109	19.87
14	1	2000.0		1834	15.56
15	1	0.057379916		276	16.15
16	1	0.9479741		293	15.98
17	1	0.11198422		115	19.37
18	1	0.03986308		270	16.4
19	1	0.012374893		281	16.14
20	1	0.22942293		230	16.88
21	1	0.10195334		220	18.06
22	1	0.9790192		1807	15.79
23	1	0.25953045		228	17.86
24	2	0.101608396		229	17.86
25	2	0.21410722		127	18.42
26	2	0.33747375		119	18.97
27	2	0.3692433		246	16.82
28	2	0.1425366		185	18.35
29	2	0.16409376		221	18.12
30	2	0.09972634		270	16.54
31	2	0.09305089		270	16.54
32	2	2000.0		113	19.6
33	2	0.17925158		113	19.6
34	2	0.15621428		278	16.2
35	2	2000.0		1707	16.01
36	2	0.90996355		297	16.04
37	2	0.8929237		1653	16.03
38	2	0.3003586		232	17.78
39	3	2000.0		240	17.77


Run no: 25
0	1	0.06389956		1661	15.98
1	1	0.14436536		254	17.31
2	1	0.021215143		289	16.43
3	1	0.040394783		344	16.35
4	1	0.092168085		285	16.58
5	1	0.058868233		1704	15.62
6	1	0.03195711		287	16.46
7	1	0.1526332		251	17.55
8	1	0.01810569		1666	15.94
9	1	2000.0		1714	15.41
10	1	0.78768116		345	16.33
11	1	0.16269708		262	16.85
12	1	0.06797056		1675	15.84
13	1	0.5458574		136	18.29
14	1	0.8342387		1579	16.25
15	1	0.11328427		175	17.94
16	1	0.049921073		299	16.39
17	1	0.025243381		1668	15.91
18	1	0.10404021		1598	16.05
19	1	2000.0		106	20.5
20	1	0.06125683		1692	15.64
21	1	0.12388451		176	17.84
22	2	2000.0		1697	15.72
23	2	0.12705895		180	17.88
24	2	0.15825127		193	17.86
25	2	0.012139215		181	17.87
26	2	0.94107354		315	16.41
27	2	0.12713377		1670	15.91
28	2	0.16502923		256	17.31
29	2	2000.0		106	20.76
30	2	0.12664118		1621	16.12
31	2	0.87840706		1579	16.26
32	2	0.6179402		143	18.39
33	2	0.1993505		268	16.85
34	2	0.09881227		263	17.25
35	3	1.8622133		179	17.94
36	3	0.9277553		294	16.53
37	3	2000.0		296	16.48
38	3	2000.0		106	21.16
39	3	1.0722448		118	20.91


Run no: 26
0	1	0.43198225		106	17.37
1	1	2000.0		74	18.92
2	1	0.7481065		146	16.84
3	1	0.20233728		140	16.95
4	1	0.9059468		234	16.01
5	1	0.61857986		78	18.27
6	1	0.33905324		255	15.62
7	1	2000.0		274	15.54
8	1	0.1287574		108	17.11
9	1	0.08692308		107	17.3
10	1	0.20733728		115	17.0
11	2	0.9320874		129	17.04
12	2	0.16811894		127	17.1
13	2	1.0311474		236	16.16
14	2	2000.0		252	16.04
15	2	2000.0		74	18.98
16	2	0.9372086		113	17.27
17	3	0.15302664		122	17.15
18	3	0.1220339		140	17.0
19	3	0.53922516		140	17.0
20	3	0.87990314		116	17.16
21	3	0.12308313		242	16.23
22	3	0.56577885		239	16.72
23	3	0.028652139		245	16.22
24	3	2000.0		74	19.84
25	3	0.11267151		247	16.21
26	3	0.13292979		240	16.63
27	3	0.23486683		259	16.03
28	3	0.062389024		283	15.73
29	3	0.18692493		277	15.83
30	3	2000.0		284	15.71
31	4	1.5897675		135	17.1
32	4	0.87274736		239	16.83
33	4	2000.0		242	16.29
34	4	0.18136773		82	19.59
35	4	0.94588494		92	19.33
36	4	0.1334804		86	19.41
37	4	2000.0		76	19.84
38	5	2000.0		133	17.11
39	5	2000.0		242	16.5


Run no: 27
0	1	2000.0		100	18.63
1	1	0.100409396		269	17.05
2	1	0.10881276		293	16.57
3	1	0.1395943		270	16.84
4	1	0.04306338		262	17.12
5	1	2000.0		1647	15.69
6	1	0.43603596		255	17.15
7	1	0.037522703		121	18.61
8	1	0.11853972		306	16.39
9	1	0.0827254		1643	15.81
10	1	0.06445655		308	16.25
11	1	0.061701603		311	16.21
12	1	0.10670422		285	16.67
13	1	0.5660726		161	18.21
14	1	0.95091885		1619	15.88
15	1	0.16191092		137	18.59
16	1	0.95775235		314	16.08
17	2	0.09858655		1635	15.99
18	2	1.037622		1594	16.13
19	2	2000.0		1649	15.79
20	2	0.28583166		256	17.62
21	2	0.08413352		256	17.62
22	2	1.0434202		272	16.84
23	2	0.09680074		257	17.17
24	2	2000.0		100	21.18
25	2	0.09897582		100	21.18
26	2	0.35750636		102	20.0
27	2	0.22021508		101	20.65
28	2	0.25514576		103	18.73
29	2	0.30471033		115	18.67
30	2	0.07090816		268	17.14
31	3	1.1418816		1618	16.2
32	3	0.1383827		272	16.89
33	3	0.7322876		258	17.2
34	3	1.0925651		283	16.84
35	3	0.17514731		1637	16.02
36	3	2000.0		1674	15.79
37	3	2000.0		105	18.73
38	4	2000.0		1620	16.16
39	5	2000.0		1621	16.19


Run no: 28
0	1	0.014013509		107	18.93
1	1	0.013484223		119	18.17
2	1	0.1632725		230	16.37
3	1	0.0094263535		124	18.13
4	1	0.10689081		127	18.12
5	1	0.16153342		221	17.07
6	1	0.21521826		132	17.76
7	1	0.08503881		109	18.91
8	1	0.014265551		121	18.14
9	1	0.26292974		1534	16.2
10	1	0.24788286		141	17.37
11	1	2000.0		94	19.17
12	1	0.8476661		235	16.35
13	1	0.16536446		229	16.93
14	1	0.20984979		111	18.63
15	1	0.06724468		107	18.93
16	1	0.86994654		1490	16.29
17	1	0.053558826		1529	16.27
18	1	2000.0		1620	15.53
19	1	0.12768424		119	18.17
20	1	0.032841012		224	16.98
21	1	0.017012803		225	16.96
22	2	0.15023018		116	18.64
23	2	1.3604095		287	16.36
24	2	2000.0		1631	15.58
25	2	0.20476681		112	18.69
26	2	0.1496504		125	18.13
27	2	0.09887583		132	18.09
28	2	2000.0		94	19.53
29	2	0.024086047		95	19.5
30	2	0.026617693		96	19.44
31	2	0.2002833		97	19.4
32	2	0.07500227		141	17.59
33	2	0.11787223		151	17.51
34	2	0.13243784		133	17.76
35	2	0.3796233		221	17.33
36	3	1.7131112		112	18.75
37	3	0.4255947		107	19.1
38	3	2000.0		94	19.76
39	3	2000.0		235	16.37


Run no: 29
0	1	0.13568655		237	18.53
1	1	0.522573		124	19.25
2	1	2000.0		116	22.77
3	1	0.09420032		1553	15.52
4	1	0.48821875		122	22.66
5	1	0.06160695		243	18.24
6	1	0.018442618		254	16.45
7	1	0.014357751		257	16.35
8	1	2000.0		1607	15.48
9	1	0.043898508		257	16.35
10	1	0.12108591		145	18.75
11	1	0.18033855		245	18.12
12	1	0.9305738		302	16.26
13	1	0.06986777		251	16.6
14	1	0.08267161		126	18.87
15	1	0.022588205		252	16.46
16	1	0.21252894		246	16.94
17	1	0.9405431		1487	15.58
18	2	0.040852446		129	18.9
19	2	0.5422341		134	18.88
20	2	0.05010659		127	19.06
21	2	0.037970603		128	19.04
22	2	2000.0		1512	15.67
23	2	1.0097082		1502	15.71
24	2	0.6426908		251	16.91
25	2	0.18189833		256	16.45
26	2	0.22818878		125	19.25
27	2	2000.0		124	20.05
28	2	1.0666443		307	16.29
29	3	1.1161625		253	16.75
30	3	0.8838374		136	18.89
31	3	2000.0		130	18.9
32	3	1.4735546		245	18.27
33	3	2000.0		309	16.29
34	4	2000.0		311	16.29
35	4	2000.0		130	18.91
36	4	1.0923411		303	16.39
37	4	1.9176332		248	18.24
38	5	2000.0		257	16.45
39	5	2000.0		124	23.19


Run no: 30
0	1	0.2582837		275	17.42
1	1	0.08861612		274	17.52
2	1	2000.0		96	18.11
3	1	0.17663336		159	17.88
4	1	0.07536654		1533	15.76
5	1	0.08283719		1528	15.87
6	1	0.14536068		165	17.73
7	1	0.13620925		364	16.49
8	1	0.13810423		1622	15.42
9	1	0.09895437		1693	15.33
10	1	0.029817015		1702	15.28
11	1	0.080557525		1618	15.59
12	1	0.2810585		276	16.79
13	1	0.7433621		414	16.48
14	1	0.07909093		1600	15.61
15	1	0.16025826		291	16.65
16	1	0.09440598		1570	15.73
17	1	0.8652836		1346	16.11
18	1	2000.0		1707	15.27
19	1	0.1416035		223	17.58
20	1	0.19748035		1513	15.96
21	2	0.122431256		270	17.61
22	2	0.13771814		1403	16.26
23	2	0.2584346		1517	15.96
24	2	0.041374967		1373	16.27
25	2	0.72026294		1372	16.41
26	2	0.09083265		281	16.86
27	2	0.052010562		280	16.96
28	2	0.09808098		279	17.22
29	2	0.10867241		208	17.76
30	2	2000.0		1627	15.42
31	2	0.07082915		161	18.06
32	2	0.07295241		164	17.89
33	2	0.1479048		1624	15.45
34	2	0.77598643		363	16.7
35	2	2000.0		96	22.52
36	2	0.6706249		103	18.11
37	3	2000.0		1398	16.27
38	3	2000.0		1628	15.43
39	4	2000.0		264	17.81

