
Run no: 1
17.66	
17.51	
17.51	
17.51	
17.25	
17.25	
16.86	
16.86	
16.86	
16.85	
16.85	
16.85	
16.85	
16.71	
16.71	
16.62	
16.6	
16.35	
16.35	
16.35	
16.35	
16.35	
16.35	
16.35	
16.25	
16.25	
16.25	
16.16	
16.05	
16.05	
16.05	

Run no: 2
16.31	
16.31	
16.31	
16.31	
16.31	
16.31	
16.31	
16.31	
16.31	
16.31	
16.31	
16.31	
16.31	
16.31	
16.3	
15.98	
15.84	
15.76	
15.76	
15.76	
15.76	
15.76	
15.75	
15.73	
15.73	
15.73	
15.7	
15.65	
15.65	
15.65	
15.64	

Run no: 3
17.5	
16.59	
16.37	
16.37	
16.37	
16.37	
16.36	
16.35	
16.34	
16.17	
16.17	
16.17	
16.17	
16.17	
16.01	
16.01	
16.01	
16.01	
16.01	
16.01	
16.01	
16.01	
16.01	
15.99	
15.97	
15.92	
15.91	
15.91	
15.91	
15.91	
15.91	

Run no: 4
16.53	
16.53	
16.53	
16.53	
16.53	
16.07	
16.07	
16.07	
16.07	
16.07	
16.07	
16.07	
16.07	
16.07	
16.07	
16.07	
15.88	
15.88	
15.88	
15.88	
15.88	
15.88	
15.8	
15.74	
15.74	
15.74	
15.69	
15.69	
15.6	
15.6	
15.6	

Run no: 5
15.82	
15.82	
15.82	
15.82	
15.59	
15.59	
15.59	
15.59	
15.59	
15.59	
15.59	
15.59	
15.59	
15.45	
15.42	
15.3	
15.04	
15.04	
15.04	
15.04	
15.04	
15.02	
15.02	
15.02	
15.02	
15.02	
14.98	
14.98	
14.81	
14.81	
14.81	

Run no: 6
16.51	
16.5	
16.5	
16.5	
16.5	
16.5	
16.5	
16.5	
16.5	
16.5	
16.5	
16.5	
16.5	
16.5	
16.12	
16.12	
16.12	
16.12	
16.12	
16.12	
16.08	
16.08	
16.08	
15.79	
15.79	
15.79	
15.79	
15.79	
15.79	
15.79	
15.79	

Run no: 7
17.61	
16.49	
16.49	
16.49	
15.55	
15.55	
15.55	
15.46	
15.46	
15.46	
15.46	
15.36	
15.36	
15.33	
15.26	
15.26	
15.26	
15.26	
15.26	
15.26	
15.26	
15.26	
15.26	
15.18	
15.18	
15.18	
15.18	
15.18	
15.18	
15.18	
15.18	

Run no: 8
17.08	
17.08	
17.08	
17.08	
17.08	
17.04	
17.04	
16.77	
16.5	
16.02	
16.02	
16.02	
15.97	
15.97	
15.97	
15.97	
15.59	
15.59	
15.59	
15.59	
15.59	
15.59	
15.59	
15.59	
15.59	
15.59	
15.59	
15.59	
15.59	
15.59	
15.59	

Run no: 9
16.84	
16.19	
16.19	
16.19	
16.19	
16.19	
16.19	
16.02	
16.02	
16.02	
16.02	
16.02	
16.0	
15.95	
15.95	
15.95	
15.76	
15.69	
15.69	
15.69	
15.69	
15.63	
15.63	
15.55	
15.55	
15.55	
15.55	
15.55	
15.55	
15.55	
15.44	

Run no: 10
17.56	
17.35	
16.34	
16.34	
16.34	
15.96	
15.96	
15.96	
15.96	
15.96	
15.96	
15.91	
15.91	
15.9	
15.88	
15.88	
15.76	
15.76	
15.76	
15.76	
15.71	
15.67	
15.67	
15.67	
15.63	
15.63	
15.63	
15.63	
15.63	
15.63	
15.63	

Run no: 11
15.71	
15.71	
15.71	
15.71	
15.5	
15.41	
15.41	
15.41	
15.29	
15.29	
15.29	
15.29	
15.29	
15.29	
15.29	
15.27	
15.17	
15.17	
15.17	
15.17	
15.17	
15.17	
15.17	
15.17	
15.17	
15.17	
15.17	
15.17	
15.0	
15.0	
15.0	

Run no: 12
17.58	
16.55	
16.54	
16.54	
16.33	
16.33	
16.33	
16.33	
16.33	
16.33	
16.33	
16.33	
16.33	
16.23	
16.19	
15.95	
15.95	
15.95	
15.95	
15.95	
15.82	
15.8	
15.8	
15.8	
15.62	
15.62	
15.62	
15.62	
15.62	
15.62	
15.62	

Run no: 13
15.84	
15.82	
15.82	
15.76	
15.76	
15.76	
15.76	
15.71	
15.71	
15.71	
15.66	
15.63	
15.63	
15.63	
15.61	
15.53	
15.53	
15.38	
15.38	
15.38	
15.38	
15.38	
15.36	
15.36	
15.36	
15.36	
15.21	
15.21	
15.21	
15.21	
15.21	

Run no: 14
17.01	
17.01	
17.01	
17.01	
17.01	
17.01	
17.01	
16.99	
16.99	
16.48	
16.48	
16.01	
16.01	
16.01	
16.01	
16.01	
16.01	
15.92	
15.92	
15.92	
15.92	
15.92	
15.84	
15.84	
15.84	
15.84	
15.84	
15.69	
15.61	
15.61	
15.61	

Run no: 15
17.12	
17.12	
16.78	
16.78	
16.7	
16.7	
16.48	
16.48	
16.48	
16.48	
16.48	
16.36	
16.12	
16.12	
16.12	
16.12	
16.12	
16.12	
16.12	
16.12	
15.85	
15.85	
15.85	
15.85	
15.85	
15.85	
15.85	
15.85	
15.85	
15.85	
15.85	

Run no: 16
16.04	
16.04	
16.04	
15.92	
15.92	
15.89	
15.89	
15.89	
15.62	
15.62	
15.62	
15.42	
15.42	
15.42	
15.42	
15.42	
15.42	
15.42	
15.42	
15.42	
15.35	
15.35	
15.35	
15.35	
15.3	
15.1	
15.1	
15.1	
15.1	
15.1	
14.93	

Run no: 17
16.09	
16.09	
16.09	
16.09	
16.09	
16.09	
16.09	
15.92	
15.92	
15.92	
15.84	
15.84	
15.84	
15.84	
15.84	
15.84	
15.73	
15.73	
15.73	
15.73	
15.73	
15.73	
15.73	
15.73	
15.73	
15.73	
15.73	
15.73	
15.47	
15.47	
15.47	

Run no: 18
17.64	
17.64	
17.64	
17.64	
16.59	
16.59	
16.59	
16.59	
16.59	
16.47	
16.39	
16.39	
16.29	
16.19	
16.19	
16.19	
16.19	
16.01	
16.01	
16.01	
15.77	
15.77	
15.77	
15.77	
15.77	
15.77	
15.77	
15.77	
15.77	
15.77	
15.77	

Run no: 19
16.91	
16.9	
16.9	
16.81	
16.81	
15.67	
15.67	
15.67	
15.67	
15.67	
15.67	
15.67	
15.67	
15.59	
15.59	
15.59	
15.59	
15.59	
15.59	
15.59	
15.59	
15.59	
15.31	
15.31	
15.31	
15.31	
15.31	
15.31	
15.31	
15.31	
15.31	

Run no: 20
17.24	
17.24	
17.2	
17.0	
17.0	
15.58	
15.58	
15.58	
15.58	
15.58	
15.58	
15.58	
15.58	
15.58	
15.58	
15.58	
15.58	
15.58	
15.58	
15.58	
15.58	
15.58	
15.58	
15.57	
15.57	
15.57	
15.57	
15.55	
15.55	
15.55	
15.52	

Run no: 21
17.03	
17.03	
17.02	
16.96	
16.96	
16.43	
16.43	
16.43	
16.43	
16.43	
15.98	
15.98	
15.98	
15.98	
15.98	
15.98	
15.98	
15.98	
15.98	
15.98	
15.98	
15.88	
15.88	
15.88	
15.88	
15.85	
15.85	
15.85	
15.85	
15.74	
15.74	

Run no: 22
16.64	
16.45	
16.45	
16.45	
16.42	
15.81	
15.81	
15.81	
15.81	
15.74	
15.67	
15.67	
15.67	
15.67	
15.67	
15.67	
15.67	
15.67	
15.67	
15.67	
15.67	
15.67	
15.67	
15.67	
15.56	
15.56	
15.56	
15.56	
15.56	
15.56	
15.5	

Run no: 23
17.74	
16.84	
16.66	
16.66	
16.49	
16.39	
16.39	
16.26	
16.26	
16.26	
16.26	
16.08	
16.08	
16.08	
16.08	
16.08	
16.08	
16.05	
15.93	
15.93	
15.93	
15.93	
15.91	
15.91	
15.91	
15.86	
15.86	
15.86	
15.86	
15.86	
15.85	

Run no: 24
16.94	
16.94	
16.9	
16.24	
16.24	
16.18	
16.18	
16.18	
16.11	
16.11	
16.11	
16.01	
16.01	
16.01	
16.01	
16.01	
16.01	
16.01	
16.01	
16.01	
15.57	
15.57	
15.57	
15.57	
15.57	
15.57	
15.56	
15.56	
15.56	
15.56	
15.56	

Run no: 25
17.13	
17.07	
16.65	
16.65	
16.52	
16.52	
16.52	
16.48	
16.41	
16.41	
16.41	
16.38	
16.29	
16.29	
16.29	
16.29	
15.97	
15.97	
15.72	
15.72	
15.72	
15.72	
15.62	
15.62	
15.62	
15.62	
15.41	
15.41	
15.41	
15.41	
15.41	

Run no: 26
16.62	
16.62	
16.62	
16.48	
16.48	
16.48	
16.48	
16.42	
16.42	
16.28	
16.28	
16.28	
16.28	
16.28	
16.28	
16.25	
16.25	
16.06	
16.06	
16.06	
16.05	
16.05	
15.98	
15.75	
15.75	
15.73	
15.73	
15.62	
15.54	
15.54	
15.54	

Run no: 27
17.64	
17.53	
17.53	
17.53	
16.07	
16.07	
16.07	
16.07	
16.07	
15.98	
15.98	
15.98	
15.98	
15.98	
15.98	
15.98	
15.98	
15.98	
15.98	
15.98	
15.98	
15.79	
15.69	
15.69	
15.69	
15.69	
15.69	
15.69	
15.69	
15.69	
15.69	

Run no: 28
17.71	
16.72	
16.72	
16.72	
16.72	
16.72	
16.72	
16.72	
16.72	
16.72	
16.72	
16.72	
16.72	
16.41	
16.41	
16.41	
16.41	
16.36	
16.36	
16.36	
16.36	
16.36	
16.36	
16.36	
16.29	
16.29	
16.2	
16.2	
16.2	
15.53	
15.53	

Run no: 29
16.85	
16.85	
16.85	
16.85	
16.83	
15.79	
15.79	
15.79	
15.68	
15.63	
15.63	
15.63	
15.63	
15.63	
15.63	
15.63	
15.63	
15.63	
15.63	
15.63	
15.63	
15.63	
15.63	
15.52	
15.52	
15.52	
15.52	
15.52	
15.48	
15.48	
15.48	

Run no: 30
18.0	
17.11	
15.54	
15.54	
15.54	
15.54	
15.54	
15.54	
15.54	
15.54	
15.54	
15.54	
15.54	
15.49	
15.49	
15.49	
15.49	
15.36	
15.36	
15.36	
15.36	
15.36	
15.36	
15.34	
15.34	
15.34	
15.34	
15.28	
15.28	
15.28	
15.27	
