
Run no: 0
0	1	1000.0		3496	76.8
1	1	2000.0		67	96.5
2	1	0.0		67	96.5
3	1	0.033537474		3496	76.8
4	1	0.7510193		272	83.51
5	1	0.15954319		2661	82.73
6	1	0.31547874		3381	76.92
7	1	0.2538071		73	91.5
8	1	0.2538071		67	96.5
9	1	0.0017497813		73	91.5
10	1	0.24822335		86	86.61
11	1	0.0148731405		2712	79.88
12	1	0.0		2661	82.73
13	1	0.14111675		2919	79.7
14	1	0.0		2919	79.7
15	1	0.063215956		272	83.51
16	1	0.14467005		2712	79.88
17	1	0.06950451		2919	79.7
18	1	0.0		191	84.58
19	1	0.0		89	86.26
20	1	0.03959391		2661	82.73
21	1	0.0		180	85.33
22	1	0.05431472		191	84.58
23	1	0.0		3496	76.8
24	1	0.03039216		175	85.9
25	1	5.076142E-4		172	86.25
26	1	0.039529216		180	85.33
27	1	0.06950451		2712	79.88
28	1	0.0		191	84.58
29	1	0.017766498		86	86.61
30	1	0.0		2661	82.73
31	1	0.0056594023		173	86.15
32	1	5.8326044E-4		175	85.9
33	1	0.13473316		2919	79.7
34	1	0.012690355		173	86.15
35	1	0.24822335		73	91.5
36	1	0.0		180	85.33
37	1	0.0		191	84.58
38	1	0.032141943		180	85.33
39	1	0.012690355		175	85.9
40	1	0.0013825048		89	86.26
41	1	0.0037911928		86	86.61
42	1	0.02928145		172	86.25
43	1	0.017766498		89	86.26
44	1	2.9163022E-4		173	86.15
45	1	0.0		3496	76.8
46	1	0.0017497813		67	96.5
47	1	0.0		2661	82.73
48	1	0.0		2919	79.7
49	1	0.0037911928		73	91.5
50	1	8.7489065E-4		86	86.61
51	1	0.0		2919	79.7
52	1	0.0032079322		191	84.58
53	1	0.69670457		2661	82.73
54	1	1000.0061		3496	76.8
55	1	0.0		180	85.33
56	1	0.0		175	85.9
57	1	0.024205308		89	86.26
58	1	2.9163022E-4		172	86.25
59	1	0.061693113		191	84.58


Run no: 1
0	1	1000.28235		5100	80.98
1	1	0.0		5100	80.98
2	1	1000.0		78	90.97
3	1	0.0		78	90.97
4	1	1.1732162		3397	82.93
5	1	0.001393867		89	88.07
6	1	0.01652728		3397	82.93
7	1	0.0		89	88.07
8	1	0.0		5100	80.98
9	1	0.0		3682	82.57
10	1	0.098894596		82	89.05
11	1	0.0		78	90.97
12	1	0.040223017		3682	82.57
13	1	0.0		82	89.05
14	1	0.5145145		89	88.07
15	1	0.092786334		3480	82.73
16	1	0.29837364		3682	82.57
17	1	0.02002002		3397	82.93
18	1	0.15915915		3682	82.57
19	1	0.0		89	88.07
20	1	0.0		82	89.05
21	1	0.001393867		82	89.05
22	1	0.0		78	90.97
23	1	0.0		78	90.97
24	1	0.0		5100	80.98
25	1	0.0		89	88.07
26	1	0.0980981		89	88.07
27	1	0.0		82	89.05
28	1	0.0		78	90.97
29	1	1000.0		5100	80.98
30	1	0.0		82	89.05
31	1	0.0		82	89.05
32	1	0.0		82	89.05
33	1	0.0		78	90.97
34	1	0.1921922		78	90.97
35	1	0.0		89	88.07
36	1	0.6587017		89	88.07
37	1	0.0		5100	80.98
38	1	0.0		82	89.05
39	1	0.0		78	90.97
40	1	0.0		89	88.07
41	1	0.0		78	90.97
42	1	0.0		5100	80.98
43	1	0.0		78	90.97
44	1	0.0		5100	80.98
45	1	0.0		82	89.05
46	1	0.0		82	89.05
47	1	0.0		5100	80.98
48	1	0.0		78	90.97
49	1	0.0		82	89.05
50	1	0.0		78	90.97
51	1	0.0		78	90.97
52	1	0.15915915		5100	80.98
53	1	0.0		82	89.05
54	1	0.0		82	89.05
55	1	0.0		82	89.05
56	1	0.0		82	89.05
57	1	0.0		82	89.05
58	1	0.1921922		82	89.05
59	1	1000.0008		78	90.97


Run no: 2
0	1	1000.98285		3856	81.65
1	1	1000.08356		3856	81.65
2	1	1000.0		70	106.66
3	1	0.0		70	106.66
4	1	1.1930116		135	83.74
5	1	0.0		80	103.56
6	1	0.007596961		86	88.39
7	1	0.12659173		75	104.67
8	1	0.1292549		134	86.9
9	1	0.0		70	106.66
10	1	0.06280858		123	87.99
11	1	0.60814214		80	103.56
12	1	0.0		134	86.9
13	1	0.008396641		93	88.2
14	1	0.0018489171		93	88.2
15	1	0.007596961		93	88.2
16	1	0.0		86	88.39
17	1	0.0		134	86.9
18	1	0.0		86	88.39
19	1	0.0		93	88.2
20	1	0.0		86	88.39
21	1	0.0457029		80	103.56
22	1	0.0		134	86.9
23	1	0.0		70	106.66
24	1	0.0		86	88.39
25	1	0.0		70	106.66
26	1	0.0		93	88.2
27	1	0.0		86	88.39
28	1	0.00792393		93	88.2
29	1	0.043846697		134	86.9
30	1	0.0		86	88.39
31	1	0.07956817		70	106.66
32	1	0.0		86	88.39
33	1	0.0		70	106.66
34	1	0.0		86	88.39
35	1	0.0018489171		86	88.39
36	1	0.0015847861		86	88.39
37	1	0.0		70	106.66
38	1	0.0		70	106.66
39	1	0.0		70	106.66
40	1	0.0		70	106.66
41	1	0.0		70	106.66
42	1	0.0		70	106.66
43	1	0.60655737		86	88.39
44	1	0.0		70	106.66
45	1	0.0		70	106.66
46	1	0.0		70	106.66
47	1	0.0		70	106.66
48	1	0.0		70	106.66
49	1	0.0		70	106.66
50	1	0.0		70	106.66
51	1	0.0		70	106.66
52	1	0.0		70	106.66
53	1	0.0		70	106.66
54	1	0.0		70	106.66
55	1	0.0		70	106.66
56	1	0.0		70	106.66
57	1	0.0		70	106.66
58	1	0.0		70	106.66
59	1	1000.00134		70	106.66


Run no: 3
0	1	2000.0		4329	81.17
1	1	1000.0		65	98.62
2	1	1000.0		65	98.62
3	1	0.9868668		4325	83.49
4	1	0.0037523452		117	86.54
5	1	0.0		96	87.3
6	1	0.10200573		89	93.42
7	1	0.1747851		4325	83.49
8	1	0.0		117	86.54
9	1	0.10773639		84	97.08
10	1	0.10200573		85	95.2
11	1	2.3452158E-4		85	95.2
12	1	9.380863E-4		89	93.42
13	1	0.08080229		4328	82.58
14	1	0.060302418		84	97.08
15	1	0.0633512		81	98.12
16	1	0.0		4328	82.58
17	1	0.0		117	86.54
18	1	0.0		101	87.26
19	1	0.0		81	98.12
20	1	0.028653296		81	98.12
21	1	0.0		65	98.62
22	1	0.0		101	87.26
23	1	0.0		96	87.3
24	1	0.0		101	87.26
25	1	0.0		89	93.42
26	1	0.0		96	87.3
27	1	0.04243335		101	87.26
28	1	0.35235798		89	93.42
29	1	0.10773639		85	95.2
30	1	0.0		84	97.08
31	1	0.0		4328	82.58
32	1	0.0		81	98.12
33	1	0.0		85	95.2
34	1	2.3452158E-4		4328	82.58
35	1	0.0		65	98.62
36	1	0.0		89	93.42
37	1	0.35071632		96	87.3
38	1	0.1747851		117	86.54
39	1	9.380863E-4		85	95.2
40	1	0.0		89	93.42
41	1	0.0		84	97.08
42	1	0.052852564		4325	83.49
43	1	7.035647E-4		4328	82.58
44	1	0.0		101	87.26
45	1	0.03240564		65	98.62
46	1	7.035647E-4		81	98.12
47	1	0.0022922636		96	87.3
48	1	0.0		101	87.26
49	1	0.0011726079		96	87.3
50	1	0.001641651		96	87.3
51	1	0.0		85	95.2
52	1	0.052148998		4328	82.58
53	1	0.0		85	95.2
54	1	1.0281276		117	86.54
55	1	0.0		84	97.08
56	1	0.0		85	95.2
57	1	0.0		89	93.42
58	1	2.3452158E-4		84	97.08
59	1	0.006044609		101	87.26


Run no: 4
0	1	1000.1318		3076	80.89
1	1	1000.0		55	88.89
2	1	0.0		55	88.89
3	1	0.8951734		2489	85.33
4	1	0.7493065		2678	83.88
5	1	0.0		559	85.43
6	1	1000.0		3076	80.89
7	1	0.017469795		510	88.02
8	1	0.0125		559	85.43
9	1	0.002979146		64	88.09
10	1	0.0		472	88.03
11	1	0.0		55	88.89
12	1	0.0		510	88.02
13	1	0.0		559	85.43
14	1	0.0		472	88.03
15	1	0.32375		510	88.02
16	1	0.0		559	85.43
17	1	0.0075		64	88.09
18	1	0.0075		472	88.03
19	1	0.23505461		64	88.09
20	1	0.1		55	88.89
21	1	0.0		510	88.02
22	1	0.37375		3076	80.89
23	1	0.0		55	88.89
24	1	0.0		559	85.43
25	1	0.0		559	85.43
26	1	0.0		64	88.09
27	1	0.0		472	88.03
28	1	0.0		64	88.09
29	1	0.0		55	88.89
30	1	0.012578616		510	88.02
31	1	0.0		559	85.43
32	1	0.0		510	88.02
33	1	0.0		472	88.03
34	1	0.0		472	88.03
35	1	0.0		55	88.89
36	1	0.0		559	85.43
37	1	0.13505462		472	88.03
38	1	0.0		55	88.89
39	1	0.0		559	85.43
40	1	0.0		559	85.43
41	1	0.00125		472	88.03
42	1	0.0		64	88.09
43	1	0.0		510	88.02
44	1	0.0		472	88.03
45	1	0.0		55	88.89
46	1	0.016219795		559	85.43
47	1	0.0		559	85.43
48	1	1000.0		55	88.89
49	1	0.0		472	88.03
50	1	0.0		510	88.02
51	1	0.0		510	88.02
52	1	0.0		472	88.03
53	1	0.0		64	88.09
54	1	0.0		472	88.03
55	1	0.002979146		55	88.89
56	1	0.0		559	85.43
57	1	0.0		472	88.03
58	1	0.012578616		472	88.03
59	1	0.9626113		559	85.43


Run no: 5
0	1	1000.40894		5823	78.93
1	1	1000.133		5823	78.93
2	1	2000.0		69	96.75
3	1	0.0		69	96.75
4	1	0.06116723		93	89.69
5	1	0.0		3035	88.6
6	1	0.13299663		3470	81.3
7	1	0.0		3380	81.37
8	1	0.017396184		3354	86.75
9	1	0.2385505		77	96.21
10	1	0.20720471		79	92.53
11	1	0.0		3470	81.3
12	1	0.12952021		3279	87.13
13	1	0.0		92	91.98
14	1	0.06116723		3035	88.6
15	1	0.042405285		3035	88.6
16	1	0.0		93	89.69
17	1	0.034358766		3283	87.06
18	1	0.0		69	96.75
19	1	0.024264192		92	91.98
20	1	0.0033670033		88	92.4
21	1	0.004518596		3354	86.75
22	1	0.004891342		3392	81.32
23	1	0.0135557875		3470	81.3
24	1	0.012339242		3354	86.75
25	1	0.0		3380	81.37
26	1	0.30190796		3354	86.75
27	1	0.0033670033		84	92.46
28	1	0.0		79	92.53
29	1	0.0033670033		83	92.47
30	1	0.024264192		88	92.4
31	1	0.014678122		3392	81.32
32	1	0.002805836		3380	81.37
33	1	0.0		3392	81.32
34	1	0.0		69	96.75
35	1	0.41005525		3470	81.3
36	1	5.6116725E-4		84	92.46
37	1	6.9516856E-4		88	92.4
38	1	0.0		88	92.4
39	1	0.1286811		92	91.98
40	1	7.349594E-4		83	92.47
41	1	3.4758428E-4		79	92.53
42	1	0.0		83	92.47
43	1	1.7379214E-4		84	92.46
44	1	0.0033670033		79	92.53
45	1	0.5112965		93	89.69
46	1	6.9516856E-4		83	92.47
47	1	0.0		69	96.75
48	1	0.082491584		3035	88.6
49	1	0.1285073		93	89.69
50	1	0.004518596		3380	81.37
51	1	0.0		79	92.53
52	1	1.7379214E-4		93	89.69
53	1	0.5112965		3035	88.6
54	1	0.03169337		69	96.75
55	1	0.0		88	92.4
56	1	0.0		3380	81.37
57	1	0.0		88	92.4
58	1	6.9516856E-4		84	92.46
59	1	0.30399346		3380	81.37


Run no: 6
0	1	1000.0		2967	79.34
1	1	1000.0		74	90.0
2	1	0.0		74	90.0
3	1	0.0		2967	79.34
4	1	0.0		812	84.74
5	1	0.76178706		812	84.74
6	1	0.30004072		91	87.14
7	1	0.0018761726		78	89.98
8	1	0.11563429		231	85.45
9	1	0.15391263		391	85.33
10	1	0.0		725	84.92
11	1	0.0		176	86.48
12	1	0.05530591		391	85.33
13	1	0.011257036		391	85.33
14	1	0.016885553		725	84.92
15	1	0.036585364		102	86.87
16	1	0.0		176	86.48
17	1	0.5065666		812	84.74
18	1	0.0		725	84.92
19	1	0.0		176	86.48
20	1	0.025578983		102	86.87
21	1	0.0038022813		102	86.87
22	1	0.019011406		176	86.48
23	1	0.0		231	85.45
24	1	0.030072588		725	84.92
25	1	0.0		812	84.74
26	1	0.05530591		231	85.45
27	1	0.0013826478		78	89.98
28	1	0.0		102	86.87
29	1	0.26641652		78	89.98
30	1	0.0018761726		74	90.0
31	1	0.0044936053		78	89.98
32	1	0.7449015		2967	79.34
33	1	0.0		74	90.0
34	1	0.030072588		812	84.74
35	1	1000.5066		2967	79.34
36	1	0.0		78	89.98
37	1	0.0		725	84.92
38	1	0.011257036		231	85.45
39	1	0.09662289		176	86.48
40	1	0.0		231	85.45
41	1	0.0		725	84.92
42	1	0.0		725	84.92
43	1	0.0		74	90.0
44	1	0.15391263		725	84.92
45	1	0.0		176	86.48
46	1	0.0		102	86.87
47	1	0.0		176	86.48
48	1	0.0		102	86.87
49	1	0.0		78	89.98
50	1	0.0		74	90.0
51	1	0.0		74	90.0
52	1	0.062164348		176	86.48
53	1	0.0		74	90.0
54	1	0.02532833		102	86.87
55	1	0.0		74	90.0
56	1	0.0		74	90.0
57	1	0.0		74	90.0
58	1	0.0		74	90.0
59	1	1000.0014		74	90.0


Run no: 7
0	1	2000.0		2516	82.0
1	1	1000.0		65	94.42
2	1	0.002415459		65	94.42
3	1	1.3950975		455	88.59
4	1	0.22088392		384	89.35
5	1	0.0012239902		83	94.19
6	1	0.010466989		86	91.98
7	1	0.11680138		98	91.6
8	1	0.0020399836		114	90.08
9	1	0.0080515295		105	90.33
10	1	0.16893528		114	90.08
11	1	0.0012239902		387	88.72
12	1	0.010564554		405	88.63
13	1	0.017735047		69	94.39
14	1	0.18365076		83	94.19
15	1	0.012109816		95	91.73
16	1	0.0		114	90.08
17	1	0.0020399836		109	90.23
18	1	0.011690979		95	91.73
19	1	0.009661836		89	91.85
20	1	0.0		89	91.85
21	1	0.0		86	91.98
22	1	0.10225443		105	90.33
23	1	0.0		109	90.23
24	1	0.020399837		405	88.63
25	1	0.007246377		387	88.72
26	1	0.0		405	88.63
27	1	0.0		83	94.19
28	1	0.002415459		69	94.39
29	1	0.0		405	88.63
30	1	0.002855977		105	90.33
31	1	0.0012239902		89	91.85
32	1	0.005711954		69	94.39
33	1	0.012077294		114	90.08
34	1	0.012077294		109	90.23
35	1	0.0		105	90.33
36	1	0.0		109	90.23
37	1	0.0		65	94.42
38	1	0.1791628		86	91.98
39	1	0.0		387	88.72
40	1	0.0		86	91.98
41	1	0.0		83	94.19
42	1	0.0		65	94.42
43	1	0.007246377		405	88.63
44	1	0.0		114	90.08
45	1	0.0073439414		387	88.72
46	1	0.0		69	94.39
47	1	0.0		109	90.23
48	1	0.0		114	90.08
49	1	0.0012239902		86	91.98
50	1	0.0024479805		89	91.85
51	1	0.050724637		387	88.72
52	1	0.0016319869		105	90.33
53	1	0.0016319869		109	90.23
54	1	0.0		69	94.39
55	1	0.0		69	94.39
56	1	0.0080515295		109	90.23
57	1	0.010466989		89	91.85
58	1	0.016103059		83	94.19
59	1	1000.00165		65	94.42


Run no: 8
0	1	1000.0		4093	81.46
1	1	1000.0		58	90.57
2	1	0.007683864		58	90.57
3	1	0.0		4093	81.46
4	1	0.3809001		2867	83.2
5	1	0.0		519	86.67
6	1	0.017843867		2867	83.2
7	1	0.9628084		519	86.67
8	1	0.24663286		3734	82.61
9	1	0.050774712		2939	82.91
10	1	0.22901805		215	88.07
11	1	0.22803216		64	89.07
12	1	0.19853042		3923	81.69
13	1	0.22901805		519	86.67
14	1	0.025494812		63	90.27
15	1	0.1311521		3788	82.58
16	1	0.0		519	86.67
17	1	0.035687733		208	88.52
18	1	0.05113109		215	88.07
19	1	0.22885919		2939	82.91
20	1	0.0		208	88.52
21	1	0.0		4093	81.46
22	1	0.0133829		3788	82.58
23	1	0.062108036		208	88.52
24	1	0.61374146		2867	83.2
25	1	0.008427358		60	90.5
26	1	7.434944E-4		63	90.27
27	1	1000.0		4093	81.46
28	1	0.0		3788	82.58
29	1	0.025742644		60	90.5
30	1	0.0		58	90.57
31	1	0.04939627		208	88.52
32	1	0.13172337		63	90.27
33	1	0.0		58	90.57
34	1	0.0		4093	81.46
35	1	0.0		58	90.57
36	1	0.0		519	86.67
37	1	0.0		519	86.67
38	1	0.0		519	86.67
39	1	0.0		3788	82.58
40	1	0.0		4093	81.46
41	1	0.0		3788	82.58
42	1	0.0		4093	81.46
43	1	0.0		519	86.67
44	1	0.0		208	88.52
45	1	0.0		2867	83.2
46	1	0.0		58	90.57
47	1	0.0		3788	82.58
48	1	0.0		58	90.57
49	1	0.0		58	90.57
50	1	0.0		519	86.67
51	1	0.04213135		4093	81.46
52	1	0.0		3788	82.58
53	1	0.025246982		4093	81.46
54	1	0.0		58	90.57
55	1	0.0		58	90.57
56	1	0.0032930844		3788	82.58
57	1	0.0		58	90.57
58	1	0.0		58	90.57
59	1	1000.0005		58	90.57


Run no: 9
0	1	2000.0		6658	73.83
1	1	1000.02246		73	90.73
2	1	0.0		73	90.73
3	1	1.0861928		2917	82.85
4	1	0.58602977		175	85.6
5	1	0.038540166		4472	77.62
6	1	0.0		6629	75.53
7	1	0.0		4452	78.22
8	1	0.00295858		149	85.65
9	1	0.0		98	90.14
10	1	0.0		4452	78.22
11	1	0.0		6629	75.53
12	1	0.12366864		4472	77.62
13	1	0.100701794		6647	74.3
14	1	0.07278106		6629	75.53
15	1	0.32756263		4472	77.62
16	1	0.23310554		4452	78.22
17	1	0.004293872		6657	73.9
18	1	0.0010630221		80	90.35
19	1	0.0		73	90.73
20	1	0.007744875		98	90.14
21	1	0.010090622		93	90.25
22	1	0.27342534		149	85.65
23	1	0.0		6657	73.9
24	1	0.0		90	90.29
25	1	0.0		149	85.65
26	1	0.0		80	90.35
27	1	0.2770017		4452	78.22
28	1	0.0		4472	77.62
29	1	0.0		149	85.65
30	1	0.45123127		6629	75.53
31	1	4.5558086E-4		90	90.29
32	1	0.0		6657	73.9
33	1	0.003550296		80	90.35
34	1	0.003550296		90	90.29
35	1	0.0015186028		80	90.35
36	1	0.0		73	90.73
37	1	7.593014E-4		98	90.14
38	1	0.0		6657	73.9
39	1	0.03550296		4452	78.22
40	1	0.0039483677		149	85.65
41	1	0.0065088756		98	90.14
42	1	0.0		4452	78.22
43	1	0.0		4472	77.62
44	1	0.0		4452	78.22
45	1	0.0		73	90.73
46	1	0.0		149	85.65
47	1	0.26568046		98	90.14
48	1	0.0		98	90.14
49	1	0.0015186028		6657	73.9
50	1	0.0		80	90.35
51	1	0.0038854668		90	90.29
52	1	0.0		4452	78.22
53	1	0.0027334853		6629	75.53
54	1	0.0		90	90.29
55	1	0.0		90	90.29
56	1	0.02366864		6657	73.9
57	1	0.022485208		80	90.35
58	1	0.0		73	90.73
59	1	1000.00104		73	90.73


Run no: 10
0	1	2000.0		4482	75.31
1	1	1000.0		69	98.86
2	1	0.0		69	98.86
3	1	1.185231		206	82.47
4	1	0.0042462847		3800	79.32
5	1	0.26161933		4171	75.62
6	1	0.23399019		3851	78.7
7	1	0.0		168	87.85
8	1	0.0064265826		73	98.73
9	1	0.10627142		81	94.26
10	1	0.0029458418		3800	79.32
11	1	0.1046852		82	91.8
12	1	0.18980892		81	94.26
13	1	0.0013596193		168	87.85
14	1	0.0		162	90.25
15	1	0.015039526		4419	75.57
16	1	0.03881468		107	91.36
17	1	0.03788373		3813	79.22
18	1	0.0015862226		114	90.71
19	1	0.012916383		4476	75.53
20	1	0.0		131	90.35
21	1	0.05789611		4419	75.57
22	1	0.0050955415		87	91.48
23	1	0.0		82	91.8
24	1	0.011154652		123	90.57
25	1	0.0		4482	75.31
26	1	0.008610922		168	87.85
27	1	0.10327045		162	90.25
28	1	0.18980892		73	98.73
29	1	0.0011330161		87	91.48
30	1	0.002039429		123	90.57
31	1	0.027600849		114	90.71
32	1	0.0055201696		69	98.86
33	1	0.018120175		87	91.48
34	1	0.0		131	90.35
35	1	0.0		162	90.25
36	1	0.009341826		4476	75.53
37	1	0.9481699		3800	79.32
38	1	0.0079842275		114	90.71
39	1	0.0059447982		123	90.57
40	1	2.2660322E-4		81	94.26
41	1	0.00605911		131	90.35
42	1	0.0		73	98.73
43	1	0.0		123	90.57
44	1	0.0		114	90.71
45	1	0.010701445		4482	75.31
46	1	0.0070247		162	90.25
47	1	1000.0009		69	98.86
48	1	0.01358811		82	91.8
49	1	0.2284501		168	87.85
50	1	0.0018128258		73	98.73
51	1	0.0		3800	79.32
52	1	0.0		87	91.48
53	1	0.0011330161		82	91.8
54	1	0.0		4476	75.53
55	1	0.0030581332		4476	75.53
56	1	0.10191083		168	87.85
57	1	0.0042462847		162	90.25
58	1	0.0		131	90.35
59	1	0.016366526		131	90.35


Run no: 11
0	1	2000.0		3960	78.99
1	1	1000.0		69	99.34
2	1	1000.0		69	99.34
3	1	1.0851338		102	85.73
4	1	1.0665034		3557	83.45
5	1	0.46339068		85	96.83
6	1	0.46339068		90	87.4
7	1	0.25621945		3901	80.31
8	1	0.10859951		3638	82.52
9	1	0.10859951		69	99.34
10	1	0.10859951		70	97.13
11	1	0.08206388		90	87.4
12	1	0.067591876		3638	82.52
13	1	0.06651752		3638	82.52
14	1	0.0077184355		79	97.07
15	1	0.007673223		85	96.83
16	1	0.0063882065		83	96.96
17	1	0.0059194122		83	96.96
18	1	0.0039764163		79	97.07
19	1	0.00308404		90	87.4
20	1	0.002948403		70	97.13
21	1	0.0023130302		70	97.13
22	1	0.0012850167		90	87.4
23	1	0.0010280134		83	96.96
24	1	5.140067E-4		85	96.83
25	1	2.5700335E-4		70	97.13
26	1	2.5700335E-4		69	99.34
27	1	0.0		69	99.34
28	1	0.0		85	96.83
29	1	0.0		70	97.13
30	1	0.0		69	99.34
31	1	0.0		90	87.4
32	1	0.0		85	96.83
33	1	0.0		83	96.96
34	1	0.0		79	97.07
35	1	0.0		83	96.96
36	1	0.0		70	97.13
37	1	0.0		79	97.07
38	1	0.0		79	97.07
39	1	0.0		70	97.13
40	1	0.0		90	87.4
41	1	0.0		85	96.83
42	1	0.0		85	96.83
43	1	0.0		90	87.4
44	1	0.0		70	97.13
45	1	0.0		69	99.34
46	1	0.0		83	96.96
47	1	0.0		83	96.96
48	1	0.0		85	96.83
49	1	0.0		69	99.34
50	1	0.0		69	99.34
51	1	0.0		85	96.83
52	1	0.0		69	99.34
53	1	0.0		90	87.4
54	1	0.0		83	96.96
55	1	0.0		90	87.4
56	1	0.0		83	96.96
57	1	0.0		83	96.96
58	1	0.0		85	96.83
59	1	0.0		69	99.34


Run no: 12
0	1	2000.0		4214	80.23
1	1	1000.0		66	96.56
2	1	0.0		66	96.56
3	1	0.0		363	83.09
4	1	0.8529605		3896	80.25
5	1	0.027556645		69	96.11
6	1	0.0		86	91.89
7	1	0.0		87	89.84
8	1	0.0		336	86.49
9	1	0.0012054002		363	83.09
10	1	0.0		3896	80.25
11	1	0.12553583		86	91.89
12	1	0.20514391		87	89.84
13	1	0.04368066		347	84.18
14	1	0.0		343	85.98
15	1	0.07666345		3896	80.25
16	1	0.06309078		336	86.49
17	1	0.06002893		87	89.84
18	1	0.1111909		347	84.18
19	1	0.0		358	83.51
20	1	9.6432015E-4		343	85.98
21	1	0.0		358	83.51
22	1	9.6432015E-4		340	86.44
23	1	7.2324014E-4		69	96.11
24	1	1000.0		66	96.56
25	1	1.0256488		363	83.09
26	1	2.4108004E-4		86	91.89
27	1	0.0		69	96.11
28	1	0.028169014		340	86.44
29	1	0.0		336	86.49
30	1	0.0		3896	80.25
31	1	0.025719535		358	83.51
32	1	0.0		340	86.44
33	1	0.20514391		336	86.49
34	1	0.0		343	85.98
35	1	0.0		66	96.56
36	1	0.0		86	91.89
37	1	0.0		87	89.84
38	1	0.027556645		66	96.56
39	1	0.0040983604		86	91.89
40	1	0.25842008		69	96.11
41	1	0.1257769		87	89.84
42	1	0.0		336	86.49
43	1	0.17391305		3896	80.25
44	1	0.25842008		86	91.89
45	1	0.0		87	89.84
46	1	0.028892254		343	85.98
47	1	0.0		87	89.84
48	1	0.0		336	86.49
49	1	0.11022658		343	85.98
50	1	0.0030618494		340	86.44
51	1	0.0		69	96.11
52	1	7.2324014E-4		66	96.56
53	1	0.025719535		363	83.09
54	1	0.0026518805		358	83.51
55	1	0.0040983604		69	96.11
56	1	9.6432015E-4		336	86.49
57	1	7.2324014E-4		340	86.44
58	1	0.0		358	83.51
59	1	0.042234182		358	83.51


Run no: 13
0	1	2000.0		58	94.36
1	1	0.18357934		58	94.36
2	1	2000.0		509	83.52
3	1	0.0		509	83.52
4	1	0.0		504	83.59
5	1	0.0		113	85.55
6	1	0.13975298		83	91.48
7	1	0.0064575644		109	86.3
8	1	0.015521064		65	92.37
9	1	0.0064575644		504	83.59
10	1	0.015521064		58	94.36
11	1	0.0		113	85.55
12	1	0.0		83	91.48
13	1	0.0		65	92.37
14	1	0.062730625		111	86.23
15	1	0.0		113	85.55
16	1	0.0		109	86.3
17	1	0.0		83	91.48
18	1	0.18357934		65	92.37
19	1	0.011086474		509	83.52
20	1	0.18081181		504	83.59
21	1	0.0		111	86.23
22	1	0.0		109	86.3
23	1	0.0		509	83.52
24	1	0.0044345898		111	86.23
25	1	0.0		113	85.55
26	1	0.0		111	86.23
27	1	0.05764967		109	86.3
28	1	0.8669623		113	85.55
29	1	0.0		504	83.59
30	1	0.0		83	91.48
31	1	0.0		109	86.3
32	1	0.0		113	85.55
33	1	0.0		65	92.37
34	1	0.011086474		504	83.59
35	1	0.51777107		83	91.48
36	1	0.0		65	92.37
37	1	0.1852464		113	85.55
38	1	0.0		109	86.3
39	1	0.0		509	83.52
40	1	0.08210332		65	92.37
41	1	0.8669623		504	83.59
42	1	0.0		504	83.59
43	1	0.0		109	86.3
44	1	0.0		109	86.3
45	1	0.0		111	86.23
46	1	0.0		113	85.55
47	1	0.0		504	83.59
48	1	0.0		504	83.59
49	1	0.0		109	86.3
50	1	0.0064575644		509	83.52
51	1	0.0044345898		111	86.23
52	1	0.0		111	86.23
53	1	0.0		65	92.37
54	1	0.0		83	91.48
55	1	0.0		109	86.3
56	1	0.039911307		65	92.37
57	1	0.062730625		113	85.55
58	1	0.0064575644		111	86.23
59	1	0.48229438		109	86.3


Run no: 14
0	1	0.14962791		6745	80.01
1	1	0.12020104		6745	80.01
2	1	1000.0		76	97.22
3	1	0.0		76	97.22
4	1	0.084690616		3715	84.44
5	1	0.38045436		5131	83.82
6	1	0.102084205		5853	81.99
7	1	0.62927353		76	97.22
8	1	0.0		76	97.22
9	1	0.0		76	97.22
10	1	1.1907197		79	85.44
11	1	0.0		76	97.22
12	1	0.0		76	97.22
13	1	0.0		76	97.22
14	1	0.0		6745	80.01
15	1	2000.0		7239	78.5
16	1	0.2308022		3939	84.11
17	1	0.5252367		3715	84.44
18	1	0.0		7239	78.5
19	1	0.0		76	97.22
20	1	0.14962791		7239	78.5
21	1	0.23029806		5884	80.04
22	1	0.0		76	97.22
23	1	0.20496242		5853	81.99
24	1	0.0016025641		6745	80.01
25	1	1000.0004		76	97.22
26	2	2000.0		79	96.65
27	2	2000.0		6719	80.1
28	2	0.66862917		741	87.47
29	2	0.48373494		3953	84.41
30	2	0.35225904		6292	81.95
31	2	0.35225904		3953	84.41
32	2	0.21782386		81	96.19
33	2	0.21752267		85	92.59
34	2	0.21294771		6292	81.95
35	2	0.18489426		3953	84.41
36	2	0.14864048		3953	84.41
37	2	0.13488106		95	90.43
38	2	0.13201962		85	92.59
39	2	0.11178248		6292	81.95
40	2	0.101132475		124	90.0
41	2	0.081857644		707	88.08
42	2	0.07673716		623	89.35
43	2	0.0751506		623	89.35
44	2	0.05192553		623	89.35
45	2	0.04950861		707	88.08
46	2	0.043642394		124	90.0
47	2	0.036858007		741	87.47
48	2	0.028396972		81	96.19
49	2	0.027487896		95	90.43
50	2	0.005120482		741	87.47
51	2	6.0240965E-4		85	92.59
52	2	0.0		6292	81.95
53	2	0.0		6292	81.95
54	2	0.0		707	88.08
55	2	0.0		81	96.19
56	2	0.0		707	88.08
57	2	0.0		3953	84.41
58	2	0.0		6292	81.95
59	2	0.0		3953	84.41


Run no: 15
0	1	2000.0		4485	83.27
1	1	1000.0		72	110.67
2	1	1000.0		72	110.67
3	1	1.0656556		412	87.18
4	1	0.3240876		74	103.93
5	1	0.3240876		78	95.05
6	1	0.2459854		74	103.93
7	1	0.2459854		72	110.67
8	1	0.23833531		85	92.05
9	1	0.2136875		104	87.89
10	1	0.08175182		83	94.29
11	1	0.061862677		377	87.55
12	1	0.027737226		78	95.05
13	1	0.027737226		83	94.29
14	1	0.01671422		104	87.89
15	1	0.012408759		377	87.55
16	1	0.012069929		390	87.3
17	1	0.009124087		377	87.55
18	1	0.0049972627		404	87.25
19	1	0.0043675704		412	87.18
20	1	0.0043675704		404	87.25
21	1	0.003172445		390	87.3
22	1	0.0029458418		377	87.55
23	1	0.0018248175		390	87.3
24	1	0.0011330161		78	95.05
25	1	0.0011330161		83	94.29
26	1	9.064129E-4		74	103.93
27	1	9.064129E-4		78	95.05
28	1	4.5320645E-4		83	94.29
29	1	4.5320645E-4		74	103.93
30	1	4.5320645E-4		72	110.67
31	1	0.0		72	110.67
32	1	0.0		377	87.55
33	1	0.0		78	95.05
34	1	0.0		377	87.55
35	1	0.0		412	87.18
36	1	0.0		83	94.29
37	1	0.0		78	95.05
38	1	0.0		78	95.05
39	1	0.0		377	87.55
40	1	0.0		83	94.29
41	1	0.0		74	103.93
42	1	0.0		72	110.67
43	1	0.0		412	87.18
44	1	0.0		78	95.05
45	1	0.0		390	87.3
46	1	0.0		390	87.3
47	1	0.0		377	87.55
48	1	0.0		74	103.93
49	1	0.0		390	87.3
50	1	0.0		74	103.93
51	1	0.0		390	87.3
52	1	0.0		78	95.05
53	1	0.0		83	94.29
54	1	0.0		83	94.29
55	1	0.0		72	110.67
56	1	0.0		72	110.67
57	1	0.0		72	110.67
58	1	0.0		83	94.29
59	1	0.0		390	87.3


Run no: 16
0	1	2000.0		4648	81.28
1	1	2000.0		70	97.89
2	1	0.10836846		70	97.89
3	1	0.6418963		2713	86.16
4	1	0.11366957		469	87.99
5	1	0.41940174		2804	85.8
6	1	0.09408792		3842	83.29
7	1	0.24930005		89	92.11
8	1	0.0		88	95.59
9	1	0.20298293		4410	82.69
10	1	0.16019447		4168	82.91
11	1	0.49077243		469	87.99
12	1	0.0		75	96.09
13	1	0.0		70	97.89
14	1	0.22673656		3842	83.29
15	1	0.0		400	90.28
16	1	0.09271523		402	88.74
17	1	0.0		397	90.5
18	1	0.04215815		204	91.87
19	1	0.04215815		397	90.5
20	1	0.02512014		204	91.87
21	1	0.0		409	88.25
22	1	0.002839668		88	95.59
23	1	0.0		75	96.09
24	1	0.031029353		402	88.74
25	1	0.0		204	91.87
26	1	0.0		409	88.25
27	1	0.009611184		453	88.0
28	1	0.014449127		204	91.87
29	1	0.09337054		400	90.28
30	1	0.08313574		397	90.5
31	1	6.0204696E-4		453	88.0
32	1	0.0		453	88.0
33	1	0.030102348		88	95.59
34	1	0.00109218		75	96.09
35	1	4.36872E-4		402	88.74
36	1	0.030102348		75	96.09
37	1	0.0		70	97.89
38	1	0.013681905		400	90.28
39	1	0.003494976		453	88.0
40	1	0.20973077		88	95.59
41	1	0.00109218		70	97.89
42	1	0.0		204	91.87
43	1	0.1511138		3842	83.29
44	1	0.08248043		204	91.87
45	1	0.0		75	96.09
46	1	0.015051174		409	88.25
47	1	0.0		409	88.25
48	1	0.0		400	90.28
49	1	0.009611184		409	88.25
50	1	0.001529052		409	88.25
51	1	0.0		75	96.09
52	1	0.0		453	88.0
53	1	0.013245033		397	90.5
54	1	0.0		204	91.87
55	1	0.0		397	90.5
56	1	0.015051174		453	88.0
57	1	0.0		409	88.25
58	1	0.029500302		409	88.25
59	1	0.11120812		75	96.09


Run no: 17
0	1	2000.0		6256	78.07
1	1	1000.0		78	91.36
2	1	0.0		78	91.36
3	1	0.6347664		96	87.88
4	1	0.032355156		3139	85.99
5	1	0.68398887		4257	82.86
6	1	0.08842598		4257	82.86
7	1	0.08842598		3892	83.25
8	1	0.1535918		3143	85.56
9	1	0.0016186468		93	88.63
10	1	0.036117382		83	90.88
11	1	0.17446236		3143	85.56
12	1	0.29505154		3892	83.25
13	1	0.0		3139	85.99
14	1	0.056919		96	87.88
15	1	0.0		93	88.63
16	1	0.0		83	90.88
17	1	0.0		78	91.36
18	1	0.0		3139	85.99
19	1	0.05643341		93	88.63
20	1	0.0		83	90.88
21	1	0.0		83	90.88
22	1	0.0		78	91.36
23	1	0.0		93	88.63
24	1	0.0		78	91.36
25	1	0.49255422		3139	85.99
26	1	0.0		3139	85.99
27	1	0.0		93	88.63
28	1	0.0		78	91.36
29	1	0.0016186468		83	90.88
30	1	0.0		3139	85.99
31	1	0.17010956		83	90.88
32	1	0.0		78	91.36
33	1	0.0		3139	85.99
34	1	0.0		93	88.63
35	1	0.0		3139	85.99
36	1	0.0		3139	85.99
37	1	0.0		93	88.63
38	1	0.036117382		78	91.36
39	1	0.0		93	88.63
40	1	0.0		93	88.63
41	1	0.0		78	91.36
42	1	0.0		78	91.36
43	1	0.0		93	88.63
44	1	0.0		93	88.63
45	1	0.0		93	88.63
46	1	0.0		93	88.63
47	1	0.0		93	88.63
48	1	1000.0008		78	91.36
49	1	0.14285965		3139	85.99
50	1	0.0		93	88.63
51	1	0.0		93	88.63
52	1	0.0		93	88.63
53	1	0.0		93	88.63
54	1	0.0		93	88.63
55	1	0.0		93	88.63
56	1	0.0		93	88.63
57	1	0.0		93	88.63
58	1	0.0		93	88.63
59	1	0.16978581		93	88.63


Run no: 18
0	1	2000.0		4235	80.13
1	1	1000.0		70	105.13
2	1	1000.0		70	105.13
3	1	1.0663092		4118	80.81
4	1	0.945018		182	82.46
5	1	0.24184681		126	82.84
6	1	0.2264		76	98.1
7	1	0.2264		81	92.44
8	1	0.21320143		111	88.08
9	1	0.19536038		73	104.83
10	1	0.1824		74	100.27
11	1	0.11392077		92	92.14
12	1	0.112		94	89.34
13	1	0.0870401		74	100.27
14	1	0.0868		76	98.1
15	1	0.07944538		182	82.46
16	1	0.0444		96	89.19
17	1	0.0444		111	88.08
18	1	0.0152		182	82.46
19	1	0.012		70	105.13
20	1	0.01		81	92.44
21	1	0.01		84	92.19
22	1	0.00960144		96	89.19
23	1	0.006		94	89.34
24	1	0.0036014405		111	88.08
25	1	0.002480192		92	92.14
26	1	0.002		84	92.19
27	1	0.0019207683		84	92.19
28	1	0.0012004802		81	92.44
29	1	0.0012004802		76	98.1
30	1	7.2028814E-4		84	92.19
31	1	7.2028814E-4		81	92.44
32	1	7.2028814E-4		70	105.13
33	1	4.8019207E-4		74	100.27
34	1	4.8019207E-4		96	89.19
35	1	4.8019207E-4		94	89.34
36	1	4.8019207E-4		76	98.1
37	1	4.8019207E-4		94	89.34
38	1	0.0		70	105.13
39	1	0.0		111	88.08
40	1	0.0		70	105.13
41	1	0.0		182	82.46
42	1	0.0		182	82.46
43	1	0.0		94	89.34
44	1	0.0		96	89.19
45	1	0.0		96	89.19
46	1	0.0		111	88.08
47	1	0.0		84	92.19
48	1	0.0		92	92.14
49	1	0.0		74	100.27
50	1	0.0		84	92.19
51	1	0.0		74	100.27
52	1	0.0		76	98.1
53	1	0.0		92	92.14
54	1	0.0		81	92.44
55	1	0.0		76	98.1
56	1	0.0		92	92.14
57	1	0.0		94	89.34
58	1	0.0		70	105.13
59	1	0.0		76	98.1


Run no: 19
0	1	1000.0		6110	80.25
1	1	1000.0		74	90.53
2	1	0.0		74	90.53
3	1	1.2755632		229	87.53
4	1	1.2094064		3816	81.23
5	1	0.37872764		6110	80.25
6	1	9.7276265E-4		3824	81.22
7	1	0.0		107	88.17
8	1	0.09568336		3824	81.22
9	1	0.0		127	88.06
10	1	0.0		127	88.06
11	1	0.068455026		127	88.06
12	1	0.0		107	88.17
13	1	0.0		107	88.17
14	1	0.0		74	90.53
15	1	0.0		127	88.06
16	1	0.37872764		3824	81.22
17	1	1000.09436		6110	80.25
18	1	0.0		74	90.53
19	1	0.0		107	88.17
20	1	0.016167587		107	88.17
21	1	0.0		127	88.06
22	1	0.0		127	88.06
23	1	0.0		74	90.53
24	1	1000.0		74	90.53
25	1	0.0		127	88.06
26	1	0.0		107	88.17
27	1	0.0		107	88.17
28	1	0.014013842		127	88.06
29	1	0.0		107	88.17
30	1	0.0		107	88.17
31	1	0.22957198		74	90.53
32	1	0.0		107	88.17
33	1	0.0		107	88.17
34	1	0.0		107	88.17
35	1	0.0		107	88.17
36	1	0.0		107	88.17
37	1	0.0		107	88.17
38	1	0.0		107	88.17
39	1	0.0		107	88.17
40	1	0.0		107	88.17
41	1	0.0		107	88.17
42	1	0.0		107	88.17
43	1	0.0		107	88.17
44	1	0.0		107	88.17
45	1	0.0		107	88.17
46	1	0.0		107	88.17
47	1	0.0		107	88.17
48	1	0.0		107	88.17
49	1	0.0		107	88.17
50	1	0.0		107	88.17
51	1	0.0		107	88.17
52	1	0.0		107	88.17
53	1	0.0		107	88.17
54	1	0.0		107	88.17
55	1	0.0		107	88.17
56	1	0.0		107	88.17
57	1	0.0		107	88.17
58	1	0.005467197		74	90.53
59	1	0.23288544		107	88.17


Run no: 20
0	1	1000.0		5189	78.43
1	1	1000.0		69	88.98
2	1	0.27089843		5189	78.43
3	1	0.029383887		69	88.98
4	1	0.83124816		3802	78.95
5	1	0.4265921		2646	82.27
6	1	0.4040099		627	82.3
7	1	0.28625593		2651	81.97
8	1	1000.0493		5189	78.43
9	1	0.26045617		129	86.68
10	1	0.0		189	84.16
11	1	0.0		2651	81.97
12	1	0.0		189	84.16
13	1	7.8125E-4		217	82.77
14	1	0.0		72	88.67
15	1	0.0		81	87.3
16	1	0.0		221	82.62
17	1	0.0066350712		626	82.37
18	1	0.00234375		81	87.3
19	1	0.00234375		93	86.71
20	1	0.0		69	88.98
21	1	0.029383887		72	88.67
22	1	0.22480468		2651	81.97
23	1	0.0		221	82.62
24	1	1.953125E-4		626	82.37
25	1	0.023696683		221	82.62
26	1	0.13175355		217	82.77
27	1	0.01171875		189	84.16
28	1	0.0		93	86.71
29	1	0.102798246		626	82.37
30	1	0.0		217	82.77
31	1	0.0		93	86.71
32	1	0.05592417		93	86.71
33	1	5.859375E-4		72	88.67
34	1	0.0		81	87.3
35	1	9.765625E-4		2651	81.97
36	1	0.0		217	82.77
37	1	0.014218009		221	82.62
38	1	0.0		626	82.37
39	1	0.0		69	88.98
40	1	0.0		2651	81.97
41	1	0.13175355		189	84.16
42	1	0.05768198		81	87.3
43	1	0.019686759		217	82.77
44	1	0.0		189	84.16
45	1	0.0		72	88.67
46	1	7.8125E-4		221	82.62
47	1	0.12985782		81	87.3
48	1	0.0		93	86.71
49	1	1000.0006		69	88.98
50	1	0.13161564		72	88.67
51	1	0.0		626	82.37
52	1	0.07910156		221	82.62
53	1	0.0		189	84.16
54	1	0.009874851		93	86.71
55	1	0.0		217	82.77
56	1	0.0		217	82.77
57	1	0.0		217	82.77
58	1	0.028436018		2651	81.97
59	1	0.24433132		189	84.16


Run no: 21
0	1	1000.0		3470	81.06
1	1	1000.0019		70	96.85
2	1	0.0		70	96.85
3	1	0.0		3470	81.06
4	1	0.0		2586	89.33
5	1	0.0		133	89.98
6	1	0.69674885		2642	86.53
7	1	0.33959952		3364	81.66
8	1	0.037998732		3364	81.66
9	1	2.9411764E-4		84	93.47
10	1	5.8823527E-4		83	96.37
11	1	0.17597288		2610	89.16
12	1	0.0020588236		91	92.32
13	1	0.041165296		133	89.98
14	1	0.0		91	92.32
15	1	0.0		84	93.47
16	1	0.0		3364	81.66
17	1	0.010766308		2586	89.33
18	1	0.0		133	89.98
19	1	1000.0		3470	81.06
20	1	0.030557873		81	96.8
21	1	0.0		83	96.37
22	1	0.01782513		2610	89.16
23	1	0.0		133	89.98
24	1	0.14819506		91	92.32
25	1	0.0		76	96.82
26	1	0.0		70	96.85
27	1	0.0		76	96.82
28	1	1000.0		70	96.85
29	1	0.0036646426		76	96.82
30	1	0.0012666244		76	96.82
31	1	0.0		83	96.37
32	1	0.0		84	93.47
33	1	0.0		83	96.37
34	1	0.0		70	96.85
35	1	0.0		3470	81.06
36	1	0.0070588235		2586	89.33
37	1	0.0		83	96.37
38	1	0.0		84	93.47
39	1	0.012352942		133	89.98
40	1	0.0		3470	81.06
41	1	0.0		2586	89.33
42	1	0.0		133	89.98
43	1	0.21235295		3364	81.66
44	1	0.0		83	96.37
45	1	0.0		133	89.98
46	1	0.07283091		91	92.32
47	1	0.18366055		84	93.47
48	1	0.0		76	96.82
49	1	0.0017647059		70	96.85
50	1	0.0014705883		76	96.82
51	1	0.027232425		83	96.37
52	1	0.18395466		83	96.37
53	1	0.07283091		84	93.47
54	1	0.069175206		3470	81.06
55	1	0.7626359		2586	89.33
56	1	0.0020588236		84	93.47
57	1	0.012352942		91	92.32
58	1	0.0		133	89.98
59	1	0.8696657		133	89.98


Run no: 22
0	1	1000.0		71	101.64
1	1	1000.01807		6112	80.81
2	1	0.0		6112	80.81
3	1	1000.0		71	101.64
4	1	0.69727457		159	90.65
5	1	0.69186145		3615	89.89
6	1	0.43400985		5937	81.35
7	1	0.35934564		74	94.71
8	1	0.0		71	101.64
9	1	0.17666827		4460	85.03
10	1	0.0		4460	85.03
11	1	0.0		4233	86.82
12	1	0.083284944		3628	88.2
13	1	0.01632261		122	92.37
14	1	0.016488148		88	92.71
15	1	0.0021519617		87	94.21
16	1	0.05489286		6003	81.31
17	1	0.039397452		3866	87.44
18	1	0.07588329		3628	88.2
19	1	0.0028804608		3866	87.44
20	1	0.1178821		4233	86.82
21	1	0.0268843		4040	87.38
22	1	0.0		4040	87.38
23	1	0.06528901		3866	87.44
24	1	0.03757656		4233	86.82
25	1	0.0		4040	87.38
26	1	0.024003841		87	94.21
27	1	0.0		6112	80.81
28	1	0.0		6112	80.81
29	1	0.07763973		88	92.71
30	1	0.0061248136		122	92.37
31	1	0.005628207		122	92.37
32	1	0.0		122	92.37
33	1	0.07201152		87	94.21
34	1	0.0		71	101.64
35	1	0.0		6112	80.81
36	1	0.33269322		71	101.64
37	1	0.0		71	101.64
38	1	0.12351031		4460	85.03
39	1	0.0		4233	86.82
40	1	0.0		87	94.21
41	1	0.0		4040	87.38
42	1	0.0		6112	80.81
43	1	0.0		71	101.64
44	1	0.0		71	101.64
45	1	0.0		6112	80.81
46	1	0.24449594		4460	85.03
47	1	0.0		122	92.37
48	1	0.0		4040	87.38
49	1	0.028803179		4040	87.38
50	1	0.08257321		122	92.37
51	1	1000.024		6112	80.81
52	1	0.0		71	101.64
53	1	4.966065E-4		71	101.64
54	1	0.0		122	92.37
55	1	0.0		4233	86.82
56	1	1.655355E-4		87	94.21
57	1	0.0268843		4233	86.82
58	1	0.0		4040	87.38
59	1	0.034828816		4040	87.38


Run no: 23
0	1	2000.0		3469	76.84
1	1	1000.26434		69	98.25
2	1	0.0		69	98.25
3	1	0.0		3469	76.84
4	1	0.0		562	82.97
5	1	0.0		3079	82.31
6	1	0.37019396		3353	76.9
7	1	0.0		71	92.59
8	1	0.0038235295		79	85.1
9	1	0.0		71	92.59
10	1	0.0		69	98.25
11	1	0.99297976		3079	82.31
12	1	0.06969819		141	83.26
13	1	0.15465024		562	82.97
14	1	0.08807031		120	84.62
15	1	0.0		3079	82.31
16	1	0.12382353		141	83.26
17	1	0.034117647		3469	76.84
18	1	0.0		562	82.97
19	1	0.0		3079	82.31
20	1	0.013234332		102	84.9
21	1	0.016019177		102	84.9
22	1	0.0		92	85.07
23	1	0.013545073		141	83.26
24	1	0.0		92	85.07
25	1	0.002352941		79	85.1
26	1	0.0		79	85.1
27	1	0.0		92	85.07
28	1	0.0		3469	76.84
29	1	0.34983653		71	92.59
30	1	0.011763744		92	85.07
31	1	0.0		69	98.25
32	1	0.0		3469	76.84
33	1	0.0		562	82.97
34	1	0.0		3079	82.31
35	1	0.002352941		71	92.59
36	1	0.0014012144		79	85.1
37	1	0.0		562	82.97
38	1	0.0		3079	82.31
39	1	0.0		562	82.97
40	1	0.0		92	85.07
41	1	0.0		3469	76.84
42	1	0.0		92	85.07
43	1	0.08058824		3079	82.31
44	1	0.0		92	85.07
45	1	0.2649507		71	92.59
46	1	0.0		92	85.07
47	1	0.0028024288		3469	76.84
48	1	0.0		69	98.25
49	1	0.7402941		562	82.97
50	1	0.34983653		79	85.1
51	1	1000.0		69	98.25
52	1	0.0		92	85.07
53	1	0.030826716		3079	82.31
54	1	0.0		79	85.1
55	1	0.0		69	98.25
56	1	5.8823527E-4		69	98.25
57	1	0.0		562	82.97
58	1	0.013545073		562	82.97
59	1	0.0043423907		92	85.07


Run no: 24
0	1	1000.0031		73	92.4
1	1	1000.0		3614	80.34
2	1	1000.0		73	92.4
3	1	1000.0		3614	80.34
4	1	0.99152106		150	88.11
5	1	0.8613386		3200	86.54
6	1	0.4859038		3200	86.54
7	1	0.4859038		3462	80.68
8	1	0.20417282		3200	86.54
9	1	0.13794555		88	90.23
10	1	0.13681592		84	91.88
11	1	0.0739904		3462	80.68
12	1	0.06559596		107	89.81
13	1	0.061359867		122	89.07
14	1	0.046542678		122	89.07
15	1	0.04424737		84	91.88
16	1	0.043117743		73	92.4
17	1	0.042925727		3614	80.34
18	1	0.042925727		3462	80.68
19	1	0.04145937		140	88.57
20	1	0.03814262		140	88.57
21	1	0.03814262		150	88.11
22	1	0.028192371		3462	80.68
23	1	0.028192371		3614	80.34
24	1	0.01997262		104	90.01
25	1	0.017430967		107	89.81
26	1	0.012437811		92	90.08
27	1	0.012437811		88	90.23
28	1	0.00665153		104	90.01
29	1	0.005804312		92	90.08
30	1	0.00508331		140	88.57
31	1	0.0042360914		122	89.07
32	1	0.0033888733		92	90.08
33	1	0.0031064672		84	91.88
34	1	0.002824061		150	88.11
35	1	0.002824061		140	88.57
36	1	0.0011296244		88	90.23
37	1	0.0011296244		92	90.08
38	1	0.0		3462	80.68
39	1	0.0		88	90.23
40	1	0.0		3200	86.54
41	1	0.0		84	91.88
42	1	0.0		73	92.4
43	1	0.0		150	88.11
44	1	0.0		3614	80.34
45	1	0.0		104	90.01
46	1	0.0		92	90.08
47	1	0.0		84	91.88
48	1	0.0		73	92.4
49	1	0.0		150	88.11
50	1	0.0		140	88.57
51	1	0.0		88	90.23
52	1	0.0		104	90.01
53	1	0.0		3614	80.34
54	1	0.0		73	92.4
55	1	0.0		3462	80.68
56	1	0.0		73	92.4
57	1	0.0		140	88.57
58	1	0.0		92	90.08
59	1	0.0		104	90.01


Run no: 25
0	1	2000.0		3904	81.68
1	1	1000.17505		72	90.25
2	1	1000.0		72	90.25
3	1	0.9127677		692	85.64
4	1	0.9851131		3443	83.97
5	1	0.31516853		3443	83.97
6	1	0.32078266		692	85.64
7	1	0.25554258		442	87.83
8	1	0.0		72	90.25
9	1	0.07854906		111	88.75
10	1	0.07854906		412	88.63
11	1	0.17502917		111	88.75
12	1	0.0		442	87.83
13	1	2.6096034E-4		420	88.23
14	1	0.0		442	87.83
15	1	0.0		413	88.58
16	1	0.001565762		419	88.28
17	1	0.0		111	88.75
18	1	0.0		412	88.63
19	1	0.0		412	88.63
20	1	0.0058343057		420	88.23
21	1	2.6096034E-4		419	88.28
22	1	0.0		413	88.58
23	1	0.046674445		420	88.23
24	1	0.0		442	87.83
25	1	0.0		419	88.28
26	1	2.6096034E-4		413	88.58
27	1	0.035005834		413	88.58
28	1	0.0		419	88.28
29	1	0.0		420	88.23
30	1	0.0		72	90.25
31	1	0.0057411273		442	87.83
32	1	0.024179786		111	88.75
33	1	0.0		72	90.25
34	1	0.0		442	87.83
35	1	0.0		419	88.28
36	1	0.0		111	88.75
37	1	0.0058343057		412	88.63
38	1	0.0		412	88.63
39	1	0.0		413	88.58
40	1	0.0		420	88.23
41	1	0.0058343057		419	88.28
42	1	0.0		413	88.58
43	1	0.0		412	88.63
44	1	0.0		413	88.58
45	1	0.0		419	88.28
46	1	0.0		420	88.23
47	1	0.0		442	87.83
48	1	0.0		72	90.25
49	1	0.014002333		412	88.63
50	1	0.065240085		442	87.83
51	1	0.0057411273		420	88.23
52	1	0.046674445		442	87.83
53	1	0.035005834		419	88.28
54	1	0.0		413	88.58
55	1	0.0		412	88.63
56	1	0.010177453		72	90.25
57	1	2.6096034E-4		412	88.63
58	1	0.0		413	88.58
59	1	0.0074000675		413	88.58


Run no: 26
0	1	2000.0		4134	80.67
1	1	1000.0005		73	93.73
2	1	1000.0		73	93.73
3	1	0.5814148		4124	83.3
4	1	0.5331199		233	89.97
5	1	0.5331199		2398	85.28
6	1	0.47247377		2600	83.33
7	1	0.39358607		2398	85.28
8	1	0.3591118		233	89.97
9	1	0.19905232		2538	84.37
10	1	0.18270136		75	93.32
11	1	0.18220887		80	90.95
12	1	0.071948536		83	90.02
13	1	0.0712098		80	90.95
14	1	0.06967841		2398	85.28
15	1	0.036936715		83	90.02
16	1	0.036936715		233	89.97
17	1	0.03139357		75	93.32
18	1	0.03139357		73	93.73
19	1	0.0038284839		83	90.02
20	1	0.0038284839		233	89.97
21	1	0.0012312238		80	90.95
22	1	4.9248955E-4		75	93.32
23	1	0.0		73	93.73
24	1	0.0		2398	85.28
25	1	0.0		233	89.97
26	1	0.0		80	90.95
27	1	0.0		2398	85.28
28	1	0.0		80	90.95
29	1	0.0		83	90.02
30	1	0.0		73	93.73
31	1	0.0		80	90.95
32	1	0.0		83	90.02
33	1	0.0		73	93.73
34	1	0.0		2398	85.28
35	1	0.0		233	89.97
36	1	0.0		233	89.97
37	1	0.0		2398	85.28
38	1	0.0		83	90.02
39	1	0.0		73	93.73
40	1	0.0		2398	85.28
41	1	0.0		73	93.73
42	1	0.0		73	93.73
43	1	0.0		80	90.95
44	1	0.0		73	93.73
45	1	0.0		83	90.02
46	1	0.0		73	93.73
47	1	0.0		2398	85.28
48	1	0.0		80	90.95
49	1	0.0		80	90.95
50	1	0.0		73	93.73
51	1	0.0		73	93.73
52	1	0.0		80	90.95
53	1	0.0		80	90.95
54	1	0.0		73	93.73
55	1	0.0		80	90.95
56	1	0.0		73	93.73
57	1	0.0		80	90.95
58	1	0.0		80	90.95
59	1	0.0		80	90.95


Run no: 27
0	1	1000.0726		5793	77.16
1	1	2000.0		62	87.99
2	1	0.0		62	87.99
3	1	1000.0		5793	77.16
4	1	0.95458853		3569	82.97
5	1	0.016053045		386	84.11
6	1	0.25977942		5377	80.39
7	1	0.3028624		294	87.39
8	1	0.10526316		386	84.11
9	1	0.0		5793	77.16
10	1	0.124026515		4084	80.76
11	1	0.42967784		4084	80.76
12	1	0.3708333		5377	80.39
13	1	0.55540043		386	84.11
14	1	0.0		294	87.39
15	1	0.04616805		120	87.89
16	1	0.030361194		120	87.89
17	1	0.0		294	87.39
18	1	0.0		386	84.11
19	1	0.0		62	87.99
20	1	0.0		62	87.99
21	1	0.010120397		120	87.89
22	1	0.009233611		62	87.99
23	1	0.0		386	84.11
24	1	0.0		386	84.11
25	1	0.0		294	87.39
26	1	0.009233611		120	87.89
27	1	0.0		294	87.39
28	1	0.030361194		294	87.39
29	1	0.0		294	87.39
30	1	0.0		386	84.11
31	1	0.0		62	87.99
32	1	0.0		62	87.99
33	1	0.0		386	84.11
34	1	0.0		386	84.11
35	1	0.0		294	87.39
36	1	0.0		62	87.99
37	1	0.0		386	84.11
38	1	0.0		386	84.11
39	1	0.0		62	87.99
40	1	0.0		62	87.99
41	1	0.0		62	87.99
42	1	0.0		62	87.99
43	1	0.0		62	87.99
44	1	0.0		62	87.99
45	1	0.0		62	87.99
46	1	0.0		62	87.99
47	1	0.0		62	87.99
48	1	0.0		62	87.99
49	1	0.0		62	87.99
50	1	0.0		62	87.99
51	1	0.0		62	87.99
52	1	0.0		62	87.99
53	1	0.0		62	87.99
54	1	0.0		62	87.99
55	1	0.0		62	87.99
56	1	0.010120397		62	87.99
57	1	0.2982456		5793	77.16
58	1	0.3028624		386	84.11
59	1	0.0622211		294	87.39


Run no: 28
0	1	1000.01447		5727	78.08
1	1	1000.0		5727	78.08
2	1	1000.0		69	103.32
3	1	1000.0		69	103.32
4	1	0.7393006		3460	85.5
5	1	0.0		88	88.75
6	1	0.5508531		78	90.04
7	1	0.028879631		76	102.6
8	1	0.15300342		5408	78.29
9	1	0.1490888		4584	82.8
10	1	0.09888695		4885	79.5
11	1	0.0		88	88.75
12	1	0.115294166		3975	85.17
13	1	0.111737356		4300	83.42
14	1	0.14037527		4885	79.5
15	1	0.0		3520	85.4
16	1	0.025764538		3993	84.6
17	1	0.02757158		4729	81.3
18	1	0.0		4729	81.3
19	1	0.001767409		88	88.75
20	1	0.054259457		3993	84.6
21	1	0.00795334		4345	83.35
22	1	0.035994783		5480	78.18
23	1	0.016869932		5645	78.12
24	1	0.0		76	102.6
25	1	0.0		69	103.32
26	1	0.059429478		4729	81.3
27	1	0.0		4729	81.3
28	1	0.0		4345	83.35
29	1	0.0		3520	85.4
30	1	0.0015847861		5645	78.12
31	1	0.0		5466	78.23
32	1	0.01456642		3520	85.4
33	1	0.021790808		4345	83.35
34	1	0.042241074		4345	83.35
35	1	0.0		5466	78.23
36	1	0.029162249		5645	78.12
37	1	0.0019809825		5466	78.23
38	1	0.010250972		5466	78.23
39	1	0.59597033		88	88.75
40	1	0.0		5645	78.12
41	1	0.0012371863		76	102.6
42	1	0.02852615		69	103.32
43	1	0.05110935		88	88.75
44	1	0.12876387		88	88.75
45	1	0.096942805		4729	81.3
46	1	0.0		88	88.75
47	1	0.0027733755		4345	83.35
48	1	0.00911252		3520	85.4
49	1	0.0		3993	84.6
50	1	0.0		5466	78.23
51	1	0.49762282		76	102.6
52	1	0.0012371863		69	103.32
53	1	0.0		4729	81.3
54	1	0.04675119		3993	84.6
55	1	0.0015847861		5727	78.08
56	1	0.0		5466	78.23
57	1	0.0		3520	85.4
58	1	0.08041711		3520	85.4
59	1	0.0048515517		5466	78.23


Run no: 29
0	1	2000.0		3244	83.26
1	1	1000.0013		65	100.95
2	1	1000.0		65	100.95
3	1	1.1047529		388	89.14
4	1	0.77903426		2834	85.41
5	1	0.3567718		89	96.64
6	1	0.35173875		93	90.44
7	1	0.22915095		3074	84.17
8	1	0.21933296		65	100.95
9	1	0.21933296		69	97.07
10	1	0.21116816		2834	85.41
11	1	0.13566703		2835	85.24
12	1	0.08490463		172	90.14
13	1	0.0813797		172	90.14
14	1	0.052217677		3240	83.44
15	1	0.04252451		3240	83.44
16	1	0.024850583		93	90.44
17	1	0.02430752		69	97.07
18	1	0.02430752		89	96.64
19	1	0.016958734		93	90.44
20	1	0.011433498		3244	83.26
21	1	0.01017524		3240	83.44
22	1	0.009924513		2835	85.24
23	1	0.0062912866		69	97.07
24	1	0.0012582573		69	97.07
25	1	0.0012582573		89	96.64
26	1	0.0		65	100.95
27	1	0.0		2834	85.41
28	1	0.0		89	96.64
29	1	0.0		69	97.07
30	1	0.0		65	100.95
31	1	0.0		172	90.14
32	1	0.0		3240	83.44
33	1	0.0		93	90.44
34	1	0.0		69	97.07
35	1	0.0		93	90.44
36	1	0.0		3240	83.44
37	1	0.0		89	96.64
38	1	0.0		89	96.64
39	1	0.0		3240	83.44
40	1	0.0		65	100.95
41	1	0.0		89	96.64
42	1	0.0		93	90.44
43	1	0.0		65	100.95
44	1	0.0		69	97.07
45	1	0.0		69	97.07
46	1	0.0		89	96.64
47	1	0.0		89	96.64
48	1	0.0		69	97.07
49	1	0.0		65	100.95
50	1	0.0		89	96.64
51	1	0.0		93	90.44
52	1	0.0		3240	83.44
53	1	0.0		65	100.95
54	1	0.0		65	100.95
55	1	0.0		65	100.95
56	1	0.0		89	96.64
57	1	0.0		69	97.07
58	1	0.0		65	100.95
59	1	0.0		65	100.95

