
Run no: 0
96.15	
96.15	
92.26	
92.26	
86.61	
86.61	
86.15	
86.15	
85.68	
78.93	
78.93	
78.93	
78.93	
78.93	
78.93	
78.93	
78.93	
78.93	
78.93	
78.21	
78.21	
78.21	
78.21	
78.21	
78.21	
76.8	
76.8	
76.8	
76.8	
76.8	
76.8	

Run no: 1
95.78	
92.53	
92.53	
90.97	
88.76	
88.76	
88.76	
86.5	
86.5	
86.5	
82.93	
82.93	
82.93	
82.93	
82.93	
82.93	
82.62	
82.62	
82.62	
82.6	
81.94	
81.94	
81.94	
81.94	
81.94	
81.94	
80.98	
80.98	
80.98	
80.98	
80.98	

Run no: 2
92.14	
92.14	
92.14	
92.14	
92.14	
91.83	
90.09	
86.21	
86.21	
86.21	
86.21	
86.2	
86.2	
86.2	
86.2	
86.2	
86.2	
86.2	
84.25	
84.25	
84.25	
84.25	
84.0	
84.0	
84.0	
83.99	
83.99	
83.74	
81.65	
81.65	
81.65	

Run no: 3
91.25	
91.25	
91.25	
83.86	
83.86	
83.86	
83.86	
83.86	
83.86	
83.86	
83.66	
83.66	
83.43	
83.43	
83.43	
83.43	
83.43	
83.43	
82.65	
82.65	
82.65	
82.65	
82.65	
82.65	
82.65	
82.65	
82.65	
82.58	
82.58	
82.58	
81.17	

Run no: 4
89.96	
89.96	
89.96	
89.96	
89.64	
89.64	
89.11	
85.0	
85.0	
85.0	
85.0	
85.0	
85.0	
85.0	
85.0	
83.9	
83.9	
83.9	
83.9	
83.9	
83.9	
83.9	
83.9	
83.9	
83.9	
83.9	
83.9	
80.89	
80.89	
80.89	
80.89	

Run no: 5
94.77	
90.01	
90.01	
90.01	
89.98	
89.98	
89.51	
89.51	
89.51	
89.51	
85.46	
85.43	
81.68	
81.54	
81.54	
81.54	
81.54	
81.54	
81.54	
81.36	
81.36	
81.36	
81.36	
81.36	
81.36	
81.36	
81.3	
81.3	
81.3	
78.93	
78.93	

Run no: 6
90.21	
90.0	
90.0	
90.0	
90.0	
89.79	
87.09	
87.09	
87.09	
87.09	
85.97	
84.52	
84.52	
84.52	
84.52	
84.52	
84.52	
83.48	
83.48	
83.48	
83.45	
83.45	
83.45	
82.85	
82.85	
82.85	
82.85	
79.38	
79.34	
79.34	
79.34	

Run no: 7
93.69	
92.35	
92.09	
90.88	
90.88	
90.88	
82.68	
82.68	
82.68	
82.68	
82.68	
82.68	
82.68	
82.68	
82.51	
82.51	
82.51	
82.51	
82.51	
82.51	
82.51	
82.39	
82.39	
82.39	
82.39	
82.39	
82.39	
82.39	
82.39	
82.39	
82.0	

Run no: 8
92.68	
92.23	
92.23	
92.23	
92.23	
92.23	
82.84	
82.84	
82.84	
82.84	
82.84	
82.84	
82.84	
81.48	
81.48	
81.48	
81.48	
81.48	
81.48	
81.48	
81.46	
81.46	
81.46	
81.46	
81.46	
81.46	
81.46	
81.46	
81.46	
81.46	
81.46	

Run no: 9
88.31	
88.31	
86.07	
86.07	
86.07	
86.07	
86.07	
81.59	
81.59	
81.59	
81.59	
81.59	
81.59	
81.59	
81.59	
81.59	
76.23	
76.23	
76.23	
73.9	
73.9	
73.9	
73.9	
73.9	
73.9	
73.9	
73.9	
73.9	
73.9	
73.83	
73.83	

Run no: 10
94.55	
94.55	
80.98	
80.98	
80.98	
80.98	
80.63	
80.63	
80.63	
80.01	
80.01	
79.94	
79.94	
79.94	
79.94	
79.94	
79.71	
75.31	
75.31	
75.31	
75.31	
75.31	
75.31	
75.31	
75.31	
75.31	
75.31	
75.31	
75.31	
75.31	
75.31	

Run no: 11
93.65	
93.65	
93.65	
92.16	
92.16	
91.57	
91.57	
91.57	
90.46	
90.46	
90.46	
86.52	
86.52	
86.52	
86.52	
86.49	
86.49	
86.49	
86.49	
86.49	
83.75	
83.75	
83.45	
83.45	
83.45	
83.45	
78.99	
78.99	
78.99	
78.99	
78.99	

Run no: 12
86.49	
86.49	
86.49	
86.49	
86.49	
86.49	
86.49	
86.49	
86.49	
86.44	
85.98	
85.98	
85.98	
85.58	
85.58	
85.58	
85.58	
85.58	
85.58	
85.08	
85.08	
83.58	
80.25	
80.25	
80.23	
80.23	
80.23	
80.23	
80.23	
80.23	
80.23	

Run no: 13
88.72	
88.72	
88.72	
88.72	
88.26	
88.26	
86.52	
86.52	
86.52	
86.52	
86.26	
85.56	
85.56	
85.56	
85.56	
85.56	
85.11	
83.59	
83.59	
83.59	
83.59	
83.59	
83.59	
83.59	
83.59	
83.59	
83.52	
83.52	
83.52	
83.52	
83.52	

Run no: 14
93.9	
87.92	
87.92	
87.92	
87.92	
87.92	
87.92	
87.92	
87.92	
87.92	
87.92	
87.92	
87.92	
87.87	
83.82	
83.82	
80.33	
80.33	
80.33	
80.33	
80.33	
80.33	
80.33	
80.01	
80.01	
80.01	
80.01	
80.01	
80.01	
78.5	
78.5	

Run no: 15
92.05	
88.73	
88.73	
88.73	
88.68	
88.68	
88.68	
87.83	
87.83	
87.83	
87.83	
87.83	
87.83	
87.83	
87.23	
87.23	
87.23	
87.23	
87.23	
87.23	
87.23	
87.23	
87.23	
87.23	
87.23	
87.18	
87.18	
87.18	
87.18	
87.18	
83.27	

Run no: 16
90.5	
86.46	
86.46	
86.46	
82.38	
82.38	
82.38	
82.38	
82.38	
82.38	
82.38	
82.38	
82.38	
82.38	
82.38	
82.38	
82.38	
82.24	
82.24	
82.24	
82.24	
82.24	
82.24	
82.24	
82.24	
81.28	
81.28	
81.28	
81.28	
81.28	
81.28	

Run no: 17
95.8	
92.89	
92.89	
92.76	
92.67	
85.98	
85.98	
85.98	
85.98	
85.98	
85.98	
85.98	
85.63	
85.63	
85.09	
85.09	
85.09	
85.09	
85.09	
85.09	
85.09	
85.09	
85.09	
85.09	
85.09	
84.0	
82.86	
82.86	
78.07	
78.07	
78.07	

Run no: 18
90.1	
90.1	
90.1	
90.1	
88.5	
88.5	
88.5	
88.5	
88.5	
88.5	
88.5	
88.08	
88.08	
88.08	
86.83	
86.83	
86.83	
86.83	
86.83	
80.86	
80.86	
80.86	
80.86	
80.26	
80.26	
80.13	
80.13	
80.13	
80.13	
80.13	
80.13	

Run no: 19
96.42	
96.39	
96.39	
90.84	
90.84	
90.84	
89.95	
89.95	
89.95	
88.46	
88.46	
88.46	
88.46	
88.46	
88.46	
88.46	
86.58	
86.58	
86.56	
86.18	
86.18	
81.63	
81.63	
81.63	
81.63	
81.63	
81.63	
81.05	
80.25	
80.25	
80.25	

Run no: 20
92.59	
87.3	
87.3	
87.3	
82.65	
82.65	
82.65	
82.65	
82.6	
82.6	
82.6	
82.6	
82.55	
79.43	
79.43	
79.43	
79.43	
79.12	
79.12	
78.99	
78.99	
78.99	
78.99	
78.99	
78.99	
78.99	
78.99	
78.99	
78.99	
78.43	
78.43	

Run no: 21
94.31	
94.31	
92.1	
92.1	
92.1	
92.1	
88.88	
88.28	
88.28	
88.28	
88.28	
88.28	
88.28	
88.28	
88.28	
88.28	
87.78	
87.78	
87.78	
87.64	
87.64	
87.64	
87.64	
87.03	
86.83	
81.06	
81.06	
81.06	
81.06	
81.06	
81.06	

Run no: 22
95.87	
95.77	
86.6	
86.6	
86.2	
86.2	
86.2	
81.85	
81.85	
81.85	
81.85	
81.85	
81.35	
81.35	
81.35	
81.35	
81.35	
81.35	
81.35	
81.35	
81.35	
81.11	
81.11	
81.11	
81.11	
80.81	
80.81	
80.81	
80.81	
80.81	
80.81	

Run no: 23
91.37	
91.37	
91.37	
91.37	
85.1	
85.1	
85.1	
85.1	
85.1	
82.28	
82.28	
80.92	
80.92	
80.92	
80.92	
80.92	
80.92	
80.92	
80.92	
80.92	
80.92	
76.94	
76.94	
76.94	
76.94	
76.94	
76.94	
76.84	
76.84	
76.84	
76.84	

Run no: 24
94.92	
92.59	
92.59	
92.59	
92.59	
92.59	
89.93	
89.93	
89.93	
89.93	
89.85	
88.51	
88.51	
88.51	
88.51	
88.51	
80.34	
80.34	
80.34	
80.34	
80.34	
80.34	
80.34	
80.34	
80.34	
80.34	
80.34	
80.34	
80.34	
80.34	
80.34	

Run no: 25
91.72	
91.11	
91.11	
88.02	
86.95	
86.95	
86.95	
86.95	
86.95	
86.95	
86.95	
84.3	
84.3	
84.3	
84.3	
84.3	
84.3	
84.3	
84.3	
84.3	
84.3	
84.3	
84.23	
81.85	
81.85	
81.85	
81.85	
81.71	
81.71	
81.71	
81.68	

Run no: 26
93.56	
93.56	
93.56	
93.56	
93.56	
93.56	
90.95	
90.95	
90.95	
90.95	
85.38	
85.38	
85.38	
84.88	
84.88	
81.88	
81.88	
81.88	
81.71	
81.71	
81.71	
81.71	
81.71	
81.71	
81.71	
81.71	
81.71	
81.71	
81.71	
81.71	
80.67	

Run no: 27
95.21	
87.88	
87.88	
87.88	
87.85	
87.85	
86.51	
86.51	
79.44	
79.44	
79.44	
79.44	
79.44	
79.44	
79.44	
79.44	
77.41	
77.41	
77.41	
77.41	
77.41	
77.41	
77.41	
77.41	
77.41	
77.41	
77.41	
77.41	
77.16	
77.16	
77.16	

Run no: 28
92.61	
92.61	
92.61	
87.57	
87.57	
87.57	
87.57	
87.57	
87.57	
87.57	
85.02	
85.02	
85.02	
85.02	
85.02	
85.02	
85.02	
85.02	
85.02	
84.6	
84.07	
84.04	
84.04	
78.08	
78.08	
78.08	
78.08	
78.08	
78.08	
78.08	
78.08	

Run no: 29
92.97	
88.43	
88.43	
86.18	
86.18	
86.18	
86.18	
86.18	
86.18	
86.18	
83.46	
83.46	
83.46	
83.46	
83.46	
83.46	
83.46	
83.46	
83.46	
83.46	
83.44	
83.44	
83.44	
83.44	
83.44	
83.44	
83.44	
83.26	
83.26	
83.26	
83.26	
