
Run no: 0
0	1	2000.0		456	81.53
1	1	1000.0		64	95.9
2	1	0.42797494		64	95.9
3	1	0.29575506		432	85.47
4	1	0.0		129	89.72
5	1	0.0		88	89.75
6	1	1000.0		64	95.9
7	1	0.0		432	85.47
8	1	0.0		129	89.72
9	1	0.020180933		450	81.82
10	1	0.07399024		439	84.81
11	1	0.10459184		129	89.72
12	1	0.0		88	89.75
13	1	0.22592951		439	84.81
14	1	0.0		88	89.75
15	1	0.0		64	95.9
16	1	0.0		432	85.47
17	1	0.0		450	81.82
18	1	0.0		450	81.82
19	1	0.0		88	89.75
20	1	0.0		64	95.9
21	1	0.29575506		129	89.72
22	1	0.0		432	85.47
23	1	0.06122449		88	89.75
24	1	0.0020876827		88	89.75
25	1	0.0		88	89.75
26	1	0.0		64	95.9
27	1	0.7729592		432	85.47
28	1	0.0		450	81.82
29	1	0.7750469		129	89.72
30	1	0.0		88	89.75
31	1	0.0		64	95.9
32	1	0.0		450	81.82
33	1	0.0		432	85.47
34	1	0.0		450	81.82
35	1	0.0		88	89.75
36	1	0.063786164		432	85.47
37	1	0.0		450	81.82
38	1	0.0		450	81.82
39	1	0.0		64	95.9
40	1	0.028061224		450	81.82
41	1	0.0		432	85.47
42	1	0.0		450	81.82
43	1	0.0		450	81.82
44	1	0.42797494		88	89.75
45	1	0.0		450	81.82
46	1	0.0		450	81.82
47	1	0.0		450	81.82
48	1	0.0		450	81.82
49	1	0.0		450	81.82
50	1	0.0		432	85.47
51	1	0.0		450	81.82
52	1	0.0		88	89.75
53	1	0.0		450	81.82
54	1	0.0		450	81.82
55	1	0.0		88	89.75
56	1	0.06122449		64	95.9
57	1	0.0		88	89.75
58	1	0.10459184		88	89.75
59	1	0.2233785		450	81.82


Run no: 1
0	1	2000.0		4145	81.06
1	1	1000.6064		74	108.75
2	1	1000.0		74	108.75
3	1	0.6138102		860	88.92
4	1	0.6116433		3350	87.03
5	1	0.6063561		78	91.96
6	1	0.30405268		3682	86.33
7	1	0.30405268		4145	81.06
8	1	0.118224375		577	91.54
9	1	0.115696386		106	91.61
10	1	0.10106418		639	88.98
11	1	0.091729864		601	91.52
12	1	0.081552446		3350	87.03
13	1	0.081552446		3682	86.33
14	1	0.068255685		860	88.92
15	1	0.068255685		3350	87.03
16	1	0.056453265		639	88.98
17	1	0.054286417		860	88.92
18	1	0.025279885		3350	87.03
19	1	0.025279885		3682	86.33
20	1	0.01951786		88	91.71
21	1	0.010056598		601	91.52
22	1	0.00902853		78	91.96
23	1	0.00661764		577	91.54
24	1	0.0058953576		601	91.52
25	1	0.004421518		106	91.61
26	1	0.0036114121		106	91.61
27	1	0.0025279885		106	91.61
28	1	0.002456399		78	91.96
29	1	9.825595E-4		78	91.96
30	1	9.825595E-4		74	108.75
31	1	0.0		4145	81.06
32	1	0.0		74	108.75
33	1	0.0		860	88.92
34	1	0.0		74	108.75
35	1	0.0		3682	86.33
36	1	0.0		577	91.54
37	1	0.0		3682	86.33
38	1	0.0		639	88.98
39	1	0.0		860	88.92
40	1	0.0		860	88.92
41	1	0.0		639	88.98
42	1	0.0		3350	87.03
43	1	0.0		601	91.52
44	1	0.0		106	91.61
45	1	0.0		106	91.61
46	1	0.0		577	91.54
47	1	0.0		78	91.96
48	1	0.0		639	88.98
49	1	0.0		74	108.75
50	1	0.0		577	91.54
51	1	0.0		3350	87.03
52	1	0.0		78	91.96
53	1	0.0		3350	87.03
54	1	0.0		106	91.61
55	1	0.0		601	91.52
56	1	0.0		106	91.61
57	1	0.0		639	88.98
58	1	0.0		860	88.92
59	1	0.0		78	91.96


Run no: 2
0	1	1000.0528		4408	76.69
1	1	1000.0297		4408	76.69
2	1	1000.0023		68	96.02
3	1	1000.0		68	96.02
4	1	0.77532274		3910	80.36
5	1	0.7375576		709	81.09
6	1	0.30545545		79	95.93
7	1	0.30545545		80	90.03
8	1	0.26252583		371	85.86
9	1	0.19443583		4136	78.16
10	1	0.15778582		381	82.81
11	1	0.11381273		3910	80.36
12	1	0.10036213		362	87.8
13	1	0.089691415		357	88.69
14	1	0.08249122		4279	77.71
15	1	0.069322295		357	88.69
16	1	0.069322295		80	90.03
17	1	0.063824885		80	90.03
18	1	0.061728265		709	81.09
19	1	0.061728265		605	81.82
20	1	0.052073732		3910	80.36
21	1	0.05		388	81.92
22	1	0.05		605	81.82
23	1	0.048346568		381	82.81
24	1	0.047655325		388	81.92
25	1	0.03776513		709	81.09
26	1	0.031136028		4215	77.96
27	1	0.026096944		358	88.19
28	1	0.025093155		4215	77.96
29	1	0.022249626		362	87.8
30	1	0.021097552		358	88.19
31	1	0.014746544		4279	77.71
32	1	0.0129332645		4279	77.71
33	1	0.0051733055		388	81.92
34	1	0.0051733055		605	81.82
35	1	0.0048908005		78	95.97
36	1	0.0025866528		68	96.02
37	1	0.002299737		79	95.93
38	1	0.0020693224		78	95.97
39	1	0.0016129032		381	82.81
40	1	9.21659E-4		362	87.8
41	1	2.3041475E-4		357	88.69
42	1	2.3041475E-4		78	95.97
43	1	0.0		79	95.93
44	1	0.0		362	87.8
45	1	0.0		80	90.03
46	1	0.0		357	88.69
47	1	0.0		80	90.03
48	1	0.0		605	81.82
49	1	0.0		381	82.81
50	1	0.0		605	81.82
51	1	0.0		4279	77.71
52	1	0.0		358	88.19
53	1	0.0		68	96.02
54	1	0.0		68	96.02
55	1	0.0		388	81.92
56	1	0.0		358	88.19
57	1	0.0		79	95.93
58	1	0.0		80	90.03
59	1	0.0		357	88.69


Run no: 3
0	1	2000.0		5312	85.04
1	1	1000.0		71	104.48
2	1	1000.0		71	104.48
3	1	0.9637515		5204	86.1
4	1	0.8433505		784	86.98
5	1	0.49118036		76	94.95
6	1	0.49022633		71	104.48
7	1	0.1405911		136	92.25
8	1	0.13175909		784	86.98
9	1	0.1090535		665	89.1
10	1	0.07973251		420	90.7
11	1	0.077151366		82	93.58
12	1	0.070473254		76	94.95
13	1	0.067458674		665	89.1
14	1	0.059332166		420	90.7
15	1	0.04526749		784	86.98
16	1	0.044753086		567	89.97
17	1	0.039650276		117	92.85
18	1	0.03755144		82	93.58
19	1	0.02724659		128	92.35
20	1	0.025720164		117	92.85
21	1	0.025376836		425	90.52
22	1	0.025376836		558	90.15
23	1	0.022813948		567	89.97
24	1	0.019032922		425	90.52
25	1	0.019032922		558	90.15
26	1	0.018698722		665	89.1
27	1	0.007242869		128	92.35
28	1	0.0066781146		117	92.85
29	1	0.005907246		421	90.6
30	1	0.005144033		558	90.15
31	1	0.005144033		564	90.05
32	1	0.004687636		564	90.05
33	1	0.004115226		425	90.52
34	1	0.004115226		421	90.6
35	1	0.0011448197		82	93.58
36	1	0.0011448197		558	90.15
37	1	0.0011448197		564	90.05
38	1	0.0011448197		76	94.95
39	1	9.540164E-4		71	104.48
40	1	7.6321315E-4		425	90.52
41	1	5.7240983E-4		567	89.97
42	1	1.9080329E-4		420	90.7
43	1	1.9080329E-4		421	90.6
44	1	0.0		71	104.48
45	1	0.0		76	94.95
46	1	0.0		420	90.7
47	1	0.0		784	86.98
48	1	0.0		567	89.97
49	1	0.0		82	93.58
50	1	0.0		784	86.98
51	1	0.0		665	89.1
52	1	0.0		558	90.15
53	1	0.0		564	90.05
54	1	0.0		567	89.97
55	1	0.0		76	94.95
56	1	0.0		425	90.52
57	1	0.0		665	89.1
58	1	0.0		420	90.7
59	1	0.0		82	93.58


Run no: 4
0	1	2000.0		6380	80.71
1	1	1000.00433		73	99.19
2	1	1000.0005		73	99.19
3	1	0.9217356		511	85.64
4	1	0.90550184		6222	80.98
5	1	0.3942565		76	99.11
6	1	0.3942565		78	91.83
7	1	0.25438425		511	85.64
8	1	0.2521645		6222	80.98
9	1	0.109176435		424	88.33
10	1	0.109176435		418	90.33
11	1	0.08505221		78	91.83
12	1	0.08505221		396	91.19
13	1	0.08282704		497	85.94
14	1	0.06437352		463	87.03
15	1	0.03914722		463	87.03
16	1	0.03914722		455	87.73
17	1	0.026546983		6222	80.98
18	1	0.021676853		6328	80.8
19	1	0.021634812		424	88.33
20	1	0.021634812		441	87.98
21	1	0.021421004		412	90.58
22	1	0.021103896		400	90.97
23	1	0.017985066		6328	80.8
24	1	0.015747894		443	87.83
25	1	0.013114937		6380	80.71
26	1	0.008116883		441	87.98
27	1	0.0073139034		455	87.73
28	1	0.0064935065		396	91.19
29	1	0.0064935065		398	91.07
30	1	0.0054112556		412	90.58
31	1	0.0054112556		414	90.48
32	1	0.0054112556		400	90.97
33	1	0.0054112556		398	91.07
34	1	0.004804666		418	90.33
35	1	0.004804666		415	90.41
36	1	0.0043290043		76	99.11
37	1	0.004104987		414	90.48
38	1	0.003946433		415	90.41
39	1	0.0019026479		400	90.97
40	1	0.0019026479		412	90.58
41	1	4.7566197E-4		76	99.11
42	1	3.1710797E-4		396	91.19
43	1	3.1710797E-4		441	87.98
44	1	3.1710797E-4		398	91.07
45	1	3.1710797E-4		400	90.97
46	1	3.1710797E-4		398	91.07
47	1	1.5855399E-4		414	90.48
48	1	0.0		6380	80.71
49	1	0.0		73	99.19
50	1	0.0		6222	80.98
51	1	0.0		78	91.83
52	1	0.0		455	87.73
53	1	0.0		78	91.83
54	1	0.0		6380	80.71
55	1	0.0		73	99.19
56	1	0.0		424	88.33
57	1	0.0		73	99.19
58	1	0.0		76	99.11
59	1	0.0		412	90.58


Run no: 5
0	1	1000.0		76	95.82
1	1	1000.0		5059	86.82
2	1	1000.0		76	95.82
3	1	0.0		5059	86.82
4	1	0.7122717		109	90.15
5	1	0.43777242		3253	87.28
6	1	0.0		86	91.9
7	1	0.0		76	95.82
8	1	0.0		5059	86.82
9	1	0.2994762		109	90.15
10	1	6.0204696E-4		95	90.9
11	1	0.0		92	91.83
12	1	0.083333336		95	90.9
13	1	0.0		5059	86.82
14	1	6.0204696E-4		92	91.83
15	1	0.0		86	91.9
16	1	0.007777778		86	91.9
17	1	0.0		76	95.82
18	1	0.106142886		95	90.9
19	1	0.0		92	91.83
20	1	0.0		76	95.82
21	1	0.43555555		86	91.9
22	1	0.0		76	95.82
23	1	1000.0		5059	86.82
24	1	0.36243227		5059	86.82
25	1	0.007777778		92	91.83
26	1	0.0		86	91.9
27	1	0.0		86	91.9
28	1	0.10333333		92	91.83
29	1	0.0		5059	86.82
30	1	0.0		76	95.82
31	1	0.0		86	91.9
32	1	0.0		92	91.83
33	1	0.0		5059	86.82
34	1	0.0		86	91.9
35	1	0.0012040939		92	91.83
36	1	0.0		86	91.9
37	1	0.0		76	95.82
38	1	0.05111111		5059	86.82
39	1	0.0020068232		86	91.9
40	1	0.0		86	91.9
41	1	0.43555555		76	95.82
42	1	0.0		86	91.9
43	1	0.0		86	91.9
44	1	0.0		76	95.82
45	1	0.0		76	95.82
46	1	0.0		86	91.9
47	1	0.0		76	95.82
48	1	0.0		86	91.9
49	1	0.0		76	95.82
50	1	0.0		76	95.82
51	1	0.0		86	91.9
52	1	0.0		76	95.82
53	1	0.0		76	95.82
54	1	0.0		86	91.9
55	1	0.0020068232		76	95.82
56	1	0.0012040939		86	91.9
57	1	0.9498341		3243	87.48
58	2	2000.0		3243	87.56
59	2	NaN		3243	87.56


Run no: 6
0	1	2000.0		6537	80.23
1	1	2000.0		79	96.94
2	1	0.64115596		106	89.62
3	1	0.44905543		3006	86.41
4	1	0.39549813		4090	81.4
5	1	0.3583946		6362	80.67
6	1	0.20094329		93	89.79
7	1	0.20047876		90	93.14
8	1	0.19211388		3916	81.41
9	1	0.19210054		3006	86.41
10	1	0.17647946		3219	85.02
11	1	0.1746162		3280	84.17
12	1	0.16517055		84	95.9
13	1	0.16517055		90	93.14
14	1	0.09908095		3916	81.41
15	1	0.098482504		3280	84.17
16	1	0.08318372		3006	86.41
17	1	0.050867744		3280	84.17
18	1	0.04771243		6362	80.67
19	1	0.044883303		81	96.65
20	1	0.044883303		84	95.9
21	1	0.032982346		3006	86.41
22	1	0.02754177		4090	81.4
23	1	0.024750082		6464	80.55
24	1	0.018351234		6388	80.56
25	1	0.01807073		6523	80.35
26	1	0.01766457		81	96.65
27	1	0.012383288		6486	80.4
28	1	0.012186556		103	89.72
29	1	0.009349182		6537	80.23
30	1	0.0064489804		106	89.62
31	1	0.005729328		6486	80.4
32	1	0.0041891085		93	89.79
33	1	0.0040260144		6388	80.56
34	1	0.0029922202		6486	80.4
35	1	0.001548467		93	89.79
36	1	9.290802E-4		84	95.9
37	1	9.290802E-4		90	93.14
38	1	5.98444E-4		6388	80.56
39	1	4.645401E-4		81	96.65
40	1	4.645401E-4		90	93.14
41	1	4.645401E-4		84	95.9
42	1	0.0		6537	80.23
43	1	0.0		93	89.79
44	1	0.0		90	93.14
45	1	0.0		3280	84.17
46	1	0.0		90	93.14
47	1	0.0		84	95.9
48	1	0.0		81	96.65
49	1	0.0		3006	86.41
50	1	0.0		6486	80.4
51	1	0.0		6486	80.4
52	1	0.0		6537	80.23
53	1	0.0		84	95.9
54	1	0.0		81	96.65
55	1	0.0		3006	86.41
56	1	0.0		3006	86.41
57	1	0.0		90	93.14
58	1	0.0		81	96.65
59	1	0.0		93	89.79


Run no: 7
0	1	2000.0		82	101.68
1	1	1000.0388		4436	86.64
2	1	0.0		4436	86.64
3	1	1.1217641		3406	87.96
4	1	0.0		150	89.35
5	1	0.0		101	92.75
6	1	0.05720498		97	97.91
7	1	0.32433003		4267	86.7
8	1	0.0		82	101.68
9	1	0.0		83	99.52
10	1	0.0		118	92.25
11	1	0.100640215		120	90.76
12	1	4.5934774E-4		120	90.76
13	1	0.0		150	89.35
14	1	0.09242021		150	89.35
15	1	0.3430851		97	97.91
16	1	0.05720498		94	98.76
17	1	0.043882977		90	99.42
18	1	0.0		94	98.76
19	1	0.0		4436	86.64
20	1	0.027055092		118	92.25
21	1	0.0026595744		115	92.65
22	1	0.0		120	90.76
23	1	0.0		150	89.35
24	1	0.0		83	99.52
25	1	0.0		90	99.42
26	1	0.0015594611		114	92.69
27	1	0.005415661		114	92.69
28	1	0.0028892483		102	92.71
29	1	0.027284766		115	92.65
30	1	0.0		101	92.75
31	1	0.0013297872		102	92.71
32	1	0.008256653		90	99.42
33	1	0.14522474		83	99.52
34	1	0.0027560864		102	92.71
35	1	0.043882977		94	98.76
36	1	9.1869547E-4		97	97.91
37	1	0.0035782699		101	92.75
38	1	0.0		90	99.42
39	1	9.1869547E-4		94	98.76
40	1	2.2967387E-4		115	92.65
41	1	0.09906915		120	90.76
42	1	0.0		118	92.25
43	1	0.0068786102		83	99.52
44	1	0.0		115	92.65
45	1	0.0		101	92.75
46	1	0.14361702		82	101.68
47	1	1000.00397		4436	86.64
48	1	0.0		82	101.68
49	1	0.34331477		101	92.75
50	1	0.0		83	99.52
51	1	2.2967387E-4		82	101.68
52	1	0.09975817		118	92.25
53	1	0.006890216		150	89.35
54	1	0.0		150	89.35
55	1	0.0		97	97.91
56	1	0.0		90	99.42
57	1	0.0		118	92.25
58	1	9.1869547E-4		90	99.42
59	1	0.8415681		150	89.35


Run no: 8
0	1	1000.1543		4451	82.32
1	1	1000.0		73	95.28
2	1	1000.0		4451	82.32
3	1	1000.0		73	95.28
4	1	1.0679033		210	85.61
5	1	0.9097243		3757	84.32
6	1	0.31284088		3757	84.32
7	1	0.25771606		160	88.95
8	1	0.22530864		92	94.52
9	1	0.22530864		97	91.6
10	1	0.15851988		4451	82.32
11	1	0.11574074		97	91.6
12	1	0.11574074		99	90.1
13	1	0.09953704		210	85.61
14	1	0.05787037		73	95.28
15	1	0.05787037		80	94.53
16	1	0.051864613		109	89.44
17	1	0.049123634		108	90.05
18	1	0.030864198		130	89.35
19	1	0.030864198		160	88.95
20	1	0.013796888		130	89.35
21	1	0.01142074		160	88.95
22	1	0.01142074		210	85.61
23	1	0.0069444445		109	89.44
24	1	0.0068524443		160	88.95
25	1	0.0059137577		99	90.1
26	1	0.004796711		130	89.35
27	1	0.0040864395		108	90.05
28	1	0.0035125825		80	94.53
29	1	0.0027409776		92	94.52
30	1	0.001913679		92	94.52
31	1	0.0015989036		80	94.53
32	1	0.0015989036		73	95.28
33	1	0.001142074		97	91.6
34	1	4.568296E-4		99	90.1
35	1	4.568296E-4		97	91.6
36	1	2.284148E-4		109	89.44
37	1	0.0		210	85.61
38	1	0.0		3757	84.32
39	1	0.0		4451	82.32
40	1	0.0		210	85.61
41	1	0.0		80	94.53
42	1	0.0		73	95.28
43	1	0.0		108	90.05
44	1	0.0		130	89.35
45	1	0.0		130	89.35
46	1	0.0		160	88.95
47	1	0.0		108	90.05
48	1	0.0		108	90.05
49	1	0.0		97	91.6
50	1	0.0		92	94.52
51	1	0.0		80	94.53
52	1	0.0		97	91.6
53	1	0.0		109	89.44
54	1	0.0		210	85.61
55	1	0.0		160	88.95
56	1	0.0		108	90.05
57	1	0.0		130	89.35
58	1	0.0		109	89.44
59	1	0.0		92	94.52


Run no: 9
0	1	1000.0015		4648	78.15
1	1	1000.0		67	90.95
2	1	1000.0		67	90.95
3	1	0.0		4648	78.15
4	1	1.3109602		4368	80.14
5	1	1.2596385		122	84.22
6	1	0.31428078		80	90.42
7	1	2.1829295E-4		81	86.4
8	1	0.0		4585	79.91
9	1	0.0		4641	78.71
10	1	0.06293659		85	85.48
11	1	0.02890625		87	84.68
12	1	0.0		4648	78.15
13	1	0.0		82	85.84
14	1	0.0		81	86.4
15	1	0.09527805		4641	78.71
16	1	0.04424406		80	90.42
17	1	0.0		67	90.95
18	1	0.035891626		90	84.31
19	1	0.0		87	84.68
20	1	4.365859E-4		84	85.78
21	1	0.0		85	85.48
22	1	0.04736957		4585	79.91
23	1	0.09375		4585	79.91
24	1	0.04375		4641	78.71
25	1	0.007686129		90	84.31
26	1	0.0		90	84.31
27	1	0.0		82	85.84
28	1	0.0046875		84	85.78
29	1	0.04140625		67	90.95
30	1	0.0		4641	78.71
31	1	4.365859E-4		87	84.68
32	1	0.0		85	85.48
33	1	0.0		84	85.78
34	1	0.3140625		81	86.4
35	1	2.1829295E-4		85	85.48
36	1	0.023655793		84	85.78
37	1	0.0		81	86.4
38	1	0.0		4648	78.15
39	1	0.012224405		4641	78.71
40	1	0.0		4585	79.91
41	1	0.0625		87	84.68
42	1	0.012224405		4585	79.91
43	1	0.0		81	86.4
44	1	2.1829295E-4		82	85.84
45	1	0.0		85	85.48
46	1	0.0		84	85.78
47	1	0.0046875		82	85.84
48	1	0.0028378083		67	90.95
49	1	1000.04376		4648	78.15
50	1	0.0		87	84.68
51	1	6.5487885E-4		87	84.68
52	1	0.0		84	85.78
53	1	0.0		82	85.84
54	1	0.043968294		81	86.4
55	1	0.0		82	85.84
56	1	0.0		90	84.31
57	1	0.01796875		4585	79.91
58	1	0.0234375		85	85.48
59	1	0.044186585		82	85.84


Run no: 10
0	1	2000.0		3327	80.6
1	1	1000.0003		72	100.64
2	1	1000.0		72	100.64
3	1	0.98863286		109	84.43
4	1	0.60172004		73	88.6
5	1	0.6007984		72	100.64
6	1	0.19111776		109	84.43
7	1	0.15918164		76	88.54
8	1	0.15918164		86	85.35
9	1	0.02805955		92	84.7
10	1	0.02744511		90	85.25
11	1	0.018695788		92	84.7
12	1	0.013473053		109	84.43
13	1	0.0062188986		89	85.29
14	1	0.005222734		109	84.43
15	1	0.0033012317		73	88.6
16	1	0.0030721966		76	88.54
17	1	0.0030721966		86	85.35
18	1	0.002994012		76	88.54
19	1	0.002994012		86	85.35
20	1	0.001996008		90	85.25
21	1	9.21659E-4		76	88.54
22	1	9.21659E-4		86	85.35
23	1	6.144393E-4		90	85.25
24	1	3.0721966E-4		90	85.25
25	1	0.0		72	100.64
26	1	0.0		72	100.64
27	1	0.0		73	88.6
28	1	0.0		90	85.25
29	1	0.0		109	84.43
30	1	0.0		86	85.35
31	1	0.0		76	88.54
32	1	0.0		73	88.6
33	1	0.0		73	88.6
34	1	0.0		86	85.35
35	1	0.0		73	88.6
36	1	0.0		72	100.64
37	1	0.0		109	84.43
38	1	0.0		73	88.6
39	1	0.0		72	100.64
40	1	0.0		86	85.35
41	1	0.0		90	85.25
42	1	0.0		86	85.35
43	1	0.0		73	88.6
44	1	0.0		76	88.54
45	1	0.0		86	85.35
46	1	0.0		72	100.64
47	1	0.0		86	85.35
48	1	0.0		73	88.6
49	1	0.0		86	85.35
50	1	0.0		76	88.54
51	1	0.0		73	88.6
52	1	0.0		72	100.64
53	1	0.0		72	100.64
54	1	0.0		73	88.6
55	1	0.0		86	85.35
56	1	0.0		86	85.35
57	1	0.0		73	88.6
58	1	0.0		72	100.64
59	1	0.0		73	88.6


Run no: 11
0	1	1000.1198		66	91.96
1	1	1000.0002		66	91.96
2	1	1000.0		4891	79.44
3	1	1000.0		4891	79.44
4	1	1.1062963		703	86.61
5	1	0.76992387		3782	85.21
6	1	0.5549802		4793	80.8
7	1	0.4342613		82	89.46
8	1	0.42604312		3801	83.56
9	1	0.13572696		3801	83.56
10	1	0.12507573		67	90.46
11	1	0.111821085		3782	85.21
12	1	0.1086262		4891	79.44
13	1	0.076677315		76	90.42
14	1	0.02031088		4891	79.44
15	1	0.0039378237		3782	85.21
16	1	0.0031948881		76	90.42
17	1	0.001865285		76	90.42
18	1	0.0012435233		76	90.42
19	1	0.0		66	91.96
20	1	0.0		3782	85.21
21	1	0.0		66	91.96
22	1	0.0		3782	85.21
23	1	0.0		4891	79.44
24	1	0.0		4891	79.44
25	1	0.0		76	90.42
26	1	0.0		76	90.42
27	1	0.0		76	90.42
28	1	0.0		66	91.96
29	1	0.0		3782	85.21
30	1	0.0		3782	85.21
31	1	0.0		66	91.96
32	1	0.0		76	90.42
33	1	0.0		4891	79.44
34	1	0.0		3782	85.21
35	1	0.0		76	90.42
36	1	0.0		66	91.96
37	1	0.0		3782	85.21
38	1	0.0		66	91.96
39	1	0.0		76	90.42
40	1	0.0		3782	85.21
41	1	0.0		76	90.42
42	1	0.0		76	90.42
43	1	0.0		66	91.96
44	1	0.0		76	90.42
45	1	0.0		66	91.96
46	1	0.0		66	91.96
47	1	0.0		66	91.96
48	1	0.0		76	90.42
49	1	0.0		66	91.96
50	1	0.0		66	91.96
51	1	0.0		66	91.96
52	1	0.0		66	91.96
53	1	0.0		66	91.96
54	1	0.0		66	91.96
55	1	0.0		66	91.96
56	1	0.0		66	91.96
57	1	0.0		66	91.96
58	1	0.0		66	91.96
59	1	0.0		66	91.96


Run no: 12
0	1	1000.0		3872	75.05
1	1	1000.0		3872	75.05
2	1	0.98580444		122	83.1
3	1	0.21399678		122	83.1
4	1	0.8001988		122	83.1
5	1	0.0		122	83.1
6	1	0.98580444		3872	75.05
7	1	0.0		122	83.1
8	1	0.8001988		3872	75.05
9	1	2000.0		68	85.11
10	2	1000.0		78	95.56
11	2	1000.0		95	90.35
12	2	1000.0		95	90.35
13	2	1000.0		78	95.56
14	2	0.43095857		93	93.35
15	2	0.4117647		86	93.45
16	2	0.38771594		82	95.47
17	2	0.38771594		86	93.45
18	2	0.32753754		94	91.95
19	2	0.30710173		94	91.95
20	2	0.30710173		95	90.35
21	2	0.268714		93	93.35
22	2	0.23529412		82	95.47
23	2	0.23529412		86	93.45
24	2	0.23529412		82	95.47
25	2	0.23529412		78	95.56
26	2	0.05882353		94	91.95
27	2	0.05882353		95	90.35
28	2	0.05882353		93	93.35
29	2	0.019193858		86	93.45
30	2	0.017274473		82	95.47
31	2	0.017274473		78	95.56
32	2	0.0		78	95.56
33	2	0.0		86	93.45
34	2	0.0		95	90.35
35	2	0.0		94	91.95
36	2	0.0		86	93.45
37	2	0.0		78	95.56
38	2	0.0		86	93.45
39	2	0.0		78	95.56
40	2	0.0		94	91.95
41	2	0.0		95	90.35
42	2	0.0		95	90.35
43	2	0.0		82	95.47
44	2	0.0		86	93.45
45	2	0.0		78	95.56
46	2	0.0		94	91.95
47	2	0.0		94	91.95
48	2	0.0		94	91.95
49	2	0.0		82	95.47
50	2	0.0		86	93.45
51	2	0.0		86	93.45
52	2	0.0		78	95.56
53	2	0.0		86	93.45
54	2	0.0		94	91.95
55	2	0.0		94	91.95
56	2	0.0		86	93.45
57	2	0.0		82	95.47
58	2	0.0		82	95.47
59	2	0.0		78	95.56


Run no: 13
0	1	2000.0		68	97.63
1	1	1000.0		3129	78.08
2	1	1000.0		3129	78.08
3	1	1.0373179		87	88.58
4	1	0.9810519		3090	82.48
5	1	0.3247614		3090	82.48
6	1	0.31234714		87	88.58
7	1	0.25268543		72	92.69
8	1	0.23780487		3129	78.08
9	1	0.22506393		3090	82.48
10	1	0.14927472		80	89.81
11	1	0.14731458		72	92.69
12	1	0.056265984		86	89.68
13	1	0.006649616		80	89.81
14	1	0.006649616		86	89.68
15	1	0.002613525		80	89.81
16	1	0.002613525		72	92.69
17	1	0.0019601437		86	89.68
18	1	0.0013067625		72	92.69
19	1	3.266906E-4		86	89.68
20	1	0.0		72	92.69
21	1	0.0		80	89.81
22	1	0.0		86	89.68
23	1	0.0		3129	78.08
24	1	0.0		80	89.81
25	1	0.0		80	89.81
26	1	0.0		72	92.69
27	1	0.0		87	88.58
28	1	0.0		72	92.69
29	1	0.0		86	89.68
30	1	0.0		80	89.81
31	1	0.0		86	89.68
32	1	0.0		86	89.68
33	1	0.0		80	89.81
34	1	0.0		72	92.69
35	1	0.0		80	89.81
36	1	0.0		72	92.69
37	1	0.0		80	89.81
38	1	0.0		80	89.81
39	1	0.0		80	89.81
40	1	0.0		72	92.69
41	1	0.0		72	92.69
42	1	0.0		72	92.69
43	1	0.0		80	89.81
44	1	0.0		80	89.81
45	1	0.0		72	92.69
46	1	0.0		72	92.69
47	1	0.0		72	92.69
48	1	0.0		80	89.81
49	1	0.0		80	89.81
50	1	0.0		72	92.69
51	1	0.0		72	92.69
52	1	0.0		72	92.69
53	1	0.0		72	92.69
54	1	0.0		72	92.69
55	1	0.0		72	92.69
56	1	0.0		80	89.81
57	1	0.0		72	92.69
58	1	0.0		72	92.69
59	1	0.0		72	92.69


Run no: 14
0	1	1000.01953		3987	82.79
1	1	1000.0		3987	82.79
2	1	1000.0		75	93.03
3	1	1000.0		75	93.03
4	1	1.2217057		3724	82.99
5	1	0.9279141		94	85.11
6	1	0.48072436		76	88.11
7	1	0.48046875		75	93.03
8	1	0.20703125		94	85.11
9	1	0.14432156		80	86.61
10	1	0.14355469		90	86.58
11	1	0.14355469		77	88.08
12	1	0.14355469		94	85.11
13	1	0.06722904		3987	82.79
14	1	0.0029296875		80	86.61
15	1	0.0029296875		76	88.11
16	1	0.0029296875		77	88.08
17	1	0.0029296875		90	86.58
18	1	0.0025562372		80	86.61
19	1	0.0025562372		90	86.58
20	1	0.0010224949		90	86.58
21	1	0.0010224949		94	85.11
22	1	7.6687115E-4		77	88.08
23	1	2.5562372E-4		76	88.11
24	1	2.5562372E-4		77	88.08
25	1	2.5562372E-4		75	93.03
26	1	0.0		75	93.03
27	1	0.0		3987	82.79
28	1	0.0		94	85.11
29	1	0.0		75	93.03
30	1	0.0		76	88.11
31	1	0.0		90	86.58
32	1	0.0		77	88.08
33	1	0.0		3987	82.79
34	1	0.0		90	86.58
35	1	0.0		76	88.11
36	1	0.0		77	88.08
37	1	0.0		77	88.08
38	1	0.0		77	88.08
39	1	0.0		76	88.11
40	1	0.0		76	88.11
41	1	0.0		75	93.03
42	1	0.0		94	85.11
43	1	0.0		90	86.58
44	1	0.0		3987	82.79
45	1	0.0		90	86.58
46	1	0.0		94	85.11
47	1	0.0		76	88.11
48	1	0.0		76	88.11
49	1	0.0		75	93.03
50	1	0.0		75	93.03
51	1	0.0		77	88.08
52	1	0.0		90	86.58
53	1	0.0		76	88.11
54	1	0.0		90	86.58
55	1	0.0		76	88.11
56	1	0.0		76	88.11
57	1	0.0		76	88.11
58	1	0.0		77	88.08
59	1	0.0		90	86.58


Run no: 15
0	1	1000.0		77	96.96
1	1	1000.0		3737	86.26
2	1	0.57476634		77	96.96
3	1	0.0		3737	86.26
4	1	0.96452177		3573	90.0
5	1	1.0075125		101	90.17
6	1	0.0		81	90.81
7	1	0.0		3574	89.83
8	1	0.26635513		3583	86.98
9	1	0.020805884		101	90.17
10	1	0.0		83	90.8
11	1	0.037383176		3614	86.66
12	1	0.0038251367		3614	86.66
13	1	0.0		3737	86.26
14	1	0.0		3737	86.26
15	1	0.01588785		3573	90.0
16	1	0.0		3574	89.83
17	1	0.0		3583	86.98
18	1	0.0		3584	86.81
19	1	0.011214953		3600	86.78
20	1	0.0		83	90.8
21	1	0.016161075		3584	86.81
22	1	0.0028037382		3600	86.78
23	1	0.011214953		3614	86.66
24	1	0.004371585		3600	86.78
25	1	0.0		3600	86.78
26	1	0.0		3584	86.81
27	1	0.0		3583	86.98
28	1	0.01588785		3574	89.83
29	1	0.0		81	90.81
30	1	0.0		77	96.96
31	1	5.464481E-4		83	90.8
32	1	0.0020274757		81	90.81
33	1	0.058878504		83	90.8
34	1	0.0		81	90.81
35	1	0.0024590164		3583	86.98
36	1	0.0		3584	86.81
37	1	0.0		3574	89.83
38	1	0.03360656		3737	86.26
39	1	0.0		77	96.96
40	1	2.7322405E-4		3573	90.0
41	1	0.57476634		81	90.81
42	1	0.26635513		3574	89.83
43	1	0.0		3614	86.66
44	1	0.007175323		3584	86.81
45	1	2.7322405E-4		3574	89.83
46	1	0.0038251367		3600	86.78
47	1	0.0		83	90.8
48	1	0.01588785		3583	86.98
49	1	1000.0011		77	96.96
50	1	0.0		83	90.8
51	1	5.464481E-4		81	90.81
52	1	0.005852612		83	90.8
53	1	0.0		3584	86.81
54	1	0.0024590164		3574	89.83
55	1	0.0		3583	86.98
56	1	0.0		3737	86.26
57	1	2.7322405E-4		3583	86.98
58	1	0.03360656		3614	86.66
59	1	1000.03735		3737	86.26


Run no: 16
0	1	2000.0		6213	77.76
1	1	2000.0		74	86.32
2	1	0.012379866		6213	77.76
3	1	0.23948598		74	86.32
4	1	0.88921034		711	84.04
5	1	0.5162079		3880	81.25
6	1	0.18013851		5777	78.59
7	1	0.054906543		3880	81.25
8	1	0.0		74	86.32
9	1	0.02686916		587	84.27
10	1	0.16238318		4646	79.98
11	1	0.10756874		4646	79.98
12	1	0.11518189		6137	78.01
13	1	0.15133919		3910	80.78
14	1	0.0		4502	80.7
15	1	0.0		4502	80.7
16	1	0.18423197		4646	79.98
17	1	0.083564095		587	84.27
18	1	0.083564095		74	86.32
19	1	0.014232583		3910	80.78
20	1	0.0		3880	81.25
21	1	0.2192787		5777	78.59
22	1	0.03271028		5886	78.29
23	1	0.23948598		587	84.27
24	1	0.0		5886	78.29
25	1	0.040886138		5886	78.29
26	1	0.0		4502	80.7
27	1	0.0		6213	77.76
28	1	0.0		6213	77.76
29	1	0.0		3880	81.25
30	1	0.0		3880	81.25
31	1	0.017755335		5886	78.29
32	1	0.0		4502	80.7
33	1	0.08411215		4502	80.7
34	1	0.0		3880	81.25
35	1	0.0		4502	80.7
36	1	0.0		4502	80.7
37	1	0.023456588		4502	80.7
38	1	0.09643264		4502	80.7
39	1	0.0		4502	80.7
40	1	0.0		3880	81.25
41	1	0.0		587	84.27
42	1	0.0		3880	81.25
43	1	0.0		4502	80.7
44	1	0.0		3880	81.25
45	1	0.0		5886	78.29
46	1	0.0		4502	80.7
47	1	0.0		4646	79.98
48	1	0.0		4502	80.7
49	1	0.0		3880	81.25
50	1	0.0		4502	80.7
51	1	0.0		4502	80.7
52	1	0.029205607		6213	77.76
53	1	0.0		4502	80.7
54	1	0.0		4502	80.7
55	1	0.03504673		5886	78.29
56	1	0.009345794		4502	80.7
57	1	0.0		3880	81.25
58	1	0.020198729		587	84.27
59	1	0.33082137		3880	81.25


Run no: 17
0	1	2000.0		87	86.4
1	1	1000.41174		70	97.57
2	1	1000.0		70	97.57
3	1	0.5294118		78	89.87
4	1	0.52193373		77	95.7
5	1	0.52193373		78	89.87
6	1	0.4117647		77	95.7
7	1	0.31065354		78	89.87
8	1	0.16741271		70	97.57
9	1	0.16741271		77	95.7
10	1	0.05882353		78	89.87
11	1	0.05882353		77	95.7
12	1	0.0		70	97.57
13	1	0.0		77	95.7
14	1	0.0		78	89.87
15	1	0.0		77	95.7
16	1	0.0		70	97.57
17	1	0.0		77	95.7
18	1	0.0		70	97.57
19	1	0.0		78	89.87
20	1	0.0		70	97.57
21	1	0.0		78	89.87
22	1	0.0		77	95.7
23	1	0.0		70	97.57
24	1	0.0		77	95.7
25	1	0.0		70	97.57
26	1	0.0		77	95.7
27	1	0.0		78	89.87
28	1	0.0		77	95.7
29	1	0.0		77	95.7
30	1	0.0		70	97.57
31	1	0.0		70	97.57
32	1	0.0		70	97.57
33	1	0.0		70	97.57
34	1	0.0		70	97.57
35	1	0.0		70	97.57
36	1	0.0		77	95.7
37	1	0.0		70	97.57
38	1	0.0		77	95.7
39	1	0.0		70	97.57
40	1	0.0		70	97.57
41	1	0.0		70	97.57
42	1	0.0		77	95.7
43	1	0.0		70	97.57
44	1	0.0		78	89.87
45	1	0.0		70	97.57
46	1	0.0		70	97.57
47	1	0.0		70	97.57
48	1	0.0		70	97.57
49	1	0.0		77	95.7
50	1	0.0		77	95.7
51	1	0.0		77	95.7
52	1	0.0		70	97.57
53	1	0.0		70	97.57
54	1	0.0		70	97.57
55	1	0.0		70	97.57
56	1	0.0		70	97.57
57	1	0.0		70	97.57
58	1	0.0		77	95.7
59	1	0.0		70	97.57


Run no: 18
0	1	1000.08466		4462	73.28
1	1	1000.0736		69	95.02
2	1	1000.0601		4462	73.28
3	1	1000.0034		69	95.02
4	1	0.6217071		476	88.23
5	1	0.60621846		3030	87.69
6	1	0.5771161		4198	75.12
7	1	0.35791364		3152	85.95
8	1	0.34360626		3808	82.59
9	1	0.15455382		3808	82.59
10	1	0.14932847		3808	82.59
11	1	0.12027341		95	90.83
12	1	0.11913524		84	93.42
13	1	0.10026332		3145	87.09
14	1	0.0887776		3808	82.59
15	1	0.07610104		84	93.42
16	1	0.0632825		124	90.13
17	1	0.0632825		402	88.95
18	1	0.056326542		402	88.95
19	1	0.05427783		124	90.13
20	1	0.053776905		3049	87.62
21	1	0.022747885		411	88.7
22	1	0.020699171		412	88.25
23	1	0.016303431		95	90.83
24	1	0.014568632		412	88.25
25	1	0.013799448		100	90.53
26	1	0.013785313		118	90.4
27	1	0.012419503		124	90.13
28	1	0.011727175		411	88.7
29	1	0.01149954		402	88.95
30	1	0.007544934		3030	87.69
31	1	0.007336146		110	90.42
32	1	0.005059798		100	90.53
33	1	0.003414523		84	93.42
34	1	0.0022763486		100	90.53
35	1	0.001821079		110	90.42
36	1	0.001821079		118	90.4
37	1	0.0013658092		124	90.13
38	1	0.001147598		412	88.25
39	1	0.0011381743		100	90.53
40	1	9.199632E-4		118	90.4
41	1	9.199632E-4		110	90.42
42	1	0.0		4462	73.28
43	1	0.0		4462	73.28
44	1	0.0		84	93.42
45	1	0.0		4462	73.28
46	1	0.0		402	88.95
47	1	0.0		95	90.83
48	1	0.0		3030	87.69
49	1	0.0		95	90.83
50	1	0.0		110	90.42
51	1	0.0		95	90.83
52	1	0.0		411	88.7
53	1	0.0		412	88.25
54	1	0.0		4462	73.28
55	1	0.0		412	88.25
56	1	0.0		95	90.83
57	1	0.0		124	90.13
58	1	0.0		412	88.25
59	1	0.0		411	88.7


Run no: 19
0	1	2000.0		72	84.52
1	1	NaN		72	84.52
2	1	NaN		72	84.52
3	1	NaN		72	84.52
4	1	NaN		72	84.52
5	1	NaN		72	84.52
6	1	NaN		72	84.52
7	1	NaN		72	84.52
8	1	NaN		72	84.52
9	1	NaN		72	84.52
10	1	NaN		72	84.52
11	1	NaN		72	84.52
12	1	NaN		72	84.52
13	1	NaN		72	84.52
14	1	NaN		72	84.52
15	1	NaN		72	84.52
16	1	NaN		72	84.52
17	1	NaN		72	84.52
18	1	NaN		72	84.52
19	1	NaN		72	84.52
20	1	NaN		72	84.52
21	1	NaN		72	84.52
22	1	NaN		72	84.52
23	1	NaN		72	84.52
24	1	NaN		72	84.52
25	1	NaN		72	84.52
26	1	NaN		72	84.52
27	1	NaN		72	84.52
28	1	NaN		72	84.52
29	1	NaN		72	84.52
30	1	NaN		72	84.52
31	1	NaN		72	84.52
32	1	NaN		72	84.52
33	1	NaN		72	84.52
34	1	NaN		72	84.52
35	1	NaN		72	84.52
36	1	NaN		72	84.52
37	1	NaN		72	84.52
38	1	NaN		72	84.52
39	1	NaN		72	84.52
40	1	NaN		72	84.52
41	1	NaN		72	84.52
42	1	NaN		72	84.52
43	1	NaN		72	84.52
44	1	NaN		72	84.52
45	1	NaN		72	84.52
46	1	NaN		72	84.52
47	1	NaN		72	84.52
48	1	NaN		72	84.52
49	1	NaN		72	84.52
50	1	NaN		72	84.52
51	1	NaN		72	84.52
52	1	NaN		72	84.52
53	1	NaN		72	84.52
54	1	NaN		72	84.52
55	1	NaN		72	84.52
56	1	NaN		72	84.52
57	1	NaN		72	84.52
58	1	NaN		72	84.52
59	1	NaN		72	84.52


Run no: 20
0	1	1000.0		69	97.87
1	1	2000.0		6039	76.12
2	1	0.63755673		6036	76.7
3	1	0.43305838		188	92.15
4	1	0.156524		2395	91.52
5	1	0.3898227		3443	85.83
6	1	0.27504417		3844	81.99
7	1	0.0		3844	81.99
8	1	0.0		2506	88.52
9	1	0.0		2395	91.52
10	1	0.0		2506	88.52
11	1	0.13793103		2506	88.52
12	1	0.029495755		3502	83.67
13	1	0.104367815		104	95.3
14	1	0.10587535		108	93.03
15	1	0.0		75	95.8
16	1	0.09517241		69	97.87
17	1	0.0		3844	81.99
18	1	0.0		3654	83.24
19	1	0.04523075		3593	83.36
20	1	0.038848266		150	92.76
21	1	0.0		3654	83.24
22	1	0.109193094		3502	83.67
23	1	0.012877028		93	95.56
24	1	0.011954023		104	95.3
25	1	0.011954023		93	95.56
26	1	0.011044879		129	92.78
27	1	0.0		75	95.8
28	1	0.057471264		3654	83.24
29	1	0.0066077514		117	92.88
30	1	0.0		108	93.03
31	1	0.0		117	92.88
32	1	0.0		3654	83.24
33	1	0.0030150753		93	95.56
34	1	0.0030150753		75	95.8
35	1	0.012039508		75	95.8
36	1	0.0		69	97.87
37	1	0.0		108	93.03
38	1	6.7001674E-4		104	95.3
39	1	0.39864725		2395	91.52
40	1	0.36716917		3844	81.99
41	1	0.28062958		2506	88.52
42	1	0.018592965		2506	88.52
43	1	0.0075665684		108	93.03
44	1	0.0		69	97.87
45	1	0.0		75	95.8
46	1	0.057471264		3844	81.99
47	1	0.031825796		3654	83.24
48	1	0.015734997		3654	83.24
49	1	0.0		75	95.8
50	1	0.001842546		104	95.3
51	1	0.0		93	95.56
52	1	0.0		117	92.88
53	1	0.0		108	93.03
54	1	0.0015075377		117	92.88
55	1	0.0		117	92.88
56	1	0.0		108	93.03
57	1	0.0068965517		117	92.88
58	1	0.09517241		75	95.8
59	1	1000.001		69	97.87


Run no: 21
0	1	2000.0		68	96.58
1	1	2000.0		4900	81.55
2	1	0.4621027		4900	81.55
3	1	0.82541496		3056	87.17
4	1	0.02810659		76	87.58
5	1	2.0695364E-4		69	90.77
6	1	0.1017964		3159	83.08
7	1	0.21864232		3071	84.49
8	1	0.19827013		69	90.77
9	1	0.0		70	87.79
10	1	0.0		3159	83.08
11	1	0.07479633		3106	83.88
12	1	0.0		3159	83.08
13	1	0.0		3103	84.03
14	1	0.015213778		72	87.74
15	1	0.62736726		76	87.58
16	1	0.0		3159	83.08
17	1	0.0		3103	84.03
18	1	0.00998004		3103	84.03
19	1	0.0		70	87.79
20	1	0.0066225166		3103	84.03
21	1	0.00332668		70	87.79
22	1	0.0		69	90.77
23	1	0.0		70	87.79
24	1	0.0		69	90.77
25	1	0.010968543		3159	83.08
26	1	0.0		70	87.79
27	1	0.3865602		69	90.77
28	1	0.0		3103	84.03
29	1	0.0		70	87.79
30	1	0.0		3103	84.03
31	1	6.2086096E-4		3103	84.03
32	1	0.0		69	90.77
33	1	0.0		69	90.77
34	1	0.0		70	87.79
35	1	0.41353318		3159	83.08
36	1	0.0		70	87.79
37	1	0.0		3103	84.03
38	1	2.0695364E-4		70	87.79
39	1	0.0		69	90.77
40	1	0.0		69	90.77
41	1	0.0		70	87.79
42	1	0.0		69	90.77
43	1	0.0		3103	84.03
44	1	0.0		70	87.79
45	1	0.0		70	87.79
46	1	0.0		69	90.77
47	1	0.0		70	87.79
48	1	0.0		69	90.77
49	1	0.0		70	87.79
50	1	0.0		69	90.77
51	1	0.030605456		3103	84.03
52	1	0.0		70	87.79
53	1	0.0		69	90.77
54	1	0.0		70	87.79
55	1	2.0695364E-4		69	90.77
56	1	0.0		70	87.79
57	1	0.0		70	87.79
58	1	0.0		70	87.79
59	1	0.19868404		70	87.79


Run no: 22
0	1	2000.0		4400	80.51
1	1	1000.039		72	90.77
2	1	0.0		72	90.77
3	1	0.92515707		218	89.12
4	1	0.87131983		3466	87.88
5	1	0.46928564		3898	85.82
6	1	0.34742084		4288	83.15
7	1	0.28611192		4288	83.15
8	1	0.13552622		3518	87.53
9	1	0.012014788		3466	87.88
10	1	0.09664571		97	90.33
11	1	0.08382066		3746	86.68
12	1	0.0		3746	86.68
13	1	0.0		217	89.67
14	1	0.0		217	89.67
15	1	0.0		3746	86.68
16	1	0.04612785		3518	87.53
17	1	0.005083179		94	90.37
18	1	0.0		72	90.77
19	1	0.05268022		3746	86.68
20	1	0.0		217	89.67
21	1	0.0		94	90.37
22	1	0.0		94	90.37
23	1	0.0		94	90.37
24	1	0.0		217	89.67
25	1	0.0		72	90.77
26	1	0.03411306		3466	87.88
27	1	0.03512015		3746	86.68
28	1	0.05360624		217	89.67
29	1	0.0		3746	86.68
30	1	0.0		94	90.37
31	1	1000.0		72	90.77
32	1	0.0		217	89.67
33	1	0.0		94	90.37
34	1	0.0		72	90.77
35	1	2.3105361E-4		217	89.67
36	1	0.0		3746	86.68
37	1	0.005083179		72	90.77
38	1	0.0038986355		94	90.37
39	1	0.0		94	90.37
40	1	0.0		3746	86.68
41	1	0.0		217	89.67
42	1	0.0		217	89.67
43	1	0.0		94	90.37
44	1	0.082846		3746	86.68
45	1	0.0		94	90.37
46	1	0.0		217	89.67
47	1	0.0		94	90.37
48	1	0.0		94	90.37
49	1	0.09205392		217	89.67
50	1	0.0		94	90.37
51	1	0.0		94	90.37
52	1	0.0		94	90.37
53	1	0.0		94	90.37
54	1	0.0		94	90.37
55	1	0.0		94	90.37
56	1	0.0		94	90.37
57	1	0.0		94	90.37
58	1	0.0		94	90.37
59	1	0.039679516		94	90.37


Run no: 23
0	1	1000.0		3791	80.2
1	1	1000.0		66	98.07
2	1	0.0		66	98.07
3	1	0.88030225		3176	87.31
4	1	0.86165786		131	87.93
5	1	0.31131384		3217	82.2
6	1	0.26880324		3185	86.85
7	1	0.047698103		79	94.98
8	1	1000.0		66	98.07
9	1	1000.0		3791	80.2
10	1	0.120536916		3342	82.04
11	1	0.10296586		3342	82.04
12	1	0.22350278		3791	80.2
13	1	0.08617795		84	94.19
14	1	0.0		87	92.65
15	1	8.053691E-4		87	92.65
16	1	0.0		96	91.14
17	1	0.05313904		98	89.66
18	1	0.08449916		96	91.14
19	1	0.08926332		98	89.66
20	1	0.0		122	88.72
21	1	0.046624277		122	88.72
22	1	0.1729155		79	94.98
23	1	0.0013422819		84	94.19
24	1	0.0425106		3342	82.04
25	1	0.037111126		131	87.93
26	1	0.028157573		3185	86.85
27	1	0.0		122	88.72
28	1	0.0		87	92.65
29	1	5.3691276E-4		96	91.14
30	1	0.0		122	88.72
31	1	0.0		84	94.19
32	1	0.0		79	94.98
33	1	0.0		87	92.65
34	1	0.0		84	94.19
35	1	0.08282037		96	91.14
36	1	0.0		66	98.07
37	1	0.0		79	94.98
38	1	0.0024161073		96	91.14
39	1	0.08617795		87	92.65
40	1	0.08449916		87	92.65
41	1	0.0		96	91.14
42	1	0.006442953		122	88.72
43	1	0.0		84	94.19
44	1	0.0		79	94.98
45	1	0.0		66	98.07
46	1	0.0024161073		87	92.65
47	1	0.0		79	94.98
48	1	0.0		87	92.65
49	1	0.0		87	92.65
50	1	0.0		122	88.72
51	1	0.0		79	94.98
52	1	0.0		84	94.19
53	1	0.0		79	94.98
54	1	0.17640543		66	98.07
55	1	0.0		96	91.14
56	1	0.0		87	92.65
57	1	0.052602127		122	88.72
58	1	0.0013422819		79	94.98
59	1	0.04501354		84	94.19


Run no: 24
0	1	2000.0		3426	78.87
1	1	1000.0		74	90.81
2	1	0.0		74	90.81
3	1	0.11892797		85	90.73
4	1	0.003281623		85	90.73
5	1	0.0		74	90.81
6	1	8.949881E-4		85	90.73
7	1	0.0		74	90.81
8	1	0.0		74	90.81
9	1	0.0		74	90.81
10	1	0.0		74	90.81
11	1	0.0		74	90.81
12	1	0.0		74	90.81
13	1	0.0		74	90.81
14	1	0.0067001674		74	90.81
15	1	1.7158675		3061	80.56
16	1	0.0		74	90.81
17	1	0.0		74	90.81
18	1	0.0		74	90.81
19	1	0.0		74	90.81
20	1	0.0		74	90.81
21	1	0.0		74	90.81
22	1	0.0		74	90.81
23	1	0.0		74	90.81
24	1	1.739587		88	89.31
25	1	0.0		85	90.73
26	1	0.09631491		3337	80.02
27	1	0.0		74	90.81
28	1	0.0		74	90.81
29	1	0.0		74	90.81
30	1	0.0		74	90.81
31	1	0.0		74	90.81
32	1	0.024761336		3337	80.02
33	1	0.0		74	90.81
34	1	0.0		74	90.81
35	1	0.0		74	90.81
36	1	0.0		74	90.81
37	1	0.0		74	90.81
38	1	0.0		74	90.81
39	1	0.0		74	90.81
40	1	0.0		85	90.73
41	1	0.0		74	90.81
42	1	0.0		74	90.81
43	1	0.0		74	90.81
44	1	0.0		74	90.81
45	1	0.0		3337	80.02
46	1	0.0		74	90.81
47	1	0.03325148		3337	80.02
48	1	0.12756503		3254	80.1
49	1	0.0067001674		85	90.73
50	1	0.0		74	90.81
51	1	1000.0033		74	90.81
52	2	2000.0		3328	80.16
53	2	2000.0		105	90.47
54	2	0.029408233		105	90.47
55	2	1.800777		3208	80.94
56	2	0.87125933		472	89.59
57	2	0.8983651		472	89.59
58	2	0.11748848		106	90.17
59	2	0.16981485		368	90.1


Run no: 25
0	1	2000.0		812	82.67
1	1	1000.0		64	93.92
2	1	1000.0		64	93.92
3	1	0.9698039		108	87.22
4	1	0.6657754		606	84.62
5	1	0.54277		71	88.25
6	1	0.504		64	93.92
7	1	0.29828402		787	83.1
8	1	0.23111111		606	84.62
9	1	0.2031729		645	84.32
10	1	0.13384551		645	84.32
11	1	0.062222224		100	87.92
12	1	0.038770054		100	87.92
13	1	0.038222224		787	83.1
14	1	0.03342246		787	83.1
15	1	0.029333333		100	87.92
16	1	0.029333333		71	88.25
17	1	0.026737968		626	84.47
18	1	0.026737968		606	84.62
19	1	0.025401069		626	84.47
20	1	0.013333334		606	84.62
21	1	0.013333334		626	84.47
22	1	0.013333334		626	84.47
23	1	0.010695187		100	87.92
24	1	0.009358289		71	88.25
25	1	0.009358289		64	93.92
26	1	0.0		71	88.25
27	1	0.0		64	93.92
28	1	0.0		606	84.62
29	1	0.0		100	87.92
30	1	0.0		71	88.25
31	1	0.0		100	87.92
32	1	0.0		606	84.62
33	1	0.0		606	84.62
34	1	0.0		71	88.25
35	1	0.0		606	84.62
36	1	0.0		71	88.25
37	1	0.0		606	84.62
38	1	0.0		71	88.25
39	1	0.0		100	87.92
40	1	0.0		100	87.92
41	1	0.0		606	84.62
42	1	0.0		100	87.92
43	1	0.0		606	84.62
44	1	0.0		100	87.92
45	1	0.0		100	87.92
46	1	0.0		100	87.92
47	1	0.0		100	87.92
48	1	0.0		71	88.25
49	1	0.0		606	84.62
50	1	0.0		606	84.62
51	1	0.0		606	84.62
52	1	0.0		100	87.92
53	1	0.0		606	84.62
54	1	0.0		100	87.92
55	1	0.0		100	87.92
56	1	0.0		71	88.25
57	1	0.0		100	87.92
58	1	0.0		100	87.92
59	1	0.0		71	88.25


Run no: 26
0	1	1000.13574		4517	82.52
1	1	1000.1185		4517	82.52
2	1	1000.0		74	92.73
3	1	1000.0		74	92.73
4	1	0.91542125		3794	84.52
5	1	0.8936486		176	85.33
6	1	0.2833091		3914	83.73
7	1	0.23624347		176	85.33
8	1	0.23016651		149	87.68
9	1	0.14759001		81	91.32
10	1	0.1469148		84	89.82
11	1	0.13967541		81	91.32
12	1	0.13809991		74	92.73
13	1	0.12624289		99	88.6
14	1	0.120165914		84	89.82
15	1	0.058662087		129	88.07
16	1	0.053532578		3911	84.02
17	1	0.051909894		99	88.6
18	1	0.033975907		129	88.07
19	1	0.033300687		132	87.73
20	1	0.029078746		3911	84.02
21	1	0.027649168		3795	84.3
22	1	0.026108485		3795	84.3
23	1	0.021547502		3795	84.3
24	1	0.006076975		149	87.68
25	1	0.0048971595		149	87.68
26	1	0.0048971595		132	87.73
27	1	0.0038262436		149	87.68
28	1	0.0038262436		132	87.73
29	1	0.0033760972		84	89.82
30	1	0.0033760972		99	88.6
31	1	0.001575512		74	92.73
32	1	6.7521946E-4		132	87.73
33	1	0.0		74	92.73
34	1	0.0		81	91.32
35	1	0.0		81	91.32
36	1	0.0		84	89.82
37	1	0.0		99	88.6
38	1	0.0		132	87.73
39	1	0.0		3795	84.3
40	1	0.0		3795	84.3
41	1	0.0		99	88.6
42	1	0.0		149	87.68
43	1	0.0		132	87.73
44	1	0.0		99	88.6
45	1	0.0		81	91.32
46	1	0.0		84	89.82
47	1	0.0		3795	84.3
48	1	0.0		74	92.73
49	1	0.0		149	87.68
50	1	0.0		81	91.32
51	1	0.0		99	88.6
52	1	0.0		99	88.6
53	1	0.0		3795	84.3
54	1	0.0		132	87.73
55	1	0.0		74	92.73
56	1	0.0		81	91.32
57	1	0.0		84	89.82
58	1	0.0		99	88.6
59	1	0.0		99	88.6


Run no: 27
0	1	1000.28674		70	106.3
1	1	1000.0014		4785	77.32
2	1	1000.0		4785	77.32
3	1	1000.0		70	106.3
4	1	0.56100255		4780	77.36
5	1	0.55856186		3269	84.26
6	1	0.5548991		480	84.89
7	1	0.5376458		3015	84.54
8	1	0.2869616		71	97.99
9	1	0.16201922		71	97.99
10	1	0.16201922		80	93.35
11	1	0.09031965		118	92.86
12	1	0.087114744		439	86.51
13	1	0.087114744		435	89.01
14	1	0.06943729		424	90.69
15	1	0.06901311		422	92.69
16	1	0.06447508		422	92.69
17	1	0.060303994		424	90.69
18	1	0.057971016		435	89.01
19	1	0.050217982		3065	84.39
20	1	0.043266173		3269	84.26
21	1	0.04142975		457	86.48
22	1	0.037612148		474	85.39
23	1	0.017253278		474	85.39
24	1	0.012767426		84	93.23
25	1	0.012077294		480	84.89
26	1	0.012077294		3015	84.54
27	1	0.008828629		3055	84.4
28	1	0.008483564		3015	84.54
29	1	0.0072110286		84	93.23
30	1	0.006951809		3055	84.4
31	1	0.006290293		422	92.69
32	1	0.004989143		84	93.23
33	1	0.004830918		3015	84.54
34	1	0.004485852		3269	84.26
35	1	0.004140787		80	93.35
36	1	0.0038176035		439	86.51
37	1	0.0036055143		457	86.48
38	1	0.0036055143		474	85.39
39	1	0.0023329798		435	89.01
40	1	0.0012725345		474	85.39
41	1	0.0012725345		480	84.89
42	1	0.0010604454		4785	77.32
43	1	0.0010351967		457	86.48
44	1	0.0010351967		439	86.51
45	1	8.483563E-4		80	93.35
46	1	2.1208907E-4		70	106.3
47	1	0.0		4785	77.32
48	1	0.0		480	84.89
49	1	0.0		3269	84.26
50	1	0.0		70	106.3
51	1	0.0		80	93.35
52	1	0.0		439	86.51
53	1	0.0		435	89.01
54	1	0.0		424	90.69
55	1	0.0		480	84.89
56	1	0.0		3055	84.4
57	1	0.0		422	92.69
58	1	0.0		457	86.48
59	1	0.0		424	90.69


Run no: 28
0	1	2000.0		5610	80.68
1	1	1000.0		58	94.04
2	1	1000.0		58	94.04
3	1	1.4212767		89	84.27
4	1	0.9502882		5365	83.7
5	1	0.4281437		88	89.99
6	1	0.14272787		75	91.89
7	1	0.14146706		72	93.78
8	1	0.1308435		5417	83.27
9	1	0.105330765		75	91.89
10	1	0.105330765		82	90.49
11	1	0.08929188		5439	82.13
12	1	0.07363695		5532	82.03
13	1	0.056886226		5562	81.27
14	1	0.052030664		5365	83.7
15	1	0.049565136		5562	81.27
16	1	0.03517964		82	90.49
17	1	0.03517964		85	90.02
18	1	0.03218563		5365	83.7
19	1	0.024235751		5439	82.13
20	1	0.019461079		58	94.04
21	1	0.019461079		72	93.78
22	1	0.012888488		5532	82.03
23	1	0.008645534		5562	81.27
24	1	0.0025216138		72	93.78
25	1	0.0025216138		58	94.04
26	1	0.002245509		85	90.02
27	1	0.002245509		88	89.99
28	1	0.0012608069		82	90.49
29	1	5.4034585E-4		88	89.99
30	1	5.4034585E-4		85	90.02
31	1	5.4034585E-4		85	90.02
32	1	5.4034585E-4		72	93.78
33	1	1.8011527E-4		88	89.99
34	1	0.0		75	91.89
35	1	0.0		82	90.49
36	1	0.0		5532	82.03
37	1	0.0		5562	81.27
38	1	0.0		82	90.49
39	1	0.0		85	90.02
40	1	0.0		58	94.04
41	1	0.0		72	93.78
42	1	0.0		58	94.04
43	1	0.0		85	90.02
44	1	0.0		85	90.02
45	1	0.0		88	89.99
46	1	0.0		72	93.78
47	1	0.0		82	90.49
48	1	0.0		88	89.99
49	1	0.0		82	90.49
50	1	0.0		58	94.04
51	1	0.0		72	93.78
52	1	0.0		85	90.02
53	1	0.0		72	93.78
54	1	0.0		75	91.89
55	1	0.0		85	90.02
56	1	0.0		85	90.02
57	1	0.0		82	90.49
58	1	0.0		85	90.02
59	1	0.0		85	90.02


Run no: 29
0	1	0.0		3370	87.73
1	1	0.019614402		124	89.93
2	1	0.27453724		3370	87.73
3	1	0.58301157		3590	81.69
4	1	1.1298227		124	89.93
5	1	0.0		75	90.91
6	1	0.0		99	90.06
7	1	0.073172465		3590	81.69
8	1	0.58301157		3370	87.73
9	1	0.0		68	91.21
10	1	8.4793667E-4		68	91.21
11	1	0.0		75	90.91
12	1	0.0		99	90.06
13	1	0.0		3590	81.69
14	1	0.08204633		99	90.06
15	1	0.0		75	90.91
16	1	0.0		75	90.91
17	1	0.0067834933		75	90.91
18	1	0.001978519		75	90.91
19	1	0.0		75	90.91
20	1	0.0		75	90.91
21	1	0.028957529		75	90.91
22	1	0.08204633		75	90.91
23	1	2000.0		65	91.33
24	1	0.062182024		3590	81.69
25	1	0.0		75	90.91
26	1	0.0		3590	81.69
27	1	0.0		3370	87.73
28	1	0.019614402		99	90.06
29	1	0.0		75	90.91
30	1	0.0		99	90.06
31	1	0.0		75	90.91
32	1	0.0		68	91.21
33	1	0.0		3590	81.69
34	1	0.028957529		68	91.21
35	1	0.0		75	90.91
36	1	0.0		75	90.91
37	1	0.0		75	90.91
38	1	0.0		75	90.91
39	1	0.0		75	90.91
40	1	0.0067834933		99	90.06
41	1	0.0		75	90.91
42	1	0.9174675		3370	87.73
43	1	0.0		68	91.21
44	1	0.0		75	90.91
45	1	0.0		75	90.91
46	1	2000.0		3603	80.97
47	1	0.01356153		68	91.21
48	2	1000.0		3653	81.51
49	2	1001.0		65	91.51
50	2	0.0		3653	81.51
51	2	0.0		65	91.51
52	2	0.0		65	91.51
53	2	0.0		3653	81.51
54	2	1000.0		3653	81.51
55	2	2.0		3653	81.51
56	2	0.0		65	91.51
57	2	0.0		65	91.51
58	2	0.0		65	91.51
59	2	1001.0		65	91.51

