
Run no: 0
92.35	
92.35	
92.35	
92.35	
92.35	
92.35	
91.89	
91.17	
91.17	
85.76	
85.76	
85.76	
85.76	
85.76	
85.76	
85.28	
85.28	
85.28	
85.28	
85.28	
85.28	
85.28	
85.02	
85.02	
81.82	
81.82	
81.82	
81.82	
81.63	
81.63	
81.53	

Run no: 1
93.85	
93.85	
93.85	
93.85	
93.85	
93.85	
93.85	
93.85	
91.73	
91.73	
91.73	
91.73	
88.83	
88.83	
88.83	
87.52	
86.73	
86.73	
86.73	
86.73	
85.11	
81.07	
81.07	
81.07	
81.07	
81.06	
81.06	
81.06	
81.06	
81.06	
81.06	

Run no: 2
88.69	
88.69	
88.69	
79.58	
79.58	
79.58	
79.58	
78.21	
78.21	
78.21	
78.21	
78.21	
78.21	
78.21	
77.96	
77.96	
77.96	
77.96	
77.96	
77.96	
77.96	
77.96	
77.96	
77.96	
77.96	
77.96	
77.71	
77.71	
76.69	
76.69	
76.69	

Run no: 3
93.45	
90.32	
90.32	
90.32	
90.32	
90.32	
90.32	
90.18	
90.18	
90.18	
87.53	
87.53	
87.53	
85.88	
85.87	
85.87	
85.87	
85.87	
85.87	
85.87	
85.87	
85.49	
85.49	
85.49	
85.49	
85.49	
85.49	
85.49	
85.49	
85.04	
85.04	

Run no: 4
92.69	
92.69	
92.69	
92.44	
86.6	
86.6	
86.6	
86.3	
86.3	
86.3	
86.3	
86.3	
86.3	
86.3	
86.3	
84.24	
83.04	
83.04	
80.94	
80.94	
80.94	
80.94	
80.71	
80.71	
80.71	
80.71	
80.71	
80.71	
80.71	
80.71	
80.71	

Run no: 5
95.55	
95.55	
95.55	
95.55	
95.55	
94.78	
93.77	
93.77	
93.77	
91.9	
91.9	
91.9	
91.9	
91.9	
91.83	
91.35	
91.35	
91.35	
88.85	
88.85	
88.85	
88.85	
87.57	
87.57	
87.52	
86.82	
86.82	
86.82	
86.82	
86.82	
86.82	

Run no: 6
93.55	
90.45	
90.45	
90.45	
90.14	
90.14	
86.91	
86.91	
86.91	
86.91	
82.0	
82.0	
82.0	
82.0	
82.0	
82.0	
82.0	
82.0	
82.0	
81.93	
81.93	
80.23	
80.23	
80.23	
80.23	
80.23	
80.23	
80.23	
80.23	
80.23	
80.23	

Run no: 7
92.91	
92.91	
91.5	
91.5	
91.5	
91.2	
91.2	
91.2	
91.2	
91.2	
91.2	
90.57	
90.57	
90.57	
90.57	
90.57	
90.57	
90.57	
90.57	
87.33	
87.33	
87.33	
87.33	
86.88	
86.88	
86.88	
86.88	
86.64	
86.64	
86.64	
86.64	

Run no: 8
94.26	
94.26	
91.6	
91.6	
91.6	
91.01	
91.01	
91.01	
90.86	
90.1	
90.1	
90.1	
90.1	
90.1	
90.1	
85.58	
85.58	
85.58	
85.58	
85.58	
85.58	
85.58	
85.58	
85.58	
85.58	
82.32	
82.32	
82.32	
82.32	
82.32	
82.32	

Run no: 9
92.75	
92.75	
92.75	
92.75	
92.75	
92.53	
85.84	
85.84	
85.84	
85.84	
85.84	
85.84	
85.84	
85.84	
84.78	
84.78	
84.78	
84.78	
84.78	
79.91	
79.91	
79.91	
79.91	
79.91	
79.91	
79.91	
78.15	
78.15	
78.15	
78.15	
78.15	

Run no: 10
92.18	
88.6	
83.54	
83.54	
83.54	
83.54	
83.54	
83.54	
83.54	
83.49	
83.49	
83.49	
83.49	
83.46	
83.46	
83.46	
83.46	
83.46	
83.46	
80.86	
80.86	
80.86	
80.86	
80.86	
80.81	
80.81	
80.81	
80.81	
80.81	
80.6	
80.6	

Run no: 11
94.16	
94.16	
86.74	
86.74	
86.74	
86.74	
86.74	
86.61	
86.61	
86.61	
86.61	
86.61	
86.61	
86.61	
86.61	
86.61	
81.55	
81.55	
81.55	
80.89	
80.89	
80.89	
80.89	
80.89	
79.44	
79.44	
79.44	
79.44	
79.44	
79.44	
79.44	

Run no: 12
93.48	
90.99	
80.73	
80.73	
80.21	
80.21	
80.21	
79.71	
79.71	
79.71	
79.71	
79.71	
79.68	
79.68	
79.68	
79.68	
79.68	
79.68	
79.68	
79.68	
79.25	
75.12	
75.12	
75.12	
75.12	
75.12	
75.12	
75.05	
75.05	
75.05	
75.05	

Run no: 13
93.66	
90.71	
90.71	
90.3	
89.68	
89.68	
83.72	
83.69	
83.69	
83.69	
83.69	
83.69	
83.69	
82.55	
82.55	
82.55	
82.55	
82.55	
82.55	
82.55	
82.55	
82.55	
82.55	
82.55	
82.55	
82.55	
82.55	
78.08	
78.08	
78.08	
78.08	

Run no: 14
88.86	
88.86	
88.86	
88.86	
88.86	
88.86	
88.84	
88.84	
88.84	
88.84	
88.84	
88.84	
88.11	
88.11	
87.81	
87.81	
87.81	
85.11	
83.24	
83.24	
83.24	
83.24	
83.24	
82.79	
82.79	
82.79	
82.79	
82.79	
82.79	
82.79	
82.79	

Run no: 15
95.34	
87.5	
87.5	
87.5	
87.5	
87.5	
87.5	
87.5	
87.5	
87.5	
87.5	
87.5	
87.5	
86.76	
86.76	
86.76	
86.76	
86.76	
86.26	
86.26	
86.26	
86.26	
86.26	
86.26	
86.26	
86.26	
86.26	
86.26	
86.26	
86.26	
86.26	

Run no: 16
93.34	
93.34	
91.95	
91.95	
91.95	
91.95	
91.95	
91.95	
89.6	
89.6	
89.6	
89.6	
89.6	
81.0	
81.0	
81.0	
80.7	
80.7	
78.21	
78.21	
78.21	
78.21	
78.21	
77.88	
77.88	
77.88	
77.76	
77.76	
77.76	
77.76	
77.76	

Run no: 17
93.57	
93.57	
93.57	
93.57	
91.63	
91.63	
89.65	
89.65	
89.65	
89.65	
89.65	
89.65	
88.46	
88.46	
88.46	
88.46	
88.46	
88.46	
88.14	
87.79	
87.79	
87.79	
87.79	
87.79	
87.79	
86.41	
86.41	
86.41	
86.41	
86.41	
86.4	

Run no: 18
89.62	
89.62	
89.42	
89.42	
89.28	
89.28	
89.28	
89.28	
89.28	
87.63	
87.63	
87.63	
87.63	
87.63	
87.63	
87.57	
87.57	
87.57	
87.57	
87.57	
74.32	
74.32	
74.32	
74.32	
74.32	
73.28	
73.28	
73.28	
73.28	
73.28	
73.28	

Run no: 19
95.33	
87.33	
87.33	
87.33	
87.33	
87.33	
87.33	
85.49	
85.49	
85.49	
85.49	
85.49	
85.49	
85.49	
85.14	
85.14	
85.14	
85.14	
85.14	
85.14	
85.14	
85.14	
85.14	
85.14	
84.52	
84.52	
84.52	
84.52	
84.52	
84.52	
84.52	

Run no: 20
96.31	
96.31	
96.31	
96.31	
95.57	
95.57	
94.06	
91.14	
85.31	
85.31	
85.31	
85.31	
85.31	
84.11	
84.11	
83.65	
83.65	
83.65	
83.65	
83.65	
83.65	
83.26	
81.99	
81.99	
81.99	
81.99	
81.99	
81.99	
81.99	
76.7	
76.12	

Run no: 21
93.3	
93.3	
93.3	
93.3	
93.23	
88.52	
88.52	
88.52	
88.52	
88.52	
88.48	
88.48	
88.48	
88.48	
88.48	
88.48	
88.48	
84.09	
84.09	
84.09	
84.09	
84.09	
84.09	
81.55	
81.55	
81.55	
81.55	
81.55	
81.55	
81.55	
81.55	

Run no: 22
94.22	
94.22	
94.22	
94.22	
91.52	
91.52	
90.82	
90.82	
90.82	
90.82	
90.82	
90.82	
90.82	
86.68	
83.08	
83.08	
83.08	
83.08	
83.08	
82.72	
82.72	
82.72	
82.72	
82.72	
82.72	
82.72	
82.72	
82.72	
82.72	
80.51	
80.51	

Run no: 23
97.25	
97.25	
97.25	
97.25	
97.25	
95.45	
95.45	
95.08	
95.08	
88.03	
88.03	
88.03	
88.03	
88.03	
88.03	
87.67	
87.67	
82.25	
82.25	
82.25	
82.25	
82.22	
82.07	
82.07	
82.07	
82.07	
82.07	
82.04	
80.2	
80.2	
80.2	

Run no: 24
95.75	
95.75	
95.75	
95.75	
91.51	
91.51	
91.51	
91.37	
91.37	
90.62	
90.62	
90.62	
90.62	
90.62	
90.57	
90.57	
90.57	
90.47	
90.47	
90.47	
79.57	
79.57	
79.57	
79.57	
79.57	
79.57	
79.57	
79.25	
78.87	
78.87	
78.87	

Run no: 25
86.29	
86.29	
86.29	
86.29	
86.29	
86.29	
85.54	
85.54	
84.77	
84.77	
84.77	
84.77	
84.62	
84.62	
83.27	
83.27	
83.27	
83.27	
83.27	
83.27	
83.27	
83.27	
83.27	
83.27	
83.27	
83.12	
83.12	
83.12	
83.12	
82.67	
82.67	

Run no: 26
91.66	
91.66	
91.66	
91.66	
91.66	
91.62	
91.62	
91.16	
91.16	
91.16	
90.55	
90.52	
90.52	
90.45	
90.45	
90.45	
90.45	
90.45	
83.8	
83.8	
83.8	
83.8	
83.8	
83.8	
83.8	
83.8	
83.8	
83.8	
82.52	
82.52	
82.52	

Run no: 27
90.69	
90.69	
90.69	
84.94	
84.94	
84.94	
84.94	
84.94	
84.79	
84.79	
84.79	
84.54	
80.58	
80.58	
80.58	
80.58	
80.58	
80.58	
80.11	
80.11	
80.11	
80.11	
79.36	
79.36	
79.3	
77.32	
77.32	
77.32	
77.32	
77.32	
77.32	

Run no: 28
93.53	
91.32	
91.32	
87.68	
87.68	
87.68	
87.68	
81.48	
81.48	
81.48	
81.48	
81.48	
81.35	
81.35	
81.35	
81.35	
81.35	
81.35	
81.35	
81.27	
81.27	
81.27	
81.27	
80.76	
80.76	
80.76	
80.76	
80.68	
80.68	
80.68	
80.68	

Run no: 29
96.25	
96.25	
96.25	
91.93	
90.68	
90.68	
90.68	
90.68	
90.68	
90.68	
90.68	
90.68	
90.68	
90.68	
90.68	
88.22	
88.22	
88.21	
88.21	
88.21	
88.16	
88.16	
88.16	
88.16	
84.99	
84.99	
81.69	
81.69	
81.51	
81.51	
80.97	
