80.4
79.3
73.18
83.73
78.91
76.2
85.12
77.14
84.0
84.65
79.48
82.13
88.68
84.04
79.07
85.39
78.65
80.41
79.85
84.99
78.59
75.41
79.63
80.01
83.27
77.5
83.25
79.68
85.86
83.09
76.63
83.16
79.04
76.15
79.59
79.45
87.82
81.99
80.76
83.44
78.99
81.93
79.48
84.61
83.67
85.86
78.94
78.43
82.52
87.95
73.2
77.38
84.18
83.04
79.82
82.05
78.71
79.4
85.61
82.25
79.0
85.02
76.57
78.34
79.74
80.35
75.82
78.0
81.73
81.94
83.61
74.26
77.67
81.42
80.06
77.27
77.94
80.78
79.67
82.4
80.23
77.44
76.77
82.69
85.6
80.7
76.57
80.14
82.49
76.3
83.91
83.47
79.22
79.11
86.5
83.05
86.68
79.2
80.47
78.74
78.65
74.7
83.51
77.24
78.56
84.85
76.61
82.25
82.18
81.28
84.92
77.68
82.6
80.48
81.02
78.71
80.63
88.0
85.72
81.75
83.63
81.72
86.22
78.91
82.97
78.55
85.91
78.05
82.51
79.91
83.17
75.95
79.12
83.93
83.01
84.88
79.65
80.91
80.9
83.0
81.31
81.39
78.81
79.57
78.66
82.38
80.94
78.61
76.76
79.53
75.69
77.24
76.69
78.98
80.22
76.86
80.01
80.74
77.55
71.3
80.82
84.51
86.27
82.32
74.95
73.38
84.74
80.5
80.17
82.74
84.01
84.59
75.9
77.22
78.47
77.61
73.48
82.52
79.48
80.31
81.53
81.62
77.24
79.72
82.87
77.41
79.51
82.66
83.42
79.6
75.19
80.39
82.75
78.81
79.8
79.54
79.03
78.9
79.25
75.72
81.07
87.6
78.46
75.42
76.14
74.38
82.4
78.75
79.92
78.55
79.69
82.86
82.59
77.53
75.53
82.46
78.61
85.12
81.99
76.93
81.78
81.4
80.72
79.85
81.35
79.81
79.95
83.05
85.86
71.79
82.07
76.65
77.33
80.15
77.65
82.13
76.35
80.24
86.13
75.91
81.39
77.87
82.51
80.9
83.38
76.16
77.48
79.01
76.25
76.79
78.01
79.56
80.73
73.84
77.83
77.81
79.22
77.95
80.8
75.22
79.23
84.11
80.69
81.83
78.48
75.14
78.54
76.56
78.18
78.88
81.53
81.06
76.69
85.04
80.71
86.82
80.23
86.64
82.32
78.15
80.6
79.44
75.05
78.08
82.79
86.26
77.76
86.4
73.28
84.52
76.12
81.55
80.51
80.2
78.87
82.67
82.52
77.32
80.68
80.97
80.39
80.16
82.63
83.64
85.96
80.21
80.63
81.93
82.02
82.07
79.74
81.94
80.79
81.41
82.59
80.28
79.39
80.53
79.78
84.55
80.06
79.68
79.75
80.97
78.4
83.89
83.37
80.01
84.84
83.22
76.8
80.98
81.65
81.17
80.89
78.93
79.34
82.0
81.46
73.83
75.31
78.99
80.23
83.52
78.5
83.27
81.28
78.07
80.13
80.25
78.43
81.06
80.81
76.84
80.34
81.68
80.67
77.16
78.08
83.26
78.81
79.55
81.18
83.27
81.99
78.89
76.95
80.51
83.43
84.11
83.65
80.57
78.4
78.71
80.35
83.13
86.28
80.15
77.4
79.14
83.12
78.02
77.95
77.43
83.02
88.61
80.22
78.86
84.25
76.27
85.35
80.21
81.07
78.91
79.54
81.48
83.73
77.09
81.53
84.76
77.41
84.8
84.67
78.46
81.81
75.89
78.62
84.64
77.35
78.42
87.95
77.19
82.61
76.86
78.86
76.92
82.77
84.47
85.96
79.99
82.28
81.37
82.09
77.39
79.94
77.48
81.23
82.41
76.62
82.19
77.58
82.75
84.61
79.84
81.03
77.29
79.21
80.65
78.77
79.55
80.49
74.76
82.86
77.79
80.2
83.72
83.06
86.27
82.83
80.53
82.36
74.45
80.81
81.16
78.65
81.45
78.51
80.5
81.18
82.27
77.01
77.16
85.95
86.37
84.87
81.39
80.32
78.6
77.09
83.35
77.78
80.49
75.42
79.85
75.93
83.76
81.48
77.02
74.8
83.75
82.81
84.72
80.89
86.73
79.54
83.24
78.17
77.7
81.0
77.35
77.25
81.82
81.77
81.76
72.3
78.22
80.06
77.36
73.8
81.18
85.72
80.4
81.83
81.97
78.44
80.14
81.01
76.38
81.73
82.22
80.03
75.41
79.74
79.75
78.14
82.36
79.03
79.19
80.33
80.55
81.38
76.19
77.16
78.44
76.88
76.62
81.37
82.49
78.24
76.62
82.79
77.36
86.18
78.6
81.63
82.77
77.72
83.15
76.45
80.85
82.37
80.12
85.18
81.1
75.67
80.57
75.3
83.19
82.44
80.31
81.25
77.57
84.82
85.19
84.26
80.21
86.94
79.11
83.79
79.97
87.19
74.58
76.0
81.37
83.96
83.14
80.64
84.24
83.53
81.1
82.08
80.47
86.33
79.32
80.3
81.19
87.67
77.21
82.98
81.07
80.71
82.26
82.23
82.76
82.59
84.62
77.29
76.2
77.32
76.87
83.03
81.59
81.55
83.11
78.53
83.6
81.01
77.6
79.86
81.39
79.96
80.18
80.3
81.73
79.91
76.76
80.0
82.58
73.89
80.14
81.89
77.76
79.66
76.92
78.11
79.42
79.3
83.17
80.12
81.02
79.67
82.11
82.77
81.62
80.02
82.23
83.56
82.52
79.17
80.73
81.38
78.21
82.41
83.19
85.18
79.11
78.78
80.75
83.73
81.39
78.6
80.11
79.66
80.74
80.68
86.14
80.88
84.86
77.59
83.24
81.84
80.79
80.66
82.78
86.91
75.97
80.56
87.41
75.79
79.62
83.47
76.2
78.63
82.39
84.91
87.84
76.51
78.83
82.89
79.75
80.3
79.15
79.28
77.27
85.56
80.83
82.19
76.87
81.4
81.67
79.23
81.97
81.01
80.42
78.26
79.76
80.98
75.15
83.16
82.48
77.3
83.58
75.96
78.37
79.61
81.81
76.62
79.23
79.3
81.09
77.59
77.24
74.66
77.31
78.59
82.11
77.0
72.75
84.74
74.9
81.51
82.56
80.01
78.78
80.13
80.45
80.37
80.45
76.25
83.92
84.05
80.5
82.29
75.73
77.02
78.43
79.3
83.5
74.92
78.53
76.17
73.53
79.85
79.18
77.23
83.89
77.62
84.24
80.17
76.32
77.15
83.72
82.62
82.27
82.2
81.18
83.52
81.03
81.61
78.78
80.94
81.69
77.47
79.41
81.92
80.47
77.16
79.36
81.81
78.86
80.79
77.92
82.0
78.21
81.48
83.47
83.88
82.65
78.09
83.96
78.93
76.02
77.12
76.23
76.36
80.95
82.86
80.31
79.37
78.77
78.57
78.49
72.93
78.85
81.7
80.72
79.75
83.68
78.08
80.35
81.3
82.22
80.8
78.76
80.45
73.05
79.3
81.69
78.13
85.31
79.53
78.63
80.25
80.66
85.32
73.78
79.43
76.71
76.02
77.05
78.57
78.49
72.93
78.85
81.7
80.72
79.75
83.68
78.08
80.35
81.3
82.22
80.8
78.76
80.45
73.05
79.3
81.69
78.13
85.31
79.53
78.63
80.25
80.66
85.32
73.78
79.43
76.71
76.02
77.05
