72
61
67
80
66
61
69
65
72
75
68
71
71
66
61
59
66
67
80
73
66
68
70
74
69
64
70
69
65
70
61
70
65
60
72
70
59
69
72
76
66
70
66
72
71
64
73
69
57
66
63
67
73
74
65
67
57
64
68
70
64
74
68
71
73
76
79
82
73
67
72
66
68
68
75
77
74
70
69
72
69
68
72
66
74
64
74
70
58
65
62
71
73
57
74
66
73
64
71
63
75
63
63
68
70
65
64
67
69
73
68
62
72
73
58
68
71
71
74
68
67
78
70
65
55
69
74
65
58
73
69
69
66
58
76
72
70
78
70
74
69
70
71
69
73
72
73
62
69
65
62
77
73
72
67
66
78
71
79
77
73
66
67
70
69
69
74
66
81
71
77
83
70
59
72
62
80
74
65
75
65
64
65
76
71
74
71
71
68
64
66
56
74
73
64
71
74
68
67
72
74
68
63
68
69
62
68
63
70
65
64
75
68
70
69
68
73
78
69
65
67
56
61
66
79
72
70
75
65
73
72
73
67
67
53
73
62
70
76
75
58
63
89
62
77
67
76
60
74
71
68
77
62
72
79
57
76
67
63
79
72
82
62
64
68
64
73
69
72
60
71
65
65
63
74
73
62
73
73
68
77
57
67
60
73
71
75
72
67
73
75
72
72
77
76
65
65
70
66
69
65
61
64
65
64
69
68
75
68
65
75
61
59
71
70
77
71
60
69
56
66
60
76
73
70
67
75
70
74
63
71
74
64
72
56
75
61
67
84
64
65
75
69
69
71
63
76
74
75
72
75
77
67
61
65
74
69
70
66
80
70
76
72
71
73
66
66
67
72
69
73
56
67
70
64
80
69
66
69
60
68
59
73
76
68
62
55
69
66
68
74
70
66
65
64
79
63
68
71
66
61
67
71
76
78
65
63
76
71
68
72
72
80
72
65
66
72
72
66
64
68
73
69
77
72
70
74
77
73
70
61
67
65
78
63
72
59
73
70
72
69
67
66
80
62
66
67
77
74
84
62
61
64
69
67
68
70
68
62
49
62
77
64
73
54
70
62
68
74
77
69
57
70
65
71
62
70
63
60
73
78
78
75
72
77
60
59
64
54
70
75
63
78
70
75
71
69
63
67
66
72
70
70
72
77
70
74
70
74
73
77
71
76
73
76
72
68
71
83
66
70
76
68
65
67
69
74
71
69
73
68
71
71
65
71
71
58
66
74
72
71
70
68
73
70
68
68
68
78
64
70
71
69
58
72
67
68
61
65
73
71
68
70
65
67
64
66
75
67
68
69
56
71
72
74
69
59
61
73
74
57
77
66
73
70
65
79
69
67
67
68
72
69
74
70
67
68
70
69
58
