
Run no: 0
92.92	
92.92	
92.92	
91.95	
90.86	
88.71	
88.71	
88.29	
88.29	
88.22	
86.72	
86.72	
84.96	
84.96	
84.96	
84.78	
84.78	
84.78	
84.78	
84.78	
84.78	
83.92	
83.92	
83.92	
83.92	
83.92	
83.92	
83.9	
83.9	
82.81	
82.81	

Run no: 1
93.54	
92.01	
91.1	
91.1	
91.1	
91.1	
91.1	
90.89	
88.03	
87.53	
87.53	
87.53	
87.53	
87.53	
87.53	
86.43	
86.43	
86.43	
86.43	
86.43	
86.03	
86.03	
86.03	
86.03	
86.03	
84.72	
84.72	
84.72	
84.72	
84.72	
84.72	

Run no: 2
92.76	
92.76	
92.76	
92.76	
90.76	
90.76	
82.33	
82.33	
82.33	
82.26	
82.26	
82.26	
82.26	
82.26	
81.48	
81.48	
81.48	
81.48	
81.36	
81.36	
81.36	
81.36	
81.36	
81.36	
81.36	
81.36	
81.36	
81.31	
81.28	
80.89	
80.89	

Run no: 3
95.65	
95.65	
95.65	
95.65	
94.15	
93.66	
93.66	
93.66	
93.62	
93.62	
93.62	
93.62	
92.88	
89.46	
89.46	
89.17	
89.17	
89.17	
89.17	
89.15	
88.61	
88.61	
88.61	
88.61	
88.61	
88.61	
86.92	
86.92	
86.92	
86.92	
86.73	

Run no: 4
89.27	
89.27	
88.64	
88.64	
88.64	
88.55	
88.55	
84.53	
84.48	
84.48	
83.89	
83.89	
83.39	
83.09	
83.09	
82.62	
82.27	
81.23	
81.23	
81.23	
81.23	
80.85	
80.85	
80.85	
80.57	
80.28	
80.28	
80.05	
80.05	
79.54	
79.54	

Run no: 5
92.84	
92.84	
92.84	
92.77	
92.73	
92.71	
89.48	
89.48	
88.88	
88.88	
83.86	
83.86	
83.86	
83.86	
83.4	
83.4	
83.4	
83.4	
83.4	
83.4	
83.4	
83.4	
83.4	
83.4	
83.4	
83.4	
83.4	
83.4	
83.4	
83.4	
83.24	

Run no: 6
92.59	
92.59	
86.22	
86.22	
86.22	
86.19	
85.67	
83.73	
83.73	
82.98	
82.98	
82.83	
82.68	
82.38	
82.38	
82.38	
82.12	
82.12	
82.04	
82.04	
81.11	
81.11	
81.11	
80.91	
80.17	
79.94	
79.94	
79.12	
78.78	
78.17	
78.17	

Run no: 7
90.1	
90.1	
90.1	
90.1	
88.03	
88.03	
88.03	
88.03	
88.03	
87.08	
87.08	
87.08	
87.08	
87.0	
81.25	
81.25	
81.25	
81.25	
81.25	
80.66	
80.66	
80.66	
80.66	
80.66	
80.66	
80.66	
80.66	
78.83	
78.83	
78.61	
77.7	

Run no: 8
93.97	
89.82	
89.74	
89.74	
89.74	
88.41	
88.41	
87.33	
87.33	
84.41	
84.41	
84.41	
84.41	
84.41	
84.41	
82.39	
82.39	
82.39	
82.39	
81.69	
81.69	
81.69	
81.69	
81.69	
81.69	
81.69	
81.69	
81.65	
81.65	
81.65	
81.0	

Run no: 9
96.32	
96.32	
96.32	
96.32	
93.84	
93.6	
93.2	
93.2	
93.2	
90.1	
90.1	
90.1	
90.1	
88.29	
88.29	
88.29	
88.29	
84.64	
84.64	
84.64	
84.64	
84.64	
83.38	
83.38	
83.38	
83.38	
77.41	
77.41	
77.41	
77.35	
77.35	

Run no: 10
90.88	
89.72	
89.72	
89.41	
89.41	
89.41	
83.47	
82.16	
82.15	
82.15	
81.65	
81.65	
80.45	
80.45	
80.45	
80.09	
79.95	
79.95	
79.95	
79.95	
79.95	
77.31	
77.31	
77.31	
77.31	
77.25	
77.25	
77.25	
77.25	
77.25	
77.25	

Run no: 11
93.49	
93.49	
93.49	
86.23	
85.84	
85.84	
85.84	
85.79	
85.77	
83.34	
83.34	
83.34	
83.34	
83.34	
83.34	
83.34	
83.34	
83.29	
83.29	
83.29	
83.29	
83.29	
82.94	
82.94	
82.94	
82.94	
82.93	
82.93	
81.82	
81.82	
81.82	

Run no: 12
94.09	
91.35	
91.35	
91.35	
87.13	
84.59	
84.59	
84.59	
84.33	
84.22	
84.22	
84.22	
84.17	
83.81	
83.81	
82.61	
82.61	
82.16	
82.16	
82.08	
82.08	
82.08	
81.98	
81.98	
81.98	
81.77	
81.77	
81.77	
81.77	
81.77	
81.77	

Run no: 13
95.32	
95.32	
95.32	
95.06	
93.23	
93.23	
91.97	
91.97	
85.51	
85.51	
85.51	
83.21	
83.21	
83.21	
82.41	
82.41	
82.41	
82.41	
82.41	
82.41	
82.1	
82.1	
82.1	
82.02	
82.02	
82.02	
81.81	
81.81	
81.76	
81.76	
81.76	

Run no: 14
88.39	
88.39	
88.29	
88.14	
87.47	
87.47	
84.28	
76.61	
76.61	
76.61	
76.61	
75.86	
75.86	
75.86	
75.86	
75.86	
75.49	
75.46	
75.46	
75.46	
75.46	
74.96	
74.96	
74.96	
74.96	
74.96	
72.3	
72.3	
72.3	
72.3	
72.3	

Run no: 15
92.96	
92.96	
92.96	
86.84	
86.84	
86.84	
86.84	
86.39	
86.39	
86.39	
86.39	
85.78	
85.78	
84.37	
83.81	
83.62	
83.62	
83.18	
83.18	
83.18	
79.0	
78.85	
78.36	
78.36	
78.36	
78.36	
78.22	
78.22	
78.22	
78.22	
78.22	

Run no: 16
93.85	
93.85	
93.85	
87.34	
87.34	
87.34	
87.27	
87.24	
86.99	
86.99	
86.94	
86.94	
86.94	
86.94	
86.87	
86.87	
85.6	
85.6	
85.6	
85.5	
84.79	
84.79	
84.79	
84.47	
84.22	
84.16	
84.16	
84.16	
84.16	
83.93	
80.06	

Run no: 17
96.21	
96.21	
93.15	
93.15	
88.33	
88.33	
88.21	
88.21	
88.21	
86.91	
85.97	
85.97	
85.97	
85.97	
85.97	
85.97	
82.42	
82.18	
81.07	
78.03	
77.47	
77.47	
77.47	
77.47	
77.47	
77.47	
77.47	
77.36	
77.36	
77.36	
77.36	

Run no: 18
92.13	
92.13	
89.33	
89.33	
89.33	
89.33	
89.23	
89.23	
86.42	
86.42	
86.42	
86.26	
83.56	
83.56	
80.49	
80.49	
80.49	
80.43	
80.43	
80.43	
79.68	
79.68	
79.68	
79.68	
73.86	
73.86	
73.86	
73.86	
73.86	
73.86	
73.8	

Run no: 19
92.71	
87.38	
87.38	
87.13	
86.98	
86.98	
86.98	
86.88	
86.88	
86.88	
86.73	
86.68	
86.61	
86.51	
86.51	
86.51	
86.51	
86.1	
85.6	
85.6	
85.6	
85.6	
85.6	
85.6	
85.6	
85.6	
85.6	
81.18	
81.18	
81.18	
81.18	

Run no: 20
91.39	
91.03	
91.03	
90.96	
90.96	
90.88	
90.88	
90.88	
90.88	
89.05	
89.05	
89.05	
89.05	
89.05	
87.55	
87.55	
87.55	
87.55	
87.55	
87.55	
86.77	
86.77	
86.77	
85.82	
85.82	
85.82	
85.82	
85.72	
85.72	
85.72	
85.72	

Run no: 21
94.1	
94.1	
94.1	
87.33	
87.33	
87.33	
87.33	
87.28	
84.1	
84.1	
83.96	
83.96	
83.65	
83.65	
83.65	
83.65	
83.65	
83.63	
83.63	
83.63	
83.2	
83.2	
81.82	
81.82	
81.52	
81.52	
81.52	
81.52	
81.52	
80.4	
80.4	

Run no: 22
96.04	
96.04	
93.02	
93.02	
89.5	
89.5	
87.66	
87.66	
87.66	
87.66	
87.25	
87.25	
84.81	
84.81	
84.81	
84.81	
83.83	
83.83	
83.83	
83.83	
83.16	
83.16	
82.23	
82.08	
82.08	
82.08	
82.08	
82.08	
81.83	
81.83	
81.83	

Run no: 23
93.58	
93.58	
93.58	
93.58	
93.48	
92.61	
92.61	
92.61	
91.68	
91.68	
91.68	
90.93	
90.93	
90.93	
90.93	
90.66	
86.15	
86.15	
86.15	
86.15	
86.15	
86.15	
86.14	
86.14	
86.14	
86.14	
86.14	
86.14	
83.39	
83.39	
81.97	

Run no: 24
94.81	
94.81	
94.81	
93.32	
93.32	
91.24	
91.24	
91.09	
88.66	
88.66	
88.66	
88.48	
88.01	
88.01	
88.01	
88.01	
88.01	
87.86	
87.86	
87.86	
87.86	
87.58	
85.67	
80.96	
80.96	
80.63	
80.58	
80.37	
79.09	
78.86	
78.44	

Run no: 25
95.07	
95.07	
90.83	
83.85	
83.83	
83.83	
83.72	
83.35	
83.35	
83.35	
83.35	
83.33	
83.33	
83.33	
83.11	
83.11	
83.04	
83.04	
83.04	
82.21	
82.21	
82.21	
82.21	
82.21	
82.21	
82.21	
80.72	
80.19	
80.19	
80.14	
80.14	

Run no: 26
89.58	
89.58	
89.58	
89.58	
89.26	
88.99	
88.79	
87.66	
87.66	
87.1	
85.11	
85.11	
83.93	
83.93	
83.78	
83.78	
83.78	
82.05	
82.05	
82.05	
82.05	
82.05	
82.05	
81.95	
81.95	
81.67	
81.67	
81.01	
81.01	
81.01	
81.01	

Run no: 27
90.08	
90.08	
90.08	
89.08	
89.08	
89.08	
89.08	
89.08	
89.08	
89.08	
85.49	
85.49	
85.37	
81.85	
81.85	
81.68	
81.1	
81.1	
79.77	
79.77	
79.77	
78.17	
78.17	
76.67	
76.67	
76.67	
76.63	
76.63	
76.63	
76.38	
76.38	

Run no: 28
89.55	
89.55	
89.3	
89.3	
87.0	
86.23	
86.23	
86.23	
86.23	
86.18	
85.11	
85.11	
85.11	
85.11	
85.06	
85.06	
85.06	
85.06	
85.06	
85.06	
85.06	
85.06	
85.06	
83.02	
81.92	
81.92	
81.92	
81.73	
81.73	
81.73	
81.73	

Run no: 29
93.09	
93.09	
93.09	
93.09	
93.09	
93.09	
93.09	
91.85	
91.79	
91.27	
91.27	
91.27	
89.31	
89.31	
89.31	
89.31	
89.31	
89.31	
86.65	
86.65	
86.65	
86.65	
86.55	
85.57	
85.57	
85.57	
82.22	
82.22	
82.22	
82.22	
82.22	
