
Run no: 0
93.72	
93.72	
84.01	
84.01	
84.01	
84.01	
83.91	
83.91	
83.91	
83.91	
83.91	
83.91	
83.91	
83.91	
83.91	
83.91	
80.53	
80.53	
80.53	
80.53	
80.53	
80.53	
80.53	
80.53	
80.53	
80.53	
80.53	
80.53	
80.53	
80.4	
80.4	

Run no: 1
95.44	
95.44	
95.44	
94.36	
85.11	
85.11	
85.11	
85.11	
85.11	
85.11	
85.11	
85.11	
85.11	
85.11	
85.11	
85.11	
85.11	
85.11	
85.11	
85.11	
85.11	
85.11	
85.11	
85.11	
84.8	
84.8	
84.8	
84.8	
79.3	
79.3	
79.3	

Run no: 2
96.64	
91.7	
90.02	
90.02	
90.02	
90.02	
88.13	
88.13	
88.13	
81.65	
81.65	
81.65	
81.65	
81.65	
81.5	
81.5	
81.5	
81.5	
81.5	
81.5	
81.5	
78.8	
78.8	
78.8	
78.8	
78.77	
78.77	
78.77	
78.7	
73.18	
73.18	

Run no: 3
90.52	
90.52	
90.52	
90.52	
90.52	
90.52	
90.52	
87.26	
87.26	
87.26	
87.26	
87.01	
87.01	
87.01	
83.77	
83.77	
83.77	
83.77	
83.77	
83.77	
83.74	
83.74	
83.74	
83.74	
83.74	
83.74	
83.74	
83.73	
83.73	
83.73	
83.73	

Run no: 4
95.67	
95.67	
95.67	
90.16	
90.16	
89.98	
89.98	
89.98	
89.98	
89.98	
89.98	
89.98	
89.33	
89.33	
89.33	
84.26	
84.26	
84.26	
84.22	
84.22	
84.22	
84.22	
82.31	
82.31	
81.65	
81.65	
81.65	
81.65	
79.43	
79.43	
78.91	

Run no: 5
95.4	
95.4	
95.4	
94.65	
93.9	
93.84	
93.84	
93.84	
90.96	
87.11	
87.11	
87.11	
87.11	
87.11	
81.06	
80.76	
80.76	
80.76	
80.76	
80.61	
80.61	
80.61	
80.61	
80.61	
76.2	
76.2	
76.2	
76.2	
76.2	
76.2	
76.2	

Run no: 6
94.69	
89.0	
88.95	
88.55	
88.55	
88.55	
88.55	
88.55	
88.55	
88.55	
88.55	
88.5	
88.5	
88.2	
88.2	
88.2	
88.2	
88.2	
85.68	
85.68	
85.12	
85.12	
85.12	
85.12	
85.12	
85.12	
85.12	
85.12	
85.12	
85.12	
85.12	

Run no: 7
92.4	
92.4	
92.4	
90.49	
90.49	
90.49	
90.49	
90.49	
87.86	
87.86	
87.86	
87.03	
87.03	
87.03	
87.03	
86.08	
86.08	
86.08	
86.08	
86.08	
86.08	
86.08	
85.83	
85.83	
85.83	
85.83	
77.17	
77.17	
77.14	
77.14	
77.14	

Run no: 8
95.5	
95.5	
95.5	
93.68	
93.68	
93.68	
92.76	
92.76	
92.76	
92.76	
87.8	
85.05	
85.05	
85.05	
85.05	
85.05	
85.05	
84.9	
84.9	
84.85	
84.85	
84.85	
84.85	
84.85	
84.85	
84.0	
84.0	
84.0	
84.0	
84.0	
84.0	

Run no: 9
92.99	
92.99	
92.99	
92.99	
92.89	
92.86	
92.86	
92.82	
91.43	
91.43	
91.43	
91.43	
89.93	
85.86	
85.86	
85.86	
85.86	
85.86	
85.86	
85.86	
85.86	
85.86	
85.63	
85.63	
85.48	
84.65	
84.65	
84.65	
84.65	
84.65	
84.65	

Run no: 10
90.22	
90.22	
90.22	
90.22	
90.22	
90.22	
90.22	
81.79	
81.79	
81.69	
81.69	
81.69	
81.68	
81.68	
81.37	
81.37	
81.37	
81.37	
81.37	
81.37	
81.37	
81.37	
81.17	
81.17	
81.17	
81.17	
81.17	
79.48	
79.48	
79.48	
79.48	

Run no: 11
95.16	
95.16	
84.26	
84.26	
84.26	
84.26	
84.26	
84.26	
84.26	
84.26	
84.26	
84.26	
84.26	
84.26	
82.33	
82.33	
82.33	
82.33	
82.33	
82.33	
82.33	
82.33	
82.33	
82.33	
82.33	
82.33	
82.33	
82.13	
82.13	
82.13	
82.13	

Run no: 12
93.8	
93.8	
93.8	
92.12	
92.12	
92.12	
91.3	
91.3	
91.3	
89.68	
89.68	
89.68	
89.68	
89.68	
89.68	
89.68	
89.68	
89.68	
89.68	
89.58	
89.58	
89.58	
89.58	
89.58	
89.58	
89.58	
89.58	
89.58	
88.96	
88.68	
88.68	

Run no: 13
93.17	
93.17	
93.11	
93.11	
93.11	
91.83	
90.99	
90.99	
87.99	
87.99	
87.99	
87.99	
87.99	
87.99	
87.56	
87.56	
87.56	
86.51	
86.07	
85.78	
85.78	
85.78	
85.78	
84.76	
84.76	
84.76	
84.1	
84.1	
84.1	
84.1	
84.04	

Run no: 14
96.63	
90.55	
90.55	
87.79	
87.79	
87.79	
81.89	
81.89	
81.89	
81.89	
81.7	
81.7	
79.22	
79.22	
79.22	
79.22	
79.22	
79.22	
79.22	
79.22	
79.22	
79.22	
79.22	
79.22	
79.22	
79.07	
79.07	
79.07	
79.07	
79.07	
79.07	

Run no: 15
96.6	
96.6	
96.6	
96.6	
96.1	
91.23	
91.23	
91.23	
90.94	
90.94	
90.88	
90.32	
90.32	
90.32	
90.32	
90.32	
88.31	
87.74	
87.74	
87.74	
87.74	
87.74	
87.74	
87.67	
87.67	
87.67	
87.67	
87.64	
85.39	
85.39	
85.39	

Run no: 16
97.34	
88.99	
88.99	
88.99	
86.69	
86.69	
86.69	
86.69	
86.69	
86.69	
80.85	
80.85	
80.85	
80.85	
80.85	
80.85	
78.73	
78.73	
78.73	
78.73	
78.73	
78.73	
78.68	
78.68	
78.68	
78.68	
78.68	
78.68	
78.65	
78.65	
78.65	

Run no: 17
95.32	
94.87	
94.87	
94.87	
93.03	
93.03	
93.03	
93.03	
92.66	
92.66	
92.65	
92.48	
89.23	
89.23	
89.23	
89.23	
85.46	
85.46	
85.46	
80.93	
80.93	
80.93	
80.93	
80.93	
80.93	
80.83	
80.83	
80.83	
80.41	
80.41	
80.41	

Run no: 18
91.13	
91.13	
91.13	
90.95	
90.95	
90.95	
90.95	
90.95	
90.95	
90.95	
90.95	
90.68	
90.68	
90.68	
90.68	
84.68	
84.68	
84.35	
84.35	
84.35	
84.35	
83.54	
83.54	
83.08	
83.08	
83.08	
83.08	
83.08	
79.85	
79.85	
79.85	

Run no: 19
93.82	
93.82	
93.82	
93.82	
93.82	
93.82	
93.82	
92.83	
92.45	
92.45	
92.21	
86.15	
86.15	
86.15	
85.09	
85.09	
84.99	
84.99	
84.99	
84.99	
84.99	
84.99	
84.99	
84.99	
84.99	
84.99	
84.99	
84.99	
84.99	
84.99	
84.99	

Run no: 20
92.43	
92.43	
92.43	
92.43	
92.43	
88.9	
88.9	
88.9	
88.9	
88.9	
88.9	
88.9	
88.9	
88.9	
88.9	
88.6	
88.6	
88.28	
88.28	
88.28	
88.28	
88.28	
88.28	
88.15	
88.15	
86.94	
78.59	
78.59	
78.59	
78.59	
78.59	

Run no: 21
91.1	
91.1	
90.14	
90.14	
77.74	
77.74	
77.74	
77.74	
77.74	
77.74	
77.74	
77.74	
77.74	
77.74	
77.74	
77.74	
77.74	
77.74	
76.16	
76.16	
76.16	
76.16	
76.16	
76.16	
76.16	
75.41	
75.41	
75.41	
75.41	
75.41	
75.41	

Run no: 22
91.57	
91.57	
91.57	
91.57	
90.16	
89.46	
89.46	
89.46	
88.91	
88.8	
88.8	
88.8	
83.7	
83.7	
83.7	
83.7	
83.56	
83.48	
83.48	
83.47	
83.47	
83.47	
83.47	
83.47	
83.47	
79.63	
79.63	
79.63	
79.63	
79.63	
79.63	

Run no: 23
94.79	
94.79	
94.79	
94.79	
94.3	
94.12	
92.09	
86.33	
86.33	
86.18	
86.18	
86.18	
86.18	
86.18	
86.18	
81.68	
81.68	
81.68	
81.68	
81.68	
80.86	
80.86	
80.45	
80.45	
80.45	
80.01	
80.01	
80.01	
80.01	
80.01	
80.01	

Run no: 24
98.3	
98.3	
98.3	
98.21	
95.77	
95.77	
95.77	
93.61	
93.61	
92.61	
92.5	
84.45	
84.45	
84.45	
84.45	
84.45	
84.45	
84.45	
84.23	
84.23	
84.23	
84.23	
84.23	
84.23	
84.23	
84.23	
84.23	
83.27	
83.27	
83.27	
83.27	

Run no: 25
95.52	
95.52	
95.52	
95.52	
95.52	
90.85	
90.72	
90.72	
90.72	
90.53	
90.53	
90.53	
90.53	
90.53	
88.24	
88.24	
88.24	
87.77	
87.77	
87.77	
87.77	
87.77	
87.77	
77.5	
77.5	
77.5	
77.5	
77.5	
77.5	
77.5	
77.5	

Run no: 26
96.74	
96.74	
96.74	
91.44	
91.44	
91.44	
91.44	
91.44	
87.23	
87.23	
87.23	
87.23	
87.23	
87.23	
85.73	
85.73	
85.73	
85.73	
85.73	
85.73	
85.73	
85.73	
85.73	
85.73	
84.99	
84.99	
84.99	
84.99	
84.99	
84.99	
83.25	

Run no: 27
92.96	
84.78	
84.78	
84.78	
84.78	
84.78	
84.78	
84.78	
84.78	
84.78	
84.78	
84.78	
84.78	
84.78	
79.75	
79.75	
79.75	
79.75	
79.75	
79.75	
79.75	
79.75	
79.75	
79.75	
79.75	
79.75	
79.75	
79.68	
79.68	
79.68	
79.68	

Run no: 28
92.34	
91.65	
91.65	
91.6	
91.6	
91.6	
89.44	
89.44	
89.44	
89.44	
89.44	
89.44	
89.44	
89.44	
89.44	
89.44	
89.44	
88.89	
88.74	
87.9	
87.67	
87.67	
87.67	
87.67	
87.67	
87.37	
87.37	
87.37	
87.37	
85.86	
85.86	

Run no: 29
92.74	
92.74	
88.56	
85.65	
85.65	
85.65	
85.65	
85.65	
85.65	
85.65	
83.99	
83.99	
83.9	
83.9	
83.9	
83.9	
83.9	
83.9	
83.9	
83.9	
83.9	
83.9	
83.9	
83.9	
83.63	
83.63	
83.63	
83.63	
83.63	
83.09	
83.09	
