
Run no: 0
0	1	1000.01886		4104	79.96
1	1	1000.07855		4104	79.96
2	1	1000.0		74	99.94
3	1	0.005005005		74	99.94
4	1	0.09359359		3220	85.24
5	1	0.0		353	87.11
6	1	0.31704384		82	91.08
7	1	0.13037828		80	97.24
8	1	0.0		3302	85.23
9	1	0.0015015015		3351	81.83
10	1	0.3083083		80	97.24
11	1	0.0		3502	81.8
12	1	0.07857858		4028	81.53
13	1	0.0		79	99.84
14	1	0.0		4028	81.53
15	1	0.037537538		182	87.76
16	1	0.07496429		346	87.7
17	1	0.008979451		111	89.6
18	1	0.0		91	90.96
19	1	0.0		97	89.71
20	1	0.037537538		180	88.51
21	1	0.07167614		180	88.51
22	1	0.012158809		3351	81.83
23	1	0.013513514		3502	81.8
24	1	0.0		353	87.11
25	1	0.020847894		3220	85.24
26	1	0.13052109		4028	81.53
27	1	0.0		180	88.51
28	1	0.20763916		3351	81.83
29	1	0.018858561		4028	81.53
30	1	0.13052109		3502	81.8
31	1	0.18232898		3302	85.23
32	1	0.06256256		91	90.96
33	1	0.0		97	89.71
34	1	0.017121589		111	89.6
35	1	1000.0		74	99.94
36	1	0.0		79	99.84
37	1	4.9627793E-4		182	87.76
38	1	0.0055055055		97	89.71
39	1	0.0		111	89.6
40	1	0.00749484		91	90.96
41	1	0.0017369727		353	87.11
42	1	0.0		3502	81.8
43	1	0.0		91	90.96
44	1	0.0		97	89.71
45	1	0.13013013		79	99.84
46	1	0.7114144		3220	85.24
47	1	0.020847894		3302	85.23
48	1	0.0062456997		79	99.84
49	1	0.0		74	99.94
50	1	0.805008		353	87.11
51	1	0.0		80	97.24
52	1	0.03746898		3502	81.8
53	1	0.013513514		4028	81.53
54	1	4.9627793E-4		80	97.24
55	1	0.0		97	89.71
56	1	4.9627793E-4		180	88.51
57	1	0.0		111	89.6
58	1	0.003003003		182	87.76
59	1	0.040694788		182	87.76
60	1	0.0		180	88.51
61	1	0.054554556		111	89.6
62	1	0.0		180	88.51
63	1	0.0		111	89.6
64	1	0.0		79	99.84
65	1	0.0		91	90.96
66	1	0.0		97	89.71
67	1	0.0		74	99.94
68	1	0.0014888338		97	89.71
69	1	0.0		182	87.76
70	1	0.0015015015		3502	81.8
71	1	0.0		97	89.71
72	1	0.0022332505		91	90.96
73	1	0.029529529		353	87.11
74	1	0.0		80	97.24
75	1	0.0		80	97.24
76	1	0.0012406948		74	99.94
77	1	0.0		80	97.24
78	1	2.4813897E-4		79	99.84
79	1	0.06603651		97	89.71


Run no: 1
0	1	1000.0		70	103.2
1	1	1000.0		3990	80.18
2	1	1000.0		70	103.2
3	1	1000.0		3990	80.18
4	1	0.955102		3926	81.64
5	1	0.955102		182	84.43
6	1	0.43097773		75	98.22
7	1	0.3045659		92	86.07
8	1	0.30278018		90	93.04
9	1	0.21633363		70	103.2
10	1	0.21285838		77	93.32
11	1	0.12119896		3926	81.64
12	1	0.12119896		182	84.43
13	1	0.079749644		3926	81.64
14	1	0.06342311		3990	80.18
15	1	0.036565807		92	86.07
16	1	0.036055602		99	85.24
17	1	0.017857144		102	84.98
18	1	0.017857144		172	84.75
19	1	0.016451975		172	84.75
20	1	0.01632653		3990	80.18
21	1	0.013900956		182	84.43
22	1	0.012163336		77	93.32
23	1	0.012163336		90	93.04
24	1	0.011294526		102	84.98
25	1	0.011294526		99	85.24
26	1	0.010756618		102	84.98
27	1	0.0099913115		172	84.75
28	1	0.0033163265		90	93.04
29	1	0.0033163265		77	93.32
30	1	0.0025510204		182	84.43
31	1	0.0017857143		99	85.24
32	1	0.0012755102		70	103.2
33	1	7.653061E-4		99	85.24
34	1	5.1020406E-4		90	93.04
35	1	5.1020406E-4		77	93.32
36	1	0.0		3990	80.18
37	1	0.0		182	84.43
38	1	0.0		77	93.32
39	1	0.0		172	84.75
40	1	0.0		77	93.32
41	1	0.0		172	84.75
42	1	0.0		172	84.75
43	1	0.0		90	93.04
44	1	0.0		172	84.75
45	1	0.0		70	103.2
46	1	0.0		99	85.24
47	1	0.0		90	93.04
48	1	0.0		70	103.2
49	1	0.0		3990	80.18
50	1	0.0		70	103.2
51	1	0.0		3990	80.18
52	1	0.0		102	84.98
53	1	0.0		172	84.75
54	1	0.0		90	93.04
55	1	0.0		90	93.04
56	1	0.0		90	93.04
57	1	0.0		77	93.32
58	1	0.0		99	85.24
59	1	0.0		99	85.24
60	1	0.0		3990	80.18
61	1	0.0		99	85.24
62	1	0.0		172	84.75
63	1	0.0		172	84.75
64	1	0.0		90	93.04
65	1	0.0		99	85.24
66	1	0.0		172	84.75
67	1	0.0		77	93.32
68	1	0.0		99	85.24
69	1	0.0		99	85.24
70	1	0.0		3990	80.18
71	1	0.0		70	103.2
72	1	0.0		77	93.32
73	1	0.0		99	85.24
74	1	0.0		172	84.75
75	1	0.0		172	84.75
76	1	0.0		90	93.04
77	1	0.0		77	93.32
78	1	0.0		172	84.75
79	1	0.0		90	93.04


Run no: 2
0	1	1000.0		66	94.66
1	1	0.0		66	94.66
2	1	1000.0014		4389	80.3
3	1	0.0		4389	80.3
4	1	0.13997215		2351	88.25
5	1	0.0		183	90.26
6	1	0.3570756		3118	85.23
7	1	0.34180844		3259	80.79
8	1	0.30433077		2911	85.74
9	1	0.30433077		2351	88.25
10	1	0.2642288		4383	80.4
11	1	0.0		3322	80.55
12	1	0.0		2351	88.25
13	1	0.022438122		183	90.26
14	1	0.0		72	92.66
15	1	0.0		86	90.94
16	1	0.0		66	94.66
17	1	0.0		69	93.16
18	1	0.08339874		2911	85.74
19	1	0.06813156		3118	85.23
20	1	0.0		86	90.94
21	1	0.5015036		183	90.26
22	1	6.939625E-4		69	93.16
23	1	6.939625E-4		72	92.66
24	1	0.031286303		3259	80.79
25	1	0.0		183	90.26
26	1	0.0		86	90.94
27	1	0.0		3322	80.55
28	1	0.24543141		3322	80.55
29	1	0.025018895		3322	80.55
30	1	1000.0		4389	80.3
31	1	0.0		72	92.66
32	1	0.0032384917		86	90.94
33	1	0.0		72	92.66
34	1	0.0		69	93.16
35	1	0.03481894		69	93.16
36	1	0.0		4389	80.3
37	1	1000.0		66	94.66
38	1	0.0		3322	80.55
39	1	0.5015036		2351	88.25
40	1	0.04735376		183	90.26
41	1	0.0		72	92.66
42	1	0.0		86	90.94
43	1	0.0		69	93.16
44	1	0.0		86	90.94
45	1	0.13997215		183	90.26
46	1	0.0		69	93.16
47	1	0.0		183	90.26
48	1	0.0		86	90.94
49	1	0.06979188		86	90.94
50	1	0.12301565		72	92.66
51	1	0.0		66	94.66
52	1	0.0		69	93.16
53	1	0.0069637885		4389	80.3
54	1	0.0		66	94.66
55	1	0.0		86	90.94
56	1	0.0		69	93.16
57	1	0.0		86	90.94
58	1	0.0		3322	80.55
59	1	0.0		3322	80.55
60	1	0.0		69	93.16
61	1	0.03481894		72	92.66
62	1	0.10445683		66	94.66
63	1	0.0		183	90.26
64	1	0.0		183	90.26
65	1	0.0		69	93.16
66	1	0.0		66	94.66
67	1	0.0		86	90.94
68	1	0.0		72	92.66
69	1	0.0		3322	80.55
70	1	0.0		86	90.94
71	1	0.0		72	92.66
72	1	0.0		72	92.66
73	1	0.0		69	93.16
74	1	0.0		66	94.66
75	1	0.016713092		3322	80.55
76	1	6.939625E-4		66	94.66
77	1	0.0		69	93.16
78	1	0.11977716		86	90.94
79	1	0.10515079		69	93.16


Run no: 3
0	1	1000.3722		6199	81.73
1	1	1000.23706		65	97.55
2	1	1000.0		6199	81.73
3	1	1000.0		65	97.55
4	1	0.44876704		2474	87.3
5	1	0.3721878		3916	83.5
6	1	0.35735247		282	88.02
7	1	0.35298827		2945	86.58
8	1	0.27018172		3916	83.5
9	1	0.23979317		75	91.94
10	1	0.23704173		68	93.8
11	1	0.19469027		3916	83.5
12	1	0.13590392		83	89.79
13	1	0.11871387		70	93.55
14	1	0.11188369		6199	81.73
15	1	0.088495575		86	89.69
16	1	0.088495575		90	88.29
17	1	0.07639457		2945	86.58
18	1	0.07639457		2647	87.02
19	1	0.04551201		282	88.02
20	1	0.031300947		282	88.02
21	1	0.031300947		90	88.29
22	1	0.028203456		2647	87.02
23	1	0.017699115		2647	87.02
24	1	0.017067004		90	88.29
25	1	0.017067004		282	88.02
26	1	0.015802782		68	93.8
27	1	0.0044247787		86	89.69
28	1	0.0044247787		84	89.76
29	1	0.0020593596		83	89.79
30	1	0.0018963338		84	89.76
31	1	0.0013042061		83	89.79
32	1	6.5210304E-4		86	89.69
33	1	6.5210304E-4		90	88.29
34	1	4.890773E-4		68	93.8
35	1	4.890773E-4		65	97.55
36	1	3.2605152E-4		68	93.8
37	1	3.2605152E-4		84	89.76
38	1	3.2605152E-4		86	89.69
39	1	1.6302576E-4		84	89.76
40	1	0.0		65	97.55
41	1	0.0		282	88.02
42	1	0.0		3916	83.5
43	1	0.0		65	97.55
44	1	0.0		3916	83.5
45	1	0.0		90	88.29
46	1	0.0		90	88.29
47	1	0.0		2647	87.02
48	1	0.0		84	89.76
49	1	0.0		83	89.79
50	1	0.0		84	89.76
51	1	0.0		83	89.79
52	1	0.0		90	88.29
53	1	0.0		65	97.55
54	1	0.0		86	89.69
55	1	0.0		84	89.76
56	1	0.0		65	97.55
57	1	0.0		282	88.02
58	1	0.0		3916	83.5
59	1	0.0		83	89.79
60	1	0.0		68	93.8
61	1	0.0		3916	83.5
62	1	0.0		86	89.69
63	1	0.0		282	88.02
64	1	0.0		2647	87.02
65	1	0.0		90	88.29
66	1	0.0		282	88.02
67	1	0.0		68	93.8
68	1	0.0		68	93.8
69	1	0.0		84	89.76
70	1	0.0		65	97.55
71	1	0.0		3916	83.5
72	1	0.0		83	89.79
73	1	0.0		282	88.02
74	1	0.0		90	88.29
75	1	0.0		282	88.02
76	1	0.0		86	89.69
77	1	0.0		84	89.76
78	1	0.0		86	89.69
79	1	0.0		68	93.8


Run no: 4
0	1	2000.0		3562	79.91
1	1	1000.0		64	100.77
2	1	0.0		3562	79.91
3	1	0.0		64	100.77
4	1	0.97294056		3111	82.93
5	1	0.0		147	84.9
6	1	0.51965487		64	100.77
7	1	0.0		68	89.93
8	1	0.20364383		3384	80.31
9	1	0.17248371		3111	82.93
10	1	0.070061676		3384	80.31
11	1	0.0		147	84.9
12	1	0.0		77	88.5
13	1	0.0		80	86.57
14	1	0.06797173		77	88.5
15	1	0.0014381591		73	89.9
16	1	0.035910126		83	86.5
17	1	0.028283797		112	85.49
18	1	0.0		105	85.97
19	1	0.010005717		112	85.49
20	1	0.0		3562	79.91
21	1	0.015340365		109	85.81
22	1	0.10444483		147	84.9
23	1	0.0		109	85.81
24	1	0.0		105	85.97
25	1	0.025407478		105	85.97
26	1	0.0		80	86.57
27	1	0.0		73	89.9
28	1	0.0		68	89.93
29	1	0.0		73	89.9
30	1	0.0011435106		68	89.93
31	1	0.0		68	89.93
32	1	0.008813693		105	85.97
33	1	0.0014293882		73	89.9
34	1	0.09252157		77	88.5
35	1	0.0		64	100.77
36	1	0.015340365		112	85.49
37	1	0.0		80	86.57
38	1	0.0033557047		80	86.57
39	1	0.0		3562	79.91
40	1	0.0		64	100.77
41	1	0.52108425		68	89.93
42	1	0.0		64	100.77
43	1	0.0011435106		77	88.5
44	1	0.84734136		147	84.9
45	1	0.0		80	86.57
46	1	0.0		73	89.9
47	1	0.0		147	84.9
48	1	0.0		80	86.57
49	1	0.006289308		105	85.97
50	1	0.070061676		3562	79.91
51	1	0.0		112	85.49
52	1	0.0076701823		109	85.81
53	1	8.5763296E-4		112	85.49
54	1	0.0011435106		109	85.81
55	1	0.0		105	85.97
56	1	0.0		105	85.97
57	1	0.0		80	86.57
58	1	0.0014381591		68	89.93
59	1	0.0		73	89.9
60	1	0.0		68	89.93
61	1	1000.0		64	100.77
62	1	8.5763296E-4		109	85.81
63	1	0.0		64	100.77
64	1	0.0		147	84.9
65	1	0.0		68	89.93
66	1	0.06711409		73	89.9
67	1	0.0		105	85.97
68	1	8.5763296E-4		80	86.57
69	1	0.0		73	89.9
70	1	0.0		68	89.93
71	1	0.0		68	89.93
72	1	0.0		73	89.9
73	1	0.0		64	100.77
74	1	0.0		80	86.57
75	1	0.0011435106		64	100.77
76	1	0.028283797		147	84.9
77	1	0.0011435106		73	89.9
78	1	0.0		80	86.57
79	1	0.09337921		80	86.57


Run no: 5
0	1	1000.0		3748	76.76
1	1	1000.0		79	93.47
2	1	1000.0		3748	76.76
3	1	0.0		79	93.47
4	1	0.80096525		2808	88.82
5	1	0.73271376		219	88.96
6	1	0.39405265		3078	87.95
7	1	0.35534364		3442	83.67
8	1	0.20755292		3560	82.75
9	1	0.20215519		3665	79.76
10	1	0.20755292		3665	79.76
11	1	0.0019078768		86	90.87
12	1	0.0872182		3442	83.67
13	1	0.12565416		3026	88.36
14	1	0.0872182		3560	82.75
15	1	0.05114617		151	89.48
16	1	0.0058244313		92	90.8
17	1	0.028956275		117	90.19
18	1	0.0		157	88.99
19	1	0.022621969		3748	76.76
20	1	0.0		129	89.82
21	1	0.0		117	90.19
22	1	0.0		145	89.79
23	1	0.0017953322		157	88.99
24	1	0.0		117	90.19
25	1	0.0068138456		92	90.8
26	1	0.0		129	89.82
27	1	0.018551765		145	89.79
28	1	0.0041891085		86	90.87
29	1	0.0		92	90.8
30	1	0.0		117	90.19
31	1	0.0		129	89.82
32	1	0.15559545		86	90.87
33	1	0.0		79	93.47
34	1	0.0		157	88.99
35	1	0.022142429		129	89.82
36	1	0.0		145	89.79
37	1	0.0016353229		157	88.99
38	1	0.0		145	89.79
39	1	0.03650509		92	90.8
40	1	0.15559545		79	93.47
41	1	0.016898338		157	88.99
42	1	0.17953321		3748	76.76
43	1	0.0		79	93.47
44	1	0.0		86	90.87
45	1	0.0		92	90.8
46	1	0.0		117	90.19
47	1	0.0		129	89.82
48	1	0.006156193		145	89.79
49	1	0.0		157	88.99
50	1	0.0		117	90.19
51	1	0.0		92	90.8
52	1	0.0		129	89.82
53	1	0.0		145	89.79
54	1	0.0		92	90.8
55	1	0.0		86	90.87
56	1	0.0		117	90.19
57	1	0.0		79	93.47
58	1	0.005065978		129	89.82
59	1	0.0		157	88.99
60	1	0.0		92	90.8
61	1	1000.0		79	93.47
62	1	0.0		157	88.99
63	1	0.0		86	90.87
64	1	0.0		79	93.47
65	1	0.0		117	90.19
66	1	0.0		117	90.19
67	1	0.0		157	88.99
68	1	0.004360861		129	89.82
69	1	0.0		86	90.87
70	1	0.0016353229		145	89.79
71	1	0.0		86	90.87
72	1	0.0		79	93.47
73	1	0.0		145	89.79
74	1	0.0		86	90.87
75	1	0.0019078768		79	93.47
76	1	0.029323759		157	88.99
77	1	0.0016353229		86	90.87
78	1	0.0		117	90.19
79	1	0.039775733		117	90.19


Run no: 6
0	1	2000.0		5604	80.0
1	1	1000.01		63	94.97
2	1	1000.0		63	94.97
3	1	0.62713224		3723	82.36
4	1	0.5011731		946	82.59
5	1	0.29440978		119	90.29
6	1	0.29428175		946	82.59
7	1	0.29428175		411	85.55
8	1	0.272514		4094	80.53
9	1	0.18169673		340	87.57
10	1	0.1081224		356	85.9
11	1	0.1043162		82	93.13
12	1	0.10110276		88	91.63
13	1	0.10054254		353	87.37
14	1	0.0988644		3788	80.88
15	1	0.08337375		66	94.82
16	1	0.08283233		69	93.58
17	1	0.06903864		93	91.31
18	1	0.055224687		4094	80.53
19	1	0.055224687		3788	80.88
20	1	0.039884496		340	87.57
21	1	0.035404142		4094	80.53
22	1	0.0333061		411	85.55
23	1	0.02606838		93	91.31
24	1	0.023921512		356	85.9
25	1	0.023380093		4094	80.53
26	1	0.023380093		3788	80.88
27	1	0.021376086		88	91.63
28	1	0.018270433		80	93.17
29	1	0.017368069		75	93.43
30	1	0.015364061		946	82.59
31	1	0.013360053		340	87.57
32	1	0.013360053		353	87.37
33	1	0.011730734		3788	80.88
34	1	0.011102877		69	93.58
35	1	0.010561459		66	94.82
36	1	0.01002004		75	93.43
37	1	0.0026720108		80	93.17
38	1	0.0023461469		340	87.57
39	1	0.001082837		75	93.43
40	1	0.001082837		88	91.63
41	1	9.023642E-4		75	93.43
42	1	5.414185E-4		69	93.58
43	1	5.414185E-4		353	87.37
44	1	5.414185E-4		63	94.97
45	1	3.6094568E-4		80	93.17
46	1	0.0		63	94.97
47	1	0.0		411	85.55
48	1	0.0		3788	80.88
49	1	0.0		3788	80.88
50	1	0.0		88	91.63
51	1	0.0		340	87.57
52	1	0.0		411	85.55
53	1	0.0		69	93.58
54	1	0.0		63	94.97
55	1	0.0		340	87.57
56	1	0.0		353	87.37
57	1	0.0		69	93.58
58	1	0.0		88	91.63
59	1	0.0		353	87.37
60	1	0.0		69	93.58
61	1	0.0		63	94.97
62	1	0.0		80	93.17
63	1	0.0		63	94.97
64	1	0.0		3788	80.88
65	1	0.0		88	91.63
66	1	0.0		353	87.37
67	1	0.0		3788	80.88
68	1	0.0		4094	80.53
69	1	0.0		88	91.63
70	1	0.0		80	93.17
71	1	0.0		69	93.58
72	1	0.0		80	93.17
73	1	0.0		69	93.58
74	1	0.0		353	87.37
75	1	0.0		63	94.97
76	1	0.0		353	87.37
77	1	0.0		69	93.58
78	1	0.0		80	93.17
79	1	0.0		80	93.17


Run no: 7
0	1	2000.0		4772	82.58
1	1	1000.0		68	97.47
2	1	0.0		68	97.47
3	1	0.5767755		456	86.66
4	1	0.5505577		2512	86.04
5	1	0.45034248		3929	85.81
6	1	0.3166796		2831	85.98
7	1	0.0		82	97.23
8	1	0.0		94	93.5
9	1	0.19062625		3929	85.81
10	1	0.008928572		395	90.68
11	1	0.10295141		437	88.06
12	1	0.0040391157		437	88.06
13	1	0.07908235		168	91.09
14	1	0.0402955		122	91.94
15	1	0.0012755102		116	93.0
16	1	0.0		394	90.9
17	1	0.0		161	91.34
18	1	0.0		122	91.94
19	1	0.0402955		161	91.34
20	1	0.17595702		395	90.68
21	1	0.0		104	93.24
22	1	0.0		68	97.47
23	1	0.0025510204		82	97.23
24	1	0.0		116	93.0
25	1	0.048044216		394	90.9
26	1	0.0		103	93.45
27	1	0.0161182		104	93.24
28	1	0.0127602415		394	90.9
29	1	0.07246423		122	91.94
30	1	0.17595702		437	88.06
31	1	0.005271224		103	93.45
32	1	0.0019132653		94	93.5
33	1	0.0		68	97.47
34	1	0.07118872		116	93.0
35	1	0.0		94	93.5
36	1	0.0		82	97.23
37	1	0.0		104	93.24
38	1	0.2530547		94	93.5
39	1	0.014103425		103	93.45
40	1	0.016789792		161	91.34
41	1	0.0025510204		116	93.0
42	1	0.0		122	91.94
43	1	0.0		394	90.9
44	1	2.1258503E-4		103	93.45
45	1	0.0		395	90.68
46	1	0.0025510204		104	93.24
47	1	0.0		68	97.47
48	1	0.2534799		82	97.23
49	1	0.0033579583		94	93.5
50	1	0.0		395	90.68
51	1	0.0		116	93.0
52	1	0.0		122	91.94
53	1	0.0		122	91.94
54	1	0.014987602		394	90.9
55	1	0.0014880953		161	91.34
56	1	0.0		82	97.23
57	1	0.0		104	93.24
58	1	0.0161182		68	97.47
59	1	0.0		116	93.0
60	1	2.1258503E-4		395	90.68
61	1	0.0		395	90.68
62	1	0.008290816		161	91.34
63	1	0.0		82	97.23
64	1	0.0		68	97.47
65	1	0.0		94	93.5
66	1	2.1258503E-4		104	93.24
67	1	0.0		94	93.5
68	1	0.008290816		122	91.94
69	1	0.0		116	93.0
70	1	0.0		103	93.45
71	1	0.0161182		82	97.23
72	1	0.0		94	93.5
73	1	0.0		395	90.68
74	1	0.0		122	91.94
75	1	0.0		394	90.9
76	1	0.014775016		395	90.68
77	1	0.0161182		116	93.0
78	1	0.014103425		104	93.24
79	1	1000.003		68	97.47


Run no: 8
0	1	2000.0		5047	73.89
1	1	1000.0004		71	90.93
2	1	1000.0		71	90.93
3	1	1.1156386		2848	80.34
4	1	0.8236427		87	85.99
5	1	0.4653388		4066	78.46
6	1	0.35510355		3495	78.65
7	1	0.3343863		87	85.99
8	1	0.26877934		73	90.57
9	1	0.1147508		4066	78.46
10	1	0.02112676		71	90.93
11	1	0.02112676		73	90.57
12	1	0.011150234		4066	78.46
13	1	0.0028135048		73	90.57
14	1	4.0192925E-4		73	90.57
15	1	0.0		71	90.93
16	1	0.0		73	90.57
17	1	0.0		4066	78.46
18	1	0.0		4066	78.46
19	1	0.0		71	90.93
20	1	0.0		73	90.57
21	1	0.0		73	90.57
22	1	0.0		71	90.93
23	1	0.0		73	90.57
24	1	0.0		4066	78.46
25	1	0.0		4066	78.46
26	1	0.0		73	90.57
27	1	0.0		71	90.93
28	1	0.0		4066	78.46
29	1	0.0		71	90.93
30	1	0.0		71	90.93
31	1	0.0		4066	78.46
32	1	0.0		73	90.57
33	1	0.0		73	90.57
34	1	0.0		71	90.93
35	1	0.0		4066	78.46
36	1	0.0		71	90.93
37	1	0.0		73	90.57
38	1	0.0		71	90.93
39	1	0.0		71	90.93
40	1	0.0		4066	78.46
41	1	0.0		73	90.57
42	1	0.0		71	90.93
43	1	0.0		4066	78.46
44	1	0.0		71	90.93
45	1	0.0		71	90.93
46	1	0.0		73	90.57
47	1	0.0		73	90.57
48	1	0.0		73	90.57
49	1	0.0		71	90.93
50	1	0.0		73	90.57
51	1	0.0		71	90.93
52	1	0.0		73	90.57
53	1	0.0		71	90.93
54	1	0.0		73	90.57
55	1	0.0		71	90.93
56	1	0.0		73	90.57
57	1	0.0		71	90.93
58	1	0.0		73	90.57
59	1	0.0		71	90.93
60	1	0.0		71	90.93
61	1	0.0		71	90.93
62	1	0.0		71	90.93
63	1	0.0		73	90.57
64	1	0.0		71	90.93
65	1	0.0		73	90.57
66	1	0.0		73	90.57
67	1	0.0		71	90.93
68	1	0.0		73	90.57
69	1	0.0		73	90.57
70	1	0.0		73	90.57
71	1	0.0		71	90.93
72	1	0.0		71	90.93
73	1	0.0		71	90.93
74	1	0.0		73	90.57
75	1	0.0		73	90.57
76	1	0.0		71	90.93
77	1	0.0		71	90.93
78	1	0.0		71	90.93
79	1	0.0		71	90.93


Run no: 9
0	1	2000.0		66	93.02
1	1	1000.0		4944	80.14
2	1	1000.0		4944	80.14
3	1	1.5325129		3730	82.09
4	1	0.39895055		146	87.21
5	1	0.40027002		4944	80.14
6	1	0.0043050433		87	91.25
7	1	0.12655279		100	89.62
8	1	0.0		87	91.25
9	1	0.0		100	89.62
10	1	0.0		102	88.59
11	1	0.0361679		122	87.46
12	1	4.100041E-4		102	88.59
13	1	0.0		106	88.14
14	1	0.0018450185		115	87.91
15	1	0.017857144		115	87.91
16	1	0.035757896		106	88.14
17	1	0.0		137	87.4
18	1	0.0		139	87.24
19	1	0.007733416		128	87.41
20	1	0.12655279		87	91.25
21	1	0.0		122	87.46
22	1	0.0023291926		139	87.24
23	1	0.7370565		146	87.21
24	1	0.0026650266		100	89.62
25	1	0.0		87	91.25
26	1	0.0014350143		115	87.91
27	1	0.012832364		137	87.4
28	1	0.0		106	88.14
29	1	0.0		122	87.46
30	1	0.03493789		115	87.91
31	1	0.0014350143		122	87.46
32	1	0.0		137	87.4
33	1	0.0		106	88.14
34	1	0.0		102	88.59
35	1	0.0		102	88.59
36	1	4.100041E-4		139	87.24
37	1	0.079968944		100	89.62
38	1	0.0		87	91.25
39	1	0.0		100	89.62
40	1	0.0		102	88.59
41	1	4.100041E-4		100	89.62
42	1	0.017857144		106	88.14
43	1	8.200082E-4		102	88.59
44	1	0.0018450185		106	88.14
45	1	0.0014350143		139	87.24
46	1	0.0		137	87.4
47	1	0.0		87	91.25
48	1	0.0		122	87.46
49	1	0.0		100	89.62
50	1	0.0		87	91.25
51	1	0.0		139	87.24
52	1	0.0		122	87.46
53	1	0.0124223605		139	87.24
54	1	0.0038819876		122	87.46
55	1	0.0		137	87.4
56	1	0.0		100	89.62
57	1	0.0		102	88.59
58	1	0.0		137	87.4
59	1	0.0		87	91.25
60	1	0.0		100	89.62
61	1	0.0		100	89.62
62	1	0.0		102	88.59
63	1	0.03493789		102	88.59
64	1	0.0		137	87.4
65	1	0.0		122	87.46
66	1	0.0		100	89.62
67	1	0.0		87	91.25
68	1	0.0		122	87.46
69	1	0.0		122	87.46
70	1	0.0018450185		137	87.4
71	1	0.0		102	88.59
72	1	0.0		106	88.14
73	1	0.0		137	87.4
74	1	7.7639753E-4		137	87.4
75	1	0.0		100	89.62
76	1	0.0		100	89.62
77	1	0.0		87	91.25
78	1	0.079968944		102	88.59
79	1	0.14008738		87	91.25


Run no: 10
0	1	1000.99365		3542	81.89
1	1	1000.24884		3542	81.89
2	1	1000.00146		61	97.16
3	1	1000.0		61	97.16
4	1	1.252771		83	85.69
5	1	0.6437459		61	97.16
6	1	0.6437459		66	87.33
7	1	0.092096925		77	85.82
8	1	0.09037328		72	87.2
9	1	0.0085134255		77	85.82
10	1	0.0085134255		66	87.33
11	1	0.0085134255		72	87.2
12	1	0.0017236426		72	87.2
13	1	0.0017236426		66	87.33
14	1	0.0014363689		77	85.82
15	1	0.0014363689		72	87.2
16	1	0.0014363689		66	87.33
17	1	0.0		61	97.16
18	1	0.0		66	87.33
19	1	0.0		61	97.16
20	1	0.0		66	87.33
21	1	0.0		72	87.2
22	1	0.0		72	87.2
23	1	0.0		77	85.82
24	1	0.0		77	85.82
25	1	0.0		72	87.2
26	1	0.0		61	97.16
27	1	0.0		61	97.16
28	1	0.0		66	87.33
29	1	0.0		72	87.2
30	1	0.0		66	87.33
31	1	0.0		72	87.2
32	1	0.0		66	87.33
33	1	0.0		66	87.33
34	1	0.0		61	97.16
35	1	0.0		61	97.16
36	1	0.0		72	87.2
37	1	0.0		77	85.82
38	1	0.0		66	87.33
39	1	0.0		72	87.2
40	1	0.0		77	85.82
41	1	0.0		72	87.2
42	1	0.0		66	87.33
43	1	0.0		61	97.16
44	1	0.0		61	97.16
45	1	0.0		61	97.16
46	1	0.0		66	87.33
47	1	0.0		77	85.82
48	1	0.0		66	87.33
49	1	0.0		61	97.16
50	1	0.0		66	87.33
51	1	0.0		61	97.16
52	1	0.0		66	87.33
53	1	0.0		72	87.2
54	1	0.0		72	87.2
55	1	0.0		66	87.33
56	1	0.0		72	87.2
57	1	0.0		61	97.16
58	1	0.0		61	97.16
59	1	0.0		66	87.33
60	1	0.0		72	87.2
61	1	0.0		66	87.33
62	1	0.0		66	87.33
63	1	0.0		61	97.16
64	1	0.0		61	97.16
65	1	0.0		66	87.33
66	1	0.0		61	97.16
67	1	0.0		61	97.16
68	1	0.0		66	87.33
69	1	0.0		66	87.33
70	1	0.0		61	97.16
71	1	0.0		72	87.2
72	1	0.0		72	87.2
73	1	0.0		66	87.33
74	1	0.0		61	97.16
75	1	0.0		72	87.2
76	1	0.0		72	87.2
77	1	0.0		66	87.33
78	1	0.0		66	87.33
79	1	0.0		61	97.16


Run no: 11
0	1	1000.0		4118	77.76
1	1	1000.0		67	96.26
2	1	1000.0		67	96.26
3	1	1000.0		4118	77.76
4	1	1.0177038		3420	83.77
5	1	0.8214875		125	86.04
6	1	0.38077044		3641	79.99
7	1	0.2039894		3918	79.0
8	1	0.12810811		96	89.31
9	1	0.12810811		98	86.94
10	1	0.12319641		125	86.04
11	1	0.1227027		3420	83.77
12	1	0.11639755		3990	77.81
13	1	0.105945945		67	96.26
14	1	0.105945945		70	94.3
15	1	0.08806127		77	92.68
16	1	0.08756757		70	94.3
17	1	0.07990633		79	91.27
18	1	0.07916577		83	89.81
19	1	0.07670992		79	91.27
20	1	0.07621621		77	92.68
21	1	0.054554433		3420	83.77
22	1	0.03429984		4118	77.76
23	1	0.02098741		83	89.81
24	1	0.02		84	89.44
25	1	0.017837837		108	86.64
26	1	0.017837837		121	86.31
27	1	0.016028875		100	86.68
28	1	0.01454776		98	86.94
29	1	0.008601814		123	86.19
30	1	0.006980192		123	86.19
31	1	0.0064864866		121	86.31
32	1	0.0062991455		88	89.39
33	1	0.0043243244		96	89.31
34	1	0.0032090843		108	86.64
35	1	0.0032090843		121	86.31
36	1	0.0027027028		84	89.44
37	1	0.0027027028		88	89.39
38	1	0.0021621622		100	86.68
39	1	0.0021621622		108	86.64
40	1	0.001974821		96	89.31
41	1	0.001974821		108	86.64
42	1	0.0017279685		77	92.68
43	1	0.0017279685		70	94.3
44	1	9.874105E-4		88	89.39
45	1	9.874105E-4		84	89.44
46	1	7.405579E-4		70	94.3
47	1	7.405579E-4		67	96.26
48	1	4.937053E-4		121	86.31
49	1	4.937053E-4		100	86.68
50	1	4.937053E-4		98	86.94
51	1	4.937053E-4		96	89.31
52	1	2.4685264E-4		84	89.44
53	1	0.0		125	86.04
54	1	0.0		96	89.31
55	1	0.0		98	86.94
56	1	0.0		77	92.68
57	1	0.0		83	89.81
58	1	0.0		79	91.27
59	1	0.0		108	86.64
60	1	0.0		121	86.31
61	1	0.0		88	89.39
62	1	0.0		4118	77.76
63	1	0.0		100	86.68
64	1	0.0		96	89.31
65	1	0.0		79	91.27
66	1	0.0		88	89.39
67	1	0.0		70	94.3
68	1	0.0		123	86.19
69	1	0.0		77	92.68
70	1	0.0		98	86.94
71	1	0.0		83	89.81
72	1	0.0		4118	77.76
73	1	0.0		3420	83.77
74	1	0.0		77	92.68
75	1	0.0		4118	77.76
76	1	0.0		83	89.81
77	1	0.0		98	86.94
78	1	0.0		121	86.31
79	1	0.0		84	89.44


Run no: 12
0	1	2000.0		3373	79.66
1	1	1000.11536		71	92.66
2	1	1000.0006		71	92.66
3	1	1.1687826		181	85.67
4	1	1.14149		2858	81.37
5	1	0.35		73	91.16
6	1	0.35		84	86.61
7	1	0.22478499		3332	81.12
8	1	0.11871593		73	91.16
9	1	0.09236826		3027	81.22
10	1	0.06271957		2858	81.37
11	1	0.051181104		3027	81.22
12	1	0.024615385		93	86.27
13	1	0.024615385		162	85.95
14	1	0.02337977		92	86.57
15	1	0.023076924		93	86.27
16	1	0.02153846		162	85.95
17	1	0.020896427		93	86.27
18	1	0.020896427		162	85.95
19	1	0.011538462		3027	81.22
20	1	0.0076923077		3027	81.22
21	1	0.0057540885		162	85.95
22	1	0.005499697		92	86.57
23	1	0.0033313143		84	86.61
24	1	0.003076923		84	86.61
25	1	0.002422774		84	86.61
26	1	6.056935E-4		73	91.16
27	1	3.0284675E-4		93	86.27
28	1	0.0		71	92.66
29	1	0.0		84	86.61
30	1	0.0		73	91.16
31	1	0.0		73	91.16
32	1	0.0		162	85.95
33	1	0.0		93	86.27
34	1	0.0		162	85.95
35	1	0.0		3027	81.22
36	1	0.0		3027	81.22
37	1	0.0		162	85.95
38	1	0.0		71	92.66
39	1	0.0		84	86.61
40	1	0.0		73	91.16
41	1	0.0		73	91.16
42	1	0.0		3027	81.22
43	1	0.0		93	86.27
44	1	0.0		162	85.95
45	1	0.0		73	91.16
46	1	0.0		84	86.61
47	1	0.0		71	92.66
48	1	0.0		73	91.16
49	1	0.0		84	86.61
50	1	0.0		73	91.16
51	1	0.0		3027	81.22
52	1	0.0		162	85.95
53	1	0.0		93	86.27
54	1	0.0		84	86.61
55	1	0.0		84	86.61
56	1	0.0		84	86.61
57	1	0.0		84	86.61
58	1	0.0		162	85.95
59	1	0.0		73	91.16
60	1	0.0		73	91.16
61	1	0.0		84	86.61
62	1	0.0		84	86.61
63	1	0.0		73	91.16
64	1	0.0		73	91.16
65	1	0.0		84	86.61
66	1	0.0		84	86.61
67	1	0.0		84	86.61
68	1	0.0		73	91.16
69	1	0.0		84	86.61
70	1	0.0		73	91.16
71	1	0.0		73	91.16
72	1	0.0		84	86.61
73	1	0.0		84	86.61
74	1	0.0		73	91.16
75	1	0.0		73	91.16
76	1	0.0		73	91.16
77	1	0.0		84	86.61
78	1	0.0		84	86.61
79	1	0.0		84	86.61


Run no: 13
0	1	1000.00214		4702	76.92
1	1	1000.03357		4702	76.92
2	1	1000.0		76	88.83
3	1	0.0		76	88.83
4	1	1.0440131		3610	82.0
5	1	0.90311193		143	83.83
6	1	0.3253438		3851	77.79
7	1	0.2646802		3789	78.87
8	1	0.033585224		4692	77.32
9	1	0.013916522		143	83.83
10	1	0.15061022		112	85.81
11	1	0.0		3652	80.43
12	1	0.029615218		3652	80.43
13	1	0.021423103		78	88.58
14	1	0.07388749		96	87.09
15	1	0.0		118	84.46
16	1	0.0		101	86.21
17	1	0.1261858		96	87.09
18	1	0.05830096		133	83.97
19	1	0.0		118	84.46
20	1	0.0		4692	77.32
21	1	0.0		4692	77.32
22	1	0.0		101	86.21
23	1	0.0		3652	80.43
24	1	0.128996		78	88.58
25	1	0.0		76	88.83
26	1	0.009079118		3652	80.43
27	1	0.0		96	87.09
28	1	0.041141897		118	84.46
29	1	0.033585224		101	86.21
30	1	0.0		4692	77.32
31	1	0.0032425423		118	84.46
32	1	0.0		101	86.21
33	1	0.020990765		76	88.83
34	1	0.0		76	88.83
35	1	0.0		143	83.83
36	1	0.131822		3652	80.43
37	1	0.13098237		3652	80.43
38	1	0.0021616947		4692	77.32
39	1	0.0038910506		96	87.09
40	1	0.0012970169		118	84.46
41	1	0.0		3652	80.43
42	1	0.0		96	87.09
43	1	0.0023778642		101	86.21
44	1	0.11335012		118	84.46
45	1	0.0		4692	77.32
46	1	0.0010808473		101	86.21
47	1	0.0		96	87.09
48	1	0.0		101	86.21
49	1	0.0		101	86.21
50	1	0.0		96	87.09
51	1	0.0		118	84.46
52	1	0.0		76	88.83
53	1	0.0		76	88.83
54	1	0.0		118	84.46
55	1	0.0		3652	80.43
56	1	0.0		118	84.46
57	1	0.0		101	86.21
58	1	0.0		96	87.09
59	1	0.0		76	88.83
60	1	0.0		101	86.21
61	1	0.0		76	88.83
62	1	0.18179853		4692	77.32
63	1	0.0		3652	80.43
64	1	0.0		4692	77.32
65	1	0.0		76	88.83
66	1	0.039462637		4692	77.32
67	1	0.0		101	86.21
68	1	0.0		76	88.83
69	1	0.0		101	86.21
70	1	0.0		101	86.21
71	1	0.0		101	86.21
72	1	0.0		101	86.21
73	1	0.0		76	88.83
74	1	0.0		76	88.83
75	1	0.0		101	86.21
76	1	0.0		76	88.83
77	1	0.07388749		101	86.21
78	1	0.0		76	88.83
79	1	1000.0004		76	88.83


Run no: 14
0	1	1000.0		78	90.05
1	1	1000.0		3831	78.11
2	1	1000.0		3831	78.11
3	1	1000.0		78	90.05
4	1	0.7979399		3708	85.08
5	1	0.62929285		764	85.2
6	1	0.6165259		3768	78.46
7	1	0.5603899		2864	85.19
8	1	0.23409949		2873	85.14
9	1	0.13316584		79	89.98
10	1	0.13316584		497	88.39
11	1	0.12227739		694	85.8
12	1	0.11724021		79	89.98
13	1	0.11641541		672	87.19
14	1	0.11137757		497	88.39
15	1	0.088167995		501	87.35
16	1	0.087102175		497	88.39
17	1	0.050251257		694	85.8
18	1	0.037379812		635	87.33
19	1	0.037379812		501	87.35
20	1	0.029313233		3831	78.11
21	1	0.018651744		694	85.8
22	1	0.016786572		3831	78.11
23	1	0.0117252935		635	87.33
24	1	0.0117252935		672	87.19
25	1	0.00985878		635	87.33
26	1	0.00985878		672	87.19
27	1	0.0065856865		2864	85.19
28	1	0.0061291		78	90.05
29	1	0.005861977		672	87.19
30	1	0.001065814		497	88.39
31	1	2.664535E-4		79	89.98
32	1	0.0		78	90.05
33	1	0.0		79	89.98
34	1	0.0		672	87.19
35	1	0.0		694	85.8
36	1	0.0		635	87.33
37	1	0.0		501	87.35
38	1	0.0		3831	78.11
39	1	0.0		694	85.8
40	1	0.0		3831	78.11
41	1	0.0		78	90.05
42	1	0.0		497	88.39
43	1	0.0		694	85.8
44	1	0.0		497	88.39
45	1	0.0		79	89.98
46	1	0.0		672	87.19
47	1	0.0		497	88.39
48	1	0.0		497	88.39
49	1	0.0		694	85.8
50	1	0.0		672	87.19
51	1	0.0		672	87.19
52	1	0.0		3831	78.11
53	1	0.0		497	88.39
54	1	0.0		672	87.19
55	1	0.0		497	88.39
56	1	0.0		694	85.8
57	1	0.0		497	88.39
58	1	0.0		497	88.39
59	1	0.0		497	88.39
60	1	0.0		497	88.39
61	1	0.0		497	88.39
62	1	0.0		497	88.39
63	1	0.0		497	88.39
64	1	0.0		497	88.39
65	1	0.0		497	88.39
66	1	0.0		497	88.39
67	1	0.0		497	88.39
68	1	0.0		497	88.39
69	1	0.0		497	88.39
70	1	0.0		497	88.39
71	1	0.0		497	88.39
72	1	0.0		497	88.39
73	1	0.0		497	88.39
74	1	0.0		497	88.39
75	1	0.0		497	88.39
76	1	0.0		497	88.39
77	1	0.0		497	88.39
78	1	0.0		497	88.39
79	1	0.0		497	88.39


Run no: 15
0	1	1000.0		65	103.25
1	1	1000.0		4576	79.42
2	1	1000.0		65	103.25
3	1	1000.0		4576	79.42
4	1	0.98661685		98	84.75
5	1	0.812047		3746	80.51
6	1	0.5258078		78	97.75
7	1	0.5258078		90	85.22
8	1	0.2247286		77	97.9
9	1	0.22450693		65	103.25
10	1	0.1815562		4565	80.43
11	1	0.1815562		3746	80.51
12	1	0.17792699		3746	80.51
13	1	0.04238355		4565	80.43
14	1	0.04238355		4576	79.42
15	1	0.022383202		90	85.22
16	1	0.02149648		98	84.75
17	1	0.0062945867		78	97.75
18	1	0.0062945867		77	97.9
19	1	0.0033571129		4565	80.43
20	1	0.0026601641		77	97.9
21	1	0.0026601641		65	103.25
22	1	0.0026601641		78	97.75
23	1	0.0024384838		4576	79.42
24	1	0.0024384838		4565	80.43
25	1	0.0017734427		90	85.22
26	1	2.2168034E-4		78	97.75
27	1	0.0		4576	79.42
28	1	0.0		3746	80.51
29	1	0.0		90	85.22
30	1	0.0		77	97.9
31	1	0.0		4565	80.43
32	1	0.0		4576	79.42
33	1	0.0		90	85.22
34	1	0.0		77	97.9
35	1	0.0		78	97.75
36	1	0.0		4576	79.42
37	1	0.0		90	85.22
38	1	0.0		78	97.75
39	1	0.0		4576	79.42
40	1	0.0		78	97.75
41	1	0.0		90	85.22
42	1	0.0		4565	80.43
43	1	0.0		4565	80.43
44	1	0.0		90	85.22
45	1	0.0		77	97.9
46	1	0.0		78	97.75
47	1	0.0		90	85.22
48	1	0.0		4576	79.42
49	1	0.0		90	85.22
50	1	0.0		90	85.22
51	1	0.0		77	97.9
52	1	0.0		4576	79.42
53	1	0.0		90	85.22
54	1	0.0		78	97.75
55	1	0.0		77	97.9
56	1	0.0		4576	79.42
57	1	0.0		90	85.22
58	1	0.0		77	97.9
59	1	0.0		77	97.9
60	1	0.0		90	85.22
61	1	0.0		77	97.9
62	1	0.0		90	85.22
63	1	0.0		78	97.75
64	1	0.0		77	97.9
65	1	0.0		90	85.22
66	1	0.0		4576	79.42
67	1	0.0		77	97.9
68	1	0.0		78	97.75
69	1	0.0		90	85.22
70	1	0.0		90	85.22
71	1	0.0		77	97.9
72	1	0.0		77	97.9
73	1	0.0		77	97.9
74	1	0.0		77	97.9
75	1	0.0		77	97.9
76	1	0.0		90	85.22
77	1	0.0		77	97.9
78	1	0.0		77	97.9
79	1	0.0		90	85.22


Run no: 16
0	1	1000.96765		3680	79.3
1	1	1000.0		63	102.3
2	1	0.0		63	102.3
3	1	1000.12177		3680	79.3
4	1	0.12173913		180	82.1
5	1	0.104347825		69	88.9
6	1	0.0		65	101.99
7	1	0.0		180	82.1
8	1	0.0		87	86.5
9	1	0.5691304		69	88.9
10	1	0.0		107	84.67
11	1	0.0052529722		88	86.2
12	1	0.0		107	84.67
13	1	0.0		125	83.27
14	1	0.0		125	83.27
15	1	0.017344303		161	82.33
16	1	0.104347825		87	86.5
17	1	0.043357816		161	82.33
18	1	0.015252972		170	82.16
19	1	0.0		63	102.3
20	1	0.0		65	101.99
21	1	0.0		88	86.2
22	1	0.06652174		88	86.2
23	1	0.0		107	84.67
24	1	0.040869564		125	83.27
25	1	0.0		69	88.9
26	1	0.96765274		180	82.1
27	1	0.002764722		180	82.1
28	1	0.0		65	101.99
29	1	0.014031205		65	101.99
30	1	0.0		63	102.3
31	1	2.7647222E-4		88	86.2
32	1	2.7647222E-4		87	86.5
33	1	0.0		63	102.3
34	1	0.0		180	82.1
35	1	0.0		69	88.9
36	1	0.013043478		87	86.5
37	1	0.0052529722		107	84.67
38	1	0.0049765		125	83.27
39	1	0.0		107	84.67
40	1	0.0		125	83.27
41	1	0.0		65	101.99
42	1	0.0		63	102.3
43	1	0.013043478		88	86.2
44	1	0.0		87	86.5
45	1	0.0		125	83.27
46	1	0.0		87	86.5
47	1	0.0		125	83.27
48	1	0.060869563		107	84.67
49	1	0.0		180	82.1
50	1	0.0011058889		69	88.9
51	1	1000.0		63	102.3
52	1	0.0		63	102.3
53	1	0.5691304		65	101.99
54	1	0.0026086958		180	82.1
55	1	0.0		69	88.9
56	1	0.0		87	86.5
57	1	0.0		107	84.67
58	1	0.0		107	84.67
59	1	0.009953		125	83.27
60	1	0.0		65	101.99
61	1	0.0		63	102.3
62	1	0.0		125	83.27
63	1	0.0		107	84.67
64	1	0.060869563		125	83.27
65	1	0.0		107	84.67
66	1	0.0		65	101.99
67	1	0.0		69	88.9
68	1	0.0049765		87	86.5
69	1	0.0134782605		63	102.3
70	1	0.0		65	101.99
71	1	0.0		87	86.5
72	1	0.0		69	88.9
73	1	0.0		107	84.67
74	1	0.0		69	88.9
75	1	5.5294443E-4		63	102.3
76	1	0.0011058889		65	101.99
77	1	0.0049765		69	88.9
78	1	0.0		107	84.67
79	1	0.07149824		107	84.67


Run no: 17
0	1	2000.0		4161	83.17
1	1	1000.56976		76	101.44
2	1	1000.001		76	101.44
3	1	1.1682192		148	85.75
4	1	1.1235896		3139	83.21
5	1	0.56978655		80	91.03
6	1	0.28133553		84	90.89
7	1	0.015667075		84	90.89
8	1	0.008642027		81	90.98
9	1	0.0049261083		84	90.89
10	1	0.0027367268		80	91.03
11	1	9.791922E-4		80	91.03
12	1	7.343941E-4		84	90.89
13	1	2.4479805E-4		80	91.03
14	1	0.0		76	101.44
15	1	0.0		84	90.89
16	1	0.0		80	91.03
17	1	0.0		76	101.44
18	1	0.0		84	90.89
19	1	0.0		80	91.03
20	1	0.0		76	101.44
21	1	0.0		80	91.03
22	1	0.0		84	90.89
23	1	0.0		84	90.89
24	1	0.0		80	91.03
25	1	0.0		84	90.89
26	1	0.0		84	90.89
27	1	0.0		84	90.89
28	1	0.0		80	91.03
29	1	0.0		84	90.89
30	1	0.0		80	91.03
31	1	0.0		80	91.03
32	1	0.0		84	90.89
33	1	0.0		80	91.03
34	1	0.0		84	90.89
35	1	0.0		84	90.89
36	1	0.0		80	91.03
37	1	0.0		84	90.89
38	1	0.0		84	90.89
39	1	0.0		84	90.89
40	1	0.0		80	91.03
41	1	0.0		84	90.89
42	1	0.0		84	90.89
43	1	0.0		84	90.89
44	1	0.0		80	91.03
45	1	0.0		84	90.89
46	1	0.0		80	91.03
47	1	0.0		80	91.03
48	1	0.0		84	90.89
49	1	0.0		80	91.03
50	1	0.0		80	91.03
51	1	0.0		80	91.03
52	1	0.0		80	91.03
53	1	0.0		80	91.03
54	1	0.0		80	91.03
55	1	0.0		80	91.03
56	1	0.0		80	91.03
57	1	0.0		80	91.03
58	1	0.0		80	91.03
59	1	0.0		80	91.03
60	1	0.0		80	91.03
61	1	0.0		80	91.03
62	1	0.0		80	91.03
63	1	0.0		84	90.89
64	1	0.0		80	91.03
65	1	0.0		80	91.03
66	1	0.0		80	91.03
67	1	0.0		84	90.89
68	1	0.0		80	91.03
69	1	0.0		84	90.89
70	1	0.0		80	91.03
71	1	0.0		84	90.89
72	1	0.0		80	91.03
73	1	0.0		84	90.89
74	1	0.0		80	91.03
75	1	0.0		80	91.03
76	1	0.0		80	91.03
77	1	0.0		84	90.89
78	1	0.0		84	90.89
79	1	0.0		80	91.03


Run no: 18
0	1	1000.00964		4006	80.12
1	1	1000.0		4006	80.12
2	1	1000.0		71	100.67
3	1	1000.0		71	100.67
4	1	0.75107604		2865	83.22
5	1	0.7024142		101	84.9
6	1	0.42043796		82	85.64
7	1	0.42043796		78	94.28
8	1	0.3620568		2865	83.22
9	1	0.29465804		74	94.62
10	1	0.29440388		71	100.67
11	1	0.28030497		3968	82.22
12	1	0.11184671		3968	82.22
13	1	0.10218978		4006	80.12
14	1	0.086580284		101	84.9
15	1	0.048661802		3968	82.22
16	1	0.036009733		82	85.64
17	1	0.036009733		101	84.9
18	1	0.01241958		77	94.32
19	1	0.0121654505		75	94.57
20	1	0.0048284624		82	85.64
21	1	0.0024547311		77	94.32
22	1	0.00243309		74	94.62
23	1	0.00243309		75	94.57
24	1	0.001946472		78	94.28
25	1	0.0010165185		78	94.28
26	1	0.0010165185		82	85.64
27	1	7.623888E-4		74	94.62
28	1	7.623888E-4		71	100.67
29	1	5.082592E-4		75	94.57
30	1	2.541296E-4		78	94.28
31	1	2.541296E-4		75	94.57
32	1	0.0		71	100.67
33	1	0.0		101	84.9
34	1	0.0		82	85.64
35	1	0.0		74	94.62
36	1	0.0		101	84.9
37	1	0.0		3968	82.22
38	1	0.0		82	85.64
39	1	0.0		75	94.57
40	1	0.0		77	94.32
41	1	0.0		101	84.9
42	1	0.0		75	94.57
43	1	0.0		74	94.62
44	1	0.0		78	94.28
45	1	0.0		77	94.32
46	1	0.0		82	85.64
47	1	0.0		71	100.67
48	1	0.0		75	94.57
49	1	0.0		77	94.32
50	1	0.0		77	94.32
51	1	0.0		78	94.28
52	1	0.0		74	94.62
53	1	0.0		71	100.67
54	1	0.0		101	84.9
55	1	0.0		71	100.67
56	1	0.0		101	84.9
57	1	0.0		77	94.32
58	1	0.0		82	85.64
59	1	0.0		75	94.57
60	1	0.0		78	94.28
61	1	0.0		78	94.28
62	1	0.0		74	94.62
63	1	0.0		77	94.32
64	1	0.0		74	94.62
65	1	0.0		71	100.67
66	1	0.0		101	84.9
67	1	0.0		82	85.64
68	1	0.0		74	94.62
69	1	0.0		82	85.64
70	1	0.0		77	94.32
71	1	0.0		101	84.9
72	1	0.0		74	94.62
73	1	0.0		77	94.32
74	1	0.0		74	94.62
75	1	0.0		77	94.32
76	1	0.0		78	94.28
77	1	0.0		74	94.62
78	1	0.0		71	100.67
79	1	0.0		101	84.9


Run no: 19
0	1	1000.0		3405	81.02
1	1	1000.0		68	92.88
2	1	1000.0		68	92.88
3	1	1.1953063		582	85.09
4	1	1.1891397		3347	81.19
5	1	0.0		447	87.89
6	1	0.0		540	85.39
7	1	0.0		163	89.65
8	1	0.0		409	88.39
9	1	0.0016863407		163	89.65
10	1	0.0033726813		409	88.39
11	1	0.06875843		116	89.67
12	1	0.054806072		100	90.92
13	1	0.0		89	91.72
14	1	0.052987583		108	90.27
15	1	0.0		100	90.92
16	1	0.057203434		108	90.27
17	1	0.040040355		81	92.29
18	1	0.0		79	92.67
19	1	1000.0		3405	81.02
20	1	0.029510962		87	92.07
21	1	0.0		89	91.72
22	1	0.21079259		447	87.89
23	1	0.00839077		447	87.89
24	1	0.02529511		540	85.39
25	1	0.0		540	85.39
26	1	0.0011986814		419	88.14
27	1	0.0		415	88.35
28	1	0.0		419	88.14
29	1	0.07371891		163	89.65
30	1	0.0		87	92.07
31	1	0.007400544		86	92.22
32	1	0.0		540	85.39
33	1	0.0		78	92.81
34	1	0.012104055		79	92.67
35	1	0.021079257		419	88.14
36	1	0.012104055		78	92.81
37	1	0.0		86	92.22
38	1	0.0		409	88.39
39	1	0.017706577		415	88.35
40	1	0.0		100	90.92
41	1	0.06745362		89	91.72
42	1	0.008898896		78	92.81
43	1	0.005902192		68	92.88
44	1	0.06985099		100	90.92
45	1	0.0		415	88.35
46	1	0.0017980222		409	88.39
47	1	0.0		86	92.22
48	1	0.0017980222		415	88.35
49	1	0.00839077		419	88.14
50	1	5.993407E-4		89	91.72
51	1	0.0		79	92.67
52	1	0.0		86	92.22
53	1	0.012647555		87	92.07
54	1	5.993407E-4		79	92.67
55	1	0.0		78	92.81
56	1	0.031714775		3405	81.02
57	1	0.0		540	85.39
58	1	0.012586155		540	85.39
59	1	0.23866193		540	85.39
60	1	0.0		409	88.39
61	1	0.12032396		163	89.65
62	1	0.17995837		409	88.39
63	1	0.0		89	91.72
64	1	0.0032963739		100	90.92
65	1	0.012947225		86	92.22
66	1	0.032040473		79	92.67
67	1	0.032807335		89	91.72
68	1	5.993407E-4		87	92.07
69	1	0.027869344		447	87.89
70	1	0.0		419	88.14
71	1	0.021079257		447	87.89
72	1	0.017706577		419	88.14
73	1	0.0		415	88.35
74	1	2.9967036E-4		87	92.07
75	1	0.0		79	92.67
76	1	0.0		78	92.81
77	1	0.0		78	92.81
78	1	0.0029967036		68	92.88
79	1	0.004571363		415	88.35


Run no: 20
0	1	1000.02234		3650	79.67
1	1	1000.0		72	93.29
2	1	0.0		3650	79.67
3	1	0.005139501		72	93.29
4	1	0.8032523		610	87.21
5	1	0.7786575		3006	86.63
6	1	0.31718677		3453	81.78
7	1	0.25110132		3436	85.2
8	1	0.20246342		215	91.74
9	1	0.22517152		3023	85.79
10	1	0.0		393	89.07
11	1	0.12628488		3570	81.39
12	1	0.0		3650	79.67
13	1	0.048069905		3436	85.2
14	1	0.10343066		505	88.05
15	1	0.1231699		215	91.74
16	1	0.025992174		192	92.74
17	1	0.007342144		393	89.07
18	1	0.061334193		3570	81.39
19	1	0.11542761		3436	85.2
20	1	0.033039648		87	93.22
21	1	0.0		99	92.77
22	1	0.0064281723		192	92.74
23	1	0.0		99	92.77
24	1	2.7948574E-4		399	88.57
25	1	5.589715E-4		398	88.92
26	1	0.0		3650	79.67
27	1	0.0		399	88.57
28	1	0.0		477	88.55
29	1	0.023665588		496	88.45
30	1	0.0		500	88.2
31	1	0.0		477	88.55
32	1	0.001117943		500	88.2
33	1	0.003671072		396	88.97
34	1	0.001117943		496	88.45
35	1	0.002202643		192	92.74
36	1	0.007342144		496	88.45
37	1	0.004192286		87	93.22
38	1	0.0		72	93.29
39	1	0.003353829		87	93.22
40	1	1000.0		72	93.29
41	1	0.007342144		396	88.97
42	1	0.02597699		398	88.92
43	1	0.033039648		99	92.77
44	1	0.0		87	93.22
45	1	0.003353829		99	92.77
46	1	0.025697503		399	88.57
47	1	0.0014684288		477	88.55
48	1	0.01835536		500	88.2
49	1	0.012410644		500	88.2
50	1	0.0		393	89.07
51	1	0.0		396	88.97
52	1	0.0		398	88.92
53	1	0.0014684288		399	88.57
54	1	0.003671072		398	88.92
55	1	0.0		72	93.29
56	1	0.0		192	92.74
57	1	0.19603524		393	89.07
58	1	0.005139501		87	93.22
59	1	0.0		99	92.77
60	1	0.0		3570	81.39
61	1	0.012652373		477	88.55
62	1	0.022358859		3570	81.39
63	1	0.0		99	92.77
64	1	0.0		398	88.92
65	1	0.0		500	88.2
66	1	0.04974846		393	89.07
67	1	0.07342144		192	92.74
68	1	0.021799888		477	88.55
69	1	0.004192286		72	93.29
70	1	8.3845726E-4		396	88.97
71	1	0.0		398	88.92
72	1	0.002202643		99	92.77
73	1	0.025992174		99	92.77
74	1	0.0		399	88.57
75	1	0.0		477	88.55
76	1	8.3845726E-4		393	89.07
77	1	5.589715E-4		396	88.97
78	1	0.021799888		399	88.57
79	1	1000.1263		3650	79.67


Run no: 21
0	1	1000.1088		72	95.89
1	1	2000.0		5339	82.11
2	1	0.0		5339	82.11
3	1	0.13425253		523	85.33
4	1	0.0		3229	85.03
5	1	0.4118937		3246	82.31
6	1	0.0		5339	82.11
7	1	0.17379001		411	87.2
8	1	1.898614E-4		407	89.41
9	1	0.13425253		470	87.18
10	1	0.53553563		523	85.33
11	1	0.12917271		81	93.58
12	1	0.0011391684		83	91.8
13	1	0.0		92	91.55
14	1	0.0		96	89.84
15	1	0.0		75	94.39
16	1	0.0		72	95.89
17	1	0.023099711		3229	85.03
18	1	0.0		3236	83.6
19	1	0.09551255		3236	83.6
20	1	0.0		135	89.68
21	1	0.059160564		81	93.58
22	1	0.0		75	94.39
23	1	0.003628447		400	89.51
24	1	0.6175386		3229	85.03
25	1	0.0100626545		523	85.33
26	1	0.09551255		3246	82.31
27	1	0.3973799		5339	82.11
28	1	0.12917271		83	91.8
29	1	0.0137880985		89	91.61
30	1	0.0		400	89.51
31	1	0.062649995		135	89.68
32	1	0.01161103		96	89.84
33	1	0.011514033		470	87.18
34	1	0.12409289		96	89.84
35	1	0.019015625		135	89.68
36	1	0.0		92	91.55
37	1	1.898614E-4		406	89.46
38	1	5.695842E-4		89	91.61
39	1	0.0		406	89.46
40	1	0.05031327		400	89.51
41	1	0.0		407	89.41
42	1	0.0013290298		3236	83.6
43	1	0.011201823		470	87.18
44	1	0.0		3229	85.03
45	1	0.01233672		400	89.51
46	1	0.0054933047		89	91.61
47	1	0.10885341		75	94.39
48	1	3.797228E-4		83	91.8
49	1	7.594456E-4		407	89.41
50	1	7.594456E-4		96	89.84
51	1	0.059350427		75	94.39
52	1	0.0		92	91.55
53	1	0.0		89	91.61
54	1	0.0		72	95.89
55	1	0.0011391684		81	93.58
56	1	0.0047676153		406	89.46
57	1	0.16037735		407	89.41
58	1	0.014513788		5339	82.11
59	1	0.0		72	95.89
60	1	0.0		3229	85.03
61	1	0.0137880985		83	91.8
62	1	0.0074045947		96	89.84
63	1	0.124662474		92	91.55
64	1	1000.00055		72	95.89
65	1	0.0		75	94.39
66	1	0.10377359		3236	83.6
67	1	0.0		81	93.58
68	1	0.0		75	94.39
69	1	0.0		135	89.68
70	1	0.0011391684		400	89.51
71	1	0.0		89	91.61
72	1	0.0		83	91.8
73	1	0.0		400	89.51
74	1	0.0		400	89.51
75	1	0.0		92	91.55
76	1	0.003628447		407	89.41
77	1	0.003628447		406	89.46
78	1	0.0011391684		75	94.39
79	1	0.005113582		92	91.55


Run no: 22
0	1	1000.0		80	104.82
1	1	1000.0		166	82.77
2	1	0.0		166	82.77
3	1	0.0		80	104.82
4	1	1.1829932		87	89.43
5	1	0.29947793		126	84.05
6	1	0.0		126	84.05
7	1	0.0		83	99.11
8	1	0.27997681		150	83.6
9	1	0.023255814		82	102.35
10	1	0.011627907		83	99.11
11	1	0.0		82	102.35
12	1	0.0		166	82.77
13	1	0.0		157	83.33
14	1	0.0		157	83.33
15	1	0.046511628		154	83.58
16	1	0.1934504		83	99.11
17	1	0.0		150	83.6
18	1	0.0		154	83.58
19	1	0.0		80	104.82
20	1	0.0		150	83.6
21	1	0.43900228		83	99.11
22	1	0.10465116		157	83.33
23	1	0.0		154	83.58
24	1	0.046511628		150	83.6
25	1	0.04622159		154	83.58
26	1	0.0		80	104.82
27	1	0.0		166	82.77
28	1	0.0		126	84.05
29	1	0.0		83	99.11
30	1	0.0		82	102.35
31	1	0.0		166	82.77
32	1	0.14693877		82	102.35
33	1	0.0		80	104.82
34	1	0.0		157	83.33
35	1	0.0		82	102.35
36	1	0.0		126	84.05
37	1	0.0		83	99.11
38	1	0.0		82	102.35
39	1	0.0		126	84.05
40	1	0.10465116		166	82.77
41	1	0.0		150	83.6
42	1	0.24399093		126	84.05
43	1	0.0		80	104.82
44	1	0.0		82	102.35
45	1	0.011337869		157	83.33
46	1	0.020408163		150	83.6
47	1	0.025396826		157	83.33
48	1	0.0		126	84.05
49	1	0.034883723		157	83.33
50	1	0.11201814		80	104.82
51	1	0.0		126	84.05
52	1	0.0		82	102.35
53	1	0.0		80	104.82
54	1	0.0		166	82.77
55	1	0.011627907		82	102.35
56	1	0.0		80	104.82
57	1	0.0		80	104.82
58	1	0.0		80	104.82
59	1	1000.0		166	82.77
60	1	0.0		80	104.82
61	1	0.0		80	104.82
62	1	0.0		157	83.33
63	1	0.0		166	82.77
64	1	0.0		80	104.82
65	1	0.0		157	83.33
66	1	0.45348838		126	84.05
67	1	0.0		82	102.35
68	1	0.0		82	102.35
69	1	0.0		154	83.58
70	1	0.0		166	82.77
71	1	0.0		82	102.35
72	1	0.0		80	104.82
73	1	0.0		157	83.33
74	1	0.025396826		166	82.77
75	1	0.0		83	99.11
76	1	9.070295E-4		154	83.58
77	1	0.0		80	104.82
78	1	0.11201814		82	102.35
79	1	1000.02325		80	104.82


Run no: 23
0	1	1000.30206		5419	81.62
1	1	1000.00073		5419	81.62
2	1	1000.0		72	95.14
3	1	0.0		72	95.14
4	1	0.062248312		3297	83.85
5	1	0.53342676		512	85.68
6	1	0.043014776		87	88.89
7	1	0.3224852		84	93.25
8	1	0.30277815		3804	81.63
9	1	0.053994082		317	88.16
10	1	0.0		430	85.85
11	1	0.15069073		512	85.68
12	1	0.65620786		3297	83.85
13	1	0.0		84	93.25
14	1	0.1397929		72	95.14
15	1	0.08689853		3667	82.76
16	1	0.07465213		3353	83.15
17	1	0.06574264		3706	82.7
18	1	0.0		3360	83.0
19	1	0.054010957		3714	81.99
20	1	0.17085798		317	88.16
21	1	0.3224852		87	88.89
22	1	0.053994082		87	88.89
23	1	0.0		317	88.16
24	1	0.021133346		317	88.16
25	1	0.012573965		430	85.85
26	1	0.0		3728	81.91
27	1	0.0		3804	81.63
28	1	0.01775148		3360	83.0
29	1	0.0		430	85.85
30	1	0.0		3728	81.91
31	1	0.014213578		3804	81.63
32	1	0.0		430	85.85
33	1	0.0		3360	83.0
34	1	0.00591716		3714	81.99
35	1	0.020710059		3728	81.91
36	1	0.0		3728	81.91
37	1	0.0022442492		84	93.25
38	1	1000.0		72	95.14
39	1	0.0026182907		3714	81.99
40	1	0.0013091454		3360	83.0
41	1	0.0		3804	81.63
42	1	0.0		84	93.25
43	1	0.020710059		3804	81.63
44	1	0.015335702		430	85.85
45	1	0.0		84	93.25
46	1	0.0		3360	83.0
47	1	0.043014776		317	88.16
48	1	0.0		87	88.89
49	1	0.0		87	88.89
50	1	0.0026182907		3728	81.91
51	1	0.0		430	85.85
52	1	0.0		430	85.85
53	1	0.0		3360	83.0
54	1	0.057415374		3360	83.0
55	1	0.020130737		3728	81.91
56	1	0.0		84	93.25
57	1	0.0022442492		72	95.14
58	1	0.0		84	93.25
59	1	5.610623E-4		87	88.89
60	1	0.0		430	85.85
61	1	0.0110946745		3360	83.0
62	1	0.0		430	85.85
63	1	0.0		84	93.25
64	1	0.0		87	88.89
65	1	0.0		84	93.25
66	1	0.0		84	93.25
67	1	0.021133346		430	85.85
68	1	0.0		84	93.25
69	1	0.0		430	85.85
70	1	0.0		84	93.25
71	1	0.0		84	93.25
72	1	0.0		430	85.85
73	1	0.0		84	93.25
74	1	0.0		84	93.25
75	1	0.0		84	93.25
76	1	0.0		84	93.25
77	1	0.0		84	93.25
78	1	0.17085798		430	85.85
79	1	0.14035396		84	93.25


Run no: 24
0	1	1000.0		65	104.49
1	1	1000.0		3445	80.02
2	1	0.0		65	104.49
3	1	0.0		3445	80.02
4	1	0.499387		71	98.08
5	1	0.0		71	98.08
6	1	0.0		65	104.49
7	1	0.30932394		2946	84.43
8	1	0.0		3374	82.6
9	1	0.10543523		3374	82.6
10	1	0.0		3445	80.02
11	1	0.20141268		3374	82.6
12	1	0.0		3445	80.02
13	1	0.0		65	104.49
14	1	0.0		65	104.49
15	1	0.0		65	104.49
16	1	0.0		65	104.49
17	1	0.0		65	104.49
18	1	0.0		65	104.49
19	1	0.0		65	104.49
20	1	0.0		65	104.49
21	1	0.0		3445	80.02
22	1	0.0		65	104.49
23	1	1.3005064		73	85.86
24	1	1000.0		65	104.49
25	1	0.2619534		65	104.49
26	1	0.9084389		2689	85.21
27	1	0.0		3445	80.02
28	1	0.26372856		71	98.08
29	1	0.0		65	104.49
30	1	0.0		3445	80.02
31	1	0.0		65	104.49
32	1	0.0		65	104.49
33	1	0.0		3445	80.02
34	1	0.0		65	104.49
35	1	0.021005917		3445	80.02
36	1	0.0		65	104.49
37	1	0.0		65	104.49
38	1	0.0		65	104.49
39	1	0.0		3445	80.02
40	1	0.001775148		65	104.49
41	1	0.0		3374	82.6
42	1	0.0		3445	80.02
43	1	0.0		3374	82.6
44	1	5.91716E-4		71	98.08
45	1	0.021005917		3374	82.6
46	1	1000.1054		3445	80.02
47	2	2000.0		2879	85.37
48	2	1000.0		78	91.71
49	2	0.0		78	91.71
50	2	0.0		2753	85.56
51	2	0.0		83	90.46
52	2	0.0		83	90.46
53	2	0.033123028		81	91.5
54	2	0.77287066		83	90.46
55	2	0.044983935		2879	85.37
56	2	0.029968454		2753	85.56
57	2	0.0		81	91.5
58	2	1000.0		78	91.71
59	2	0.044983935		2753	85.56
60	2	0.029968454		2879	85.37
61	2	0.0		81	91.5
62	2	0.033123028		78	91.71
63	2	0.0		83	90.46
64	2	1.7261016		2753	85.56
65	2	0.0		78	91.71
66	2	0.0		83	90.46
67	2	0.0		83	90.46
68	2	0.1651089		81	91.5
69	2	0.0		81	91.5
70	2	0.0		81	91.5
71	2	7.140307E-4		83	90.46
72	2	0.0		83	90.46
73	2	0.0		81	91.5
74	2	0.0		81	91.5
75	2	0.0		78	91.71
76	2	0.0		78	91.71
77	2	0.0010710461		78	91.71
78	2	7.140307E-4		81	91.5
79	2	1.1172688		83	90.46


Run no: 25
0	1	2000.0		3657	82.23
1	1	1000.0		66	101.37
2	1	0.0		66	101.37
3	1	1.2536414		3274	89.8
4	1	0.035005223		505	91.16
5	1	0.44832695		3489	83.07
6	1	0.0		81	95.4
7	1	0.0		79	99.75
8	1	0.1866989		120	91.91
9	1	0.0		488	91.83
10	1	0.0		114	93.41
11	1	0.22727273		81	95.4
12	1	0.10564159		114	93.41
13	1	0.7710944		505	91.16
14	1	0.01626541		70	101.08
15	1	0.0		77	99.91
16	1	0.060200572		3580	82.85
17	1	0.07578944		505	91.16
18	1	0.035005223		488	91.83
19	1	0.030470202		3617	82.6
20	1	0.063077845		70	101.08
21	1	0.0		66	101.37
22	1	0.0		3617	82.6
23	1	0.0		3617	82.6
24	1	0.009189641		114	93.41
25	1	0.009189641		81	95.4
26	1	0.008359456		79	99.75
27	1	0.0		77	99.91
28	1	0.102478415		488	91.83
29	1	0.0		77	99.91
30	1	0.0		114	93.41
31	1	0.0		66	101.37
32	1	0.22782968		79	99.75
33	1	0.0		77	99.91
34	1	0.0		79	99.75
35	1	0.0		66	101.37
36	1	5.5694795E-4		79	99.75
37	1	5.5694795E-4		81	95.4
38	1	0.0		114	93.41
39	1	0.0		114	93.41
40	1	0.0		505	91.16
41	1	0.0		488	91.83
42	1	0.0		66	101.37
43	1	0.010303536		3617	82.6
44	1	0.07836991		114	93.41
45	1	0.0		81	95.4
46	1	0.0019493178		77	99.91
47	1	0.0		77	99.91
48	1	0.0		66	101.37
49	1	0.0		79	99.75
50	1	0.0		77	99.91
51	1	0.0		81	95.4
52	1	1000.0		66	101.37
53	1	0.0		81	95.4
54	1	0.0		81	95.4
55	1	0.0		488	91.83
56	1	0.0047340575		488	91.83
57	1	0.013061651		3617	82.6
58	1	0.0		114	93.41
59	1	0.0		79	99.75
60	1	0.008359456		77	99.91
61	1	0.015151516		66	101.37
62	1	0.0		79	99.75
63	1	0.10397074		81	95.4
64	1	0.0		79	99.75
65	1	0.0		81	95.4
66	1	0.0		81	95.4
67	1	0.0		114	93.41
68	1	0.0		114	93.41
69	1	0.0		488	91.83
70	1	0.0		114	93.41
71	1	0.0011138959		66	101.37
72	1	0.0		77	99.91
73	1	0.0		114	93.41
74	1	0.0		488	91.83
75	1	0.0		81	95.4
76	1	0.0		114	93.41
77	1	0.0		79	99.75
78	1	0.004179728		488	91.83
79	1	0.061685476		77	99.91


Run no: 26
0	1	2000.0		5637	83.56
1	1	1000.0		72	90.58
2	1	0.0		72	90.58
3	1	0.82937473		244	87.58
4	1	0.5444744		3274	85.05
5	1	0.08262108		3274	85.05
6	1	0.12962963		5553	84.47
7	1	0.7699227		3274	85.05
8	1	0.38663426		244	87.58
9	1	0.0		98	89.58
10	1	0.40952381		5553	84.47
11	1	0.0		5553	84.47
12	1	0.0		84	90.08
13	1	0.0		72	90.58
14	1	0.0		84	90.08
15	1	0.0		98	89.58
16	1	0.0		98	89.58
17	1	0.0		244	87.58
18	1	0.0		5553	84.47
19	1	0.28490028		98	89.58
20	1	0.0025157232		84	90.08
21	1	0.07122507		84	90.08
22	1	0.0		72	90.58
23	1	0.0262354		98	89.58
24	1	0.0		5553	84.47
25	1	0.0		72	90.58
26	1	0.0		84	90.08
27	1	0.0		98	89.58
28	1	0.0		84	90.08
29	1	0.0		98	89.58
30	1	0.01509434		5553	84.47
31	1	0.0		84	90.08
32	1	0.0		84	90.08
33	1	0.0		72	90.58
34	1	0.0		98	89.58
35	1	0.08262108		5553	84.47
36	1	0.0		98	89.58
37	1	0.0		84	90.08
38	1	0.0		72	90.58
39	1	0.0		84	90.08
40	1	0.0		98	89.58
41	1	0.07122507		84	90.08
42	1	0.0		72	90.58
43	1	0.0		72	90.58
44	1	0.0		98	89.58
45	1	0.0		84	90.08
46	1	0.0		84	90.08
47	1	0.0		98	89.58
48	1	0.0		72	90.58
49	1	0.0		72	90.58
50	1	0.0		84	90.08
51	1	0.0		98	89.58
52	1	0.07122507		72	90.58
53	1	0.0		72	90.58
54	1	0.0		98	89.58
55	1	0.0		72	90.58
56	1	0.0021563342		84	90.08
57	1	0.0		98	89.58
58	1	0.0		72	90.58
59	1	0.0025157232		98	89.58
60	1	0.0		84	90.08
61	1	0.0		72	90.58
62	1	0.0		72	90.58
63	1	0.0		98	89.58
64	1	0.0		72	90.58
65	1	0.0		98	89.58
66	1	0.0		72	90.58
67	1	0.0		72	90.58
68	1	0.0		98	89.58
69	1	0.0		72	90.58
70	1	0.0		98	89.58
71	1	0.0		84	90.08
72	1	0.0		72	90.58
73	1	0.0		72	90.58
74	1	0.0		72	90.58
75	1	0.0		72	90.58
76	1	0.07122507		98	89.58
77	1	0.0		72	90.58
78	1	0.0		72	90.58
79	1	1000.00214		72	90.58


Run no: 27
0	1	2000.0		5093	82.52
1	1	1000.0		72	99.63
2	1	1000.0		72	99.63
3	1	0.8195129		4136	88.68
4	1	0.8195129		121	89.02
5	1	0.5506229		4136	88.68
6	1	0.22618352		102	92.22
7	1	0.22618352		100	96.09
8	1	0.16988985		119	91.92
9	1	0.16949153		121	89.02
10	1	0.100526005		74	98.14
11	1	0.100526005		83	96.42
12	1	0.0726714		73	98.39
13	1	0.07247224		72	99.63
14	1	0.014810502		73	98.39
15	1	0.014611338		74	98.14
16	1	0.011689071		102	92.22
17	1	0.011689071		113	92.02
18	1	0.010732364		83	96.42
19	1	0.00993571		87	96.25
20	1	0.008035334		113	92.02
21	1	0.0070395162		119	91.92
22	1	0.0058445353		100	96.09
23	1	0.0058445353		94	96.19
24	1	0.0021907988		102	92.22
25	1	0.0017924716		83	96.42
26	1	0.0017924716		74	98.14
27	1	0.0017533606		93	96.22
28	1	0.0017533606		93	96.22
29	1	0.0017533606		94	96.19
30	1	0.0017533606		87	96.25
31	1	0.001194981		87	96.25
32	1	0.001194981		93	96.22
33	1	0.001194981		100	96.09
34	1	0.001194981		94	96.19
35	1	0.001194981		113	92.02
36	1	7.96654E-4		87	96.25
37	1	3.98327E-4		121	89.02
38	1	3.98327E-4		102	92.22
39	1	3.98327E-4		100	96.09
40	1	1.991635E-4		94	96.19
41	1	1.991635E-4		74	98.14
42	1	1.991635E-4		93	96.22
43	1	1.991635E-4		72	99.63
44	1	0.0		4136	88.68
45	1	0.0		83	96.42
46	1	0.0		74	98.14
47	1	0.0		73	98.39
48	1	0.0		121	89.02
49	1	0.0		4136	88.68
50	1	0.0		73	98.39
51	1	0.0		83	96.42
52	1	0.0		113	92.02
53	1	0.0		100	96.09
54	1	0.0		94	96.19
55	1	0.0		87	96.25
56	1	0.0		74	98.14
57	1	0.0		87	96.25
58	1	0.0		102	92.22
59	1	0.0		93	96.22
60	1	0.0		72	99.63
61	1	0.0		121	89.02
62	1	0.0		4136	88.68
63	1	0.0		121	89.02
64	1	0.0		83	96.42
65	1	0.0		73	98.39
66	1	0.0		121	89.02
67	1	0.0		4136	88.68
68	1	0.0		74	98.14
69	1	0.0		113	92.02
70	1	0.0		113	92.02
71	1	0.0		100	96.09
72	1	0.0		93	96.22
73	1	0.0		102	92.22
74	1	0.0		83	96.42
75	1	0.0		102	92.22
76	1	0.0		73	98.39
77	1	0.0		94	96.19
78	1	0.0		121	89.02
79	1	0.0		102	92.22


Run no: 28
0	1	2000.0		66	96.73
1	1	2000.0		3787	79.17
2	1	1.0377955		3520	83.99
3	1	0.919914		97	86.06
4	1	0.50911164		75	87.79
5	1	0.15794337		3746	81.75
6	1	0.15655541		3520	83.99
7	1	0.11788155		97	86.06
8	1	0.10307517		3719	82.18
9	1	0.08810886		87	86.29
10	1	0.08542141		75	87.79
11	1	0.05348025		3719	82.18
12	1	0.021179428		3746	81.75
13	1	0.018223235		3735	82.07
14	1	0.01309795		97	86.06
15	1	0.01309795		87	86.29
16	1	0.0062642368		3719	82.18
17	1	0.0062642368		3735	82.07
18	1	0.0042999196		3719	82.18
19	1	0.0042999196		3735	82.07
20	1	0.0032249396		87	86.29
21	1	0.0032249396		75	87.79
22	1	0.0029561946		3735	82.07
23	1	0.0026874496		97	86.06
24	1	0.0024187046		75	87.79
25	1	0.0		97	86.06
26	1	0.0		87	86.29
27	1	0.0		3719	82.18
28	1	0.0		87	86.29
29	1	0.0		3735	82.07
30	1	0.0		87	86.29
31	1	0.0		87	86.29
32	1	0.0		75	87.79
33	1	0.0		87	86.29
34	1	0.0		75	87.79
35	1	0.0		3719	82.18
36	1	0.0		87	86.29
37	1	0.0		3735	82.07
38	1	0.0		75	87.79
39	1	0.0		3735	82.07
40	1	0.0		75	87.79
41	1	0.0		87	86.29
42	1	0.0		3735	82.07
43	1	0.0		3719	82.18
44	1	0.0		3735	82.07
45	1	0.0		75	87.79
46	1	0.0		87	86.29
47	1	0.0		75	87.79
48	1	0.0		3735	82.07
49	1	0.0		75	87.79
50	1	0.0		87	86.29
51	1	0.0		87	86.29
52	1	0.0		75	87.79
53	1	0.0		87	86.29
54	1	0.0		87	86.29
55	1	0.0		75	87.79
56	1	0.0		87	86.29
57	1	0.0		75	87.79
58	1	0.0		87	86.29
59	1	0.0		75	87.79
60	1	0.0		87	86.29
61	1	0.0		87	86.29
62	1	0.0		75	87.79
63	1	0.0		75	87.79
64	1	0.0		75	87.79
65	1	0.0		75	87.79
66	1	0.0		75	87.79
67	1	0.0		75	87.79
68	1	0.0		75	87.79
69	1	0.0		75	87.79
70	1	0.0		75	87.79
71	1	0.0		75	87.79
72	1	0.0		75	87.79
73	1	0.0		75	87.79
74	1	0.0		75	87.79
75	1	0.0		75	87.79
76	1	0.0		75	87.79
77	1	0.0		75	87.79
78	1	0.0		75	87.79
79	1	0.0		87	86.29


Run no: 29
0	1	2000.0		3223	80.73
1	1	1000.0		64	96.21
2	1	1000.0		64	96.21
3	1	1.1908133		2797	82.53
4	1	0.93968135		102	83.87
5	1	0.41792		76	94.34
6	1	0.41602066		84	87.9
7	1	0.25113186		3223	80.73
8	1	0.22567856		102	83.87
9	1	0.22093023		87	87.29
10	1	0.106589146		70	94.56
11	1	0.106589146		64	96.21
12	1	0.044154022		87	87.29
13	1	0.041938134		84	87.9
14	1	0.014211887		76	94.34
15	1	0.014211887		70	94.56
16	1	0.002532447		76	94.34
17	1	0.0018993352		70	94.56
18	1	0.0018993352		64	96.21
19	1	0.0018993352		70	94.56
20	1	9.496676E-4		84	87.9
21	1	9.496676E-4		87	87.29
22	1	0.0		64	96.21
23	1	0.0		76	94.34
24	1	0.0		102	83.87
25	1	0.0		64	96.21
26	1	0.0		70	94.56
27	1	0.0		84	87.9
28	1	0.0		87	87.29
29	1	0.0		76	94.34
30	1	0.0		70	94.56
31	1	0.0		87	87.29
32	1	0.0		84	87.9
33	1	0.0		70	94.56
34	1	0.0		70	94.56
35	1	0.0		76	94.34
36	1	0.0		87	87.29
37	1	0.0		84	87.9
38	1	0.0		64	96.21
39	1	0.0		84	87.9
40	1	0.0		87	87.29
41	1	0.0		64	96.21
42	1	0.0		87	87.29
43	1	0.0		84	87.9
44	1	0.0		84	87.9
45	1	0.0		84	87.9
46	1	0.0		64	96.21
47	1	0.0		84	87.9
48	1	0.0		84	87.9
49	1	0.0		70	94.56
50	1	0.0		76	94.34
51	1	0.0		64	96.21
52	1	0.0		87	87.29
53	1	0.0		64	96.21
54	1	0.0		70	94.56
55	1	0.0		84	87.9
56	1	0.0		87	87.29
57	1	0.0		84	87.9
58	1	0.0		70	94.56
59	1	0.0		64	96.21
60	1	0.0		70	94.56
61	1	0.0		84	87.9
62	1	0.0		64	96.21
63	1	0.0		64	96.21
64	1	0.0		87	87.29
65	1	0.0		84	87.9
66	1	0.0		70	94.56
67	1	0.0		64	96.21
68	1	0.0		64	96.21
69	1	0.0		70	94.56
70	1	0.0		64	96.21
71	1	0.0		87	87.29
72	1	0.0		87	87.29
73	1	0.0		87	87.29
74	1	0.0		64	96.21
75	1	0.0		84	87.9
76	1	0.0		70	94.56
77	1	0.0		84	87.9
78	1	0.0		87	87.29
79	1	0.0		87	87.29

