
Run no: 0
89.2	
89.2	
89.2	
89.2	
88.97	
88.61	
88.61	
88.61	
82.35	
82.35	
81.8	
81.8	
81.8	
81.8	
81.8	
81.8	
81.8	
81.8	
79.96	
79.96	
79.96	
79.96	
79.96	
79.96	
79.96	
79.96	
79.96	
79.96	
79.96	
79.96	
79.96	

Run no: 1
92.02	
91.34	
91.34	
91.08	
85.89	
85.46	
85.46	
85.46	
85.46	
85.46	
83.56	
83.56	
83.56	
82.03	
82.03	
82.03	
82.03	
82.03	
82.03	
82.03	
82.03	
82.03	
80.18	
80.18	
80.18	
80.18	
80.18	
80.18	
80.18	
80.18	
80.18	

Run no: 2
94.61	
94.61	
92.01	
92.01	
81.97	
81.97	
81.97	
81.89	
81.89	
81.89	
81.89	
81.85	
81.85	
80.4	
80.4	
80.4	
80.4	
80.4	
80.4	
80.4	
80.4	
80.4	
80.4	
80.4	
80.4	
80.4	
80.4	
80.3	
80.3	
80.3	
80.3	

Run no: 3
93.45	
93.04	
93.04	
89.79	
85.35	
85.35	
85.35	
85.35	
85.35	
84.85	
84.85	
84.85	
84.85	
84.85	
83.5	
83.5	
83.5	
83.5	
82.02	
82.02	
82.02	
82.02	
82.02	
82.02	
82.02	
82.02	
81.83	
81.83	
81.73	
81.73	
81.73	

Run no: 4
96.4	
89.93	
88.11	
88.11	
88.11	
83.48	
83.48	
80.25	
80.25	
80.25	
80.25	
80.25	
80.25	
80.25	
80.25	
80.25	
80.0	
80.0	
80.0	
79.99	
79.99	
79.99	
79.99	
79.99	
79.94	
79.94	
79.91	
79.91	
79.91	
79.91	
79.91	

Run no: 5
92.46	
92.46	
90.94	
90.94	
90.87	
90.87	
90.87	
88.06	
88.06	
80.7	
80.7	
79.82	
78.2	
78.2	
78.2	
78.2	
76.82	
76.82	
76.82	
76.82	
76.82	
76.82	
76.76	
76.76	
76.76	
76.76	
76.76	
76.76	
76.76	
76.76	
76.76	

Run no: 6
87.57	
87.57	
87.57	
87.57	
87.57	
86.24	
81.13	
81.13	
81.13	
81.13	
81.13	
81.13	
81.13	
80.8	
80.8	
80.8	
80.8	
80.8	
80.8	
80.53	
80.53	
80.53	
80.53	
80.53	
80.53	
80.53	
80.53	
80.53	
80.53	
80.53	
80.0	

Run no: 7
93.65	
93.65	
93.65	
93.5	
93.5	
93.4	
92.11	
90.32	
90.32	
86.56	
86.56	
86.56	
86.56	
86.56	
86.56	
86.56	
86.08	
86.08	
86.08	
86.08	
86.08	
86.08	
86.08	
86.08	
86.08	
85.81	
85.81	
82.58	
82.58	
82.58	
82.58	

Run no: 8
96.77	
96.77	
96.77	
96.77	
93.42	
93.39	
93.39	
82.15	
82.15	
82.15	
82.15	
82.15	
82.15	
82.15	
82.1	
82.05	
82.05	
82.05	
78.89	
78.89	
78.89	
78.89	
78.89	
78.89	
78.46	
78.46	
78.46	
78.46	
78.46	
73.89	
73.89	

Run no: 9
93.2	
93.2	
93.2	
93.2	
89.62	
89.62	
89.62	
89.62	
89.62	
88.59	
88.59	
88.59	
88.59	
88.59	
88.59	
88.59	
88.59	
88.38	
88.36	
87.72	
83.09	
83.09	
83.09	
83.09	
83.09	
83.09	
83.09	
82.09	
80.14	
80.14	
80.14	

Run no: 10
94.08	
93.7	
93.7	
91.7	
89.9	
89.9	
89.9	
89.9	
87.33	
87.33	
87.33	
87.33	
87.33	
87.33	
86.8	
82.14	
82.14	
82.14	
82.14	
82.14	
82.14	
82.14	
82.14	
82.14	
82.14	
82.14	
82.14	
82.14	
82.14	
81.89	
81.89	

Run no: 11
89.94	
89.94	
89.81	
89.81	
89.68	
88.44	
88.44	
88.44	
88.15	
88.15	
88.15	
77.92	
77.92	
77.92	
77.92	
77.92	
77.92	
77.91	
77.91	
77.91	
77.91	
77.91	
77.91	
77.91	
77.91	
77.76	
77.76	
77.76	
77.76	
77.76	
77.76	

Run no: 12
90.5	
90.5	
90.5	
90.5	
90.5	
90.5	
87.54	
87.54	
87.54	
87.54	
87.54	
87.54	
87.54	
86.61	
86.61	
81.63	
81.63	
81.63	
81.63	
81.63	
81.63	
81.63	
81.63	
81.16	
81.16	
81.16	
81.16	
79.66	
79.66	
79.66	
79.66	

Run no: 13
89.22	
89.22	
89.22	
89.22	
89.22	
88.79	
79.64	
79.64	
79.64	
79.64	
79.64	
79.64	
79.64	
79.64	
79.54	
79.54	
79.54	
79.54	
79.42	
79.42	
79.42	
79.32	
79.32	
79.32	
77.32	
77.32	
77.32	
77.32	
77.32	
76.92	
76.92	

Run no: 14
89.56	
89.56	
89.56	
88.89	
88.89	
88.61	
88.61	
88.52	
83.81	
83.81	
83.81	
81.25	
81.25	
81.25	
81.25	
81.25	
81.25	
81.25	
81.25	
81.25	
81.12	
79.37	
78.46	
78.46	
78.46	
78.11	
78.11	
78.11	
78.11	
78.11	
78.11	

Run no: 15
93.26	
93.26	
92.79	
92.79	
92.79	
92.79	
92.79	
92.79	
89.0	
89.0	
89.0	
89.0	
82.58	
82.58	
82.58	
82.58	
82.58	
82.58	
82.58	
82.58	
82.58	
79.48	
79.48	
79.48	
79.48	
79.42	
79.42	
79.42	
79.42	
79.42	
79.42	

Run no: 16
90.4	
90.4	
89.46	
88.04	
88.04	
88.04	
88.04	
87.54	
87.54	
86.5	
86.5	
86.44	
86.44	
86.44	
86.25	
86.22	
84.67	
84.67	
84.67	
84.07	
82.33	
82.33	
82.33	
82.1	
82.1	
82.1	
82.1	
82.1	
79.3	
79.3	
79.3	

Run no: 17
91.78	
91.48	
91.48	
84.58	
84.58	
84.58	
84.58	
84.45	
84.45	
84.38	
84.38	
84.31	
84.31	
84.08	
83.24	
83.24	
83.24	
83.24	
83.24	
83.24	
83.24	
83.24	
83.24	
83.24	
83.24	
83.17	
83.17	
83.17	
83.17	
83.17	
83.17	

Run no: 18
89.69	
89.69	
89.69	
89.69	
89.69	
88.38	
88.38	
88.38	
88.38	
88.38	
88.38	
88.38	
88.38	
87.8	
87.67	
87.67	
85.64	
85.64	
84.9	
84.9	
84.9	
84.9	
84.9	
84.9	
84.9	
82.22	
82.22	
82.22	
82.22	
80.12	
80.12	

Run no: 19
88.39	
88.39	
81.26	
81.26	
81.26	
81.26	
81.26	
81.26	
81.26	
81.26	
81.26	
81.26	
81.17	
81.17	
81.17	
81.17	
81.17	
81.17	
81.17	
81.17	
81.17	
81.17	
81.17	
81.17	
81.17	
81.02	
81.02	
81.02	
81.02	
81.02	
81.02	

Run no: 20
90.19	
90.19	
85.38	
85.38	
85.38	
85.38	
85.38	
85.38	
85.08	
85.08	
85.08	
85.05	
85.05	
85.05	
85.05	
82.18	
82.18	
81.78	
81.78	
81.78	
81.78	
81.78	
81.78	
81.78	
81.78	
79.67	
79.67	
79.67	
79.67	
79.67	
79.67	

Run no: 21
94.82	
94.82	
92.55	
86.31	
86.31	
86.31	
86.31	
86.31	
86.31	
85.31	
85.31	
85.31	
85.31	
85.31	
85.31	
85.31	
85.03	
82.48	
82.48	
82.48	
82.48	
82.48	
82.47	
82.29	
82.11	
82.11	
82.11	
82.11	
82.11	
82.11	
82.11	

Run no: 22
96.1	
88.76	
88.76	
88.76	
88.3	
88.3	
88.3	
88.3	
85.14	
85.14	
85.14	
85.14	
84.94	
84.94	
84.94	
84.94	
84.94	
84.89	
84.89	
83.58	
83.58	
83.58	
83.58	
83.58	
83.58	
83.58	
82.77	
82.77	
82.77	
82.77	
82.77	

Run no: 23
92.82	
92.82	
92.82	
89.25	
89.25	
89.25	
89.25	
89.25	
89.25	
89.25	
89.25	
89.25	
87.75	
87.55	
87.55	
87.55	
87.55	
87.55	
87.21	
87.21	
87.21	
81.91	
81.91	
81.63	
81.63	
81.63	
81.63	
81.63	
81.63	
81.62	
81.62	

Run no: 24
94.84	
94.84	
94.84	
94.84	
93.75	
83.4	
83.4	
83.4	
83.4	
83.05	
83.05	
83.05	
83.05	
83.05	
83.05	
83.05	
83.05	
83.05	
83.05	
83.05	
83.05	
83.05	
83.05	
83.05	
80.02	
80.02	
80.02	
80.02	
80.02	
80.02	
80.02	

Run no: 25
95.01	
95.01	
95.01	
93.1	
93.1	
93.1	
87.75	
87.75	
87.5	
87.5	
87.43	
87.43	
87.43	
87.43	
87.43	
84.51	
84.51	
84.51	
82.46	
82.46	
82.46	
82.46	
82.46	
82.46	
82.46	
82.46	
82.46	
82.23	
82.23	
82.23	
82.23	

Run no: 26
91.93	
91.93	
91.93	
91.93	
91.93	
91.93	
90.58	
90.43	
88.38	
88.38	
88.38	
88.38	
88.07	
88.07	
84.13	
84.13	
84.13	
84.13	
84.13	
84.13	
84.13	
84.13	
84.13	
84.13	
84.13	
84.13	
84.13	
84.13	
83.56	
83.56	
83.56	

Run no: 27
94.58	
94.58	
94.58	
93.22	
93.22	
92.71	
92.71	
92.71	
92.71	
92.71	
92.71	
89.57	
89.57	
89.52	
89.52	
89.52	
89.48	
89.48	
89.48	
89.02	
89.02	
89.02	
89.02	
89.02	
89.02	
88.93	
88.68	
88.68	
88.68	
88.68	
82.52	

Run no: 28
93.81	
84.32	
84.32	
84.32	
84.32	
84.32	
80.84	
80.84	
80.84	
80.84	
80.84	
80.84	
80.84	
80.84	
80.84	
80.84	
80.84	
80.84	
80.84	
80.68	
80.17	
80.17	
79.47	
79.47	
79.47	
79.24	
79.24	
79.24	
79.24	
79.23	
79.17	

Run no: 29
92.87	
92.87	
92.87	
87.9	
87.9	
87.9	
87.9	
87.9	
87.41	
87.41	
87.41	
87.41	
85.84	
82.26	
82.26	
81.97	
81.97	
81.97	
81.97	
81.66	
81.66	
81.66	
81.66	
81.66	
81.66	
81.66	
81.66	
81.66	
81.66	
80.73	
80.73	
