
Run no: 0
0	1	2000.0		3005	80.39
1	1	1000.0		62	96.87
2	1	1000.0		62	96.87
3	1	0.98264664		122	87.4
4	1	0.42876196		122	87.4
5	1	0.30339807		84	91.76
6	1	0.30339807		82	96.76
7	1	0.1708495		85	88.95
8	1	0.17050971		84	91.76
9	1	0.076820225		112	87.45
10	1	0.07614064		100	88.66
11	1	0.015169903		85	88.95
12	1	0.015169903		92	88.7
13	1	0.0071114525		112	87.45
14	1	0.007087329		65	96.77
15	1	0.006067961		62	96.87
16	1	0.005776419		82	96.76
17	1	0.005776419		65	96.77
18	1	0.004077472		100	88.66
19	1	0.0027183148		92	88.7
20	1	0.0024271845		100	88.66
21	1	0.0024271845		92	88.7
22	1	0.0023785252		92	88.7
23	1	0.0023785252		85	88.95
24	1	0.001019368		62	96.87
25	1	6.795787E-4		82	96.76
26	1	6.795787E-4		84	91.76
27	1	6.067961E-4		65	96.77
28	1	6.067961E-4		82	96.76
29	1	3.3978935E-4		84	91.76
30	1	0.0		62	96.87
31	1	0.0		85	88.95
32	1	0.0		112	87.45
33	1	0.0		112	87.45
34	1	0.0		85	88.95
35	1	0.0		65	96.77
36	1	0.0		62	96.87
37	1	0.0		84	91.76
38	1	0.0		65	96.77
39	1	0.0		82	96.76
40	1	0.0		84	91.76
41	1	0.0		62	96.87
42	1	0.0		112	87.45
43	1	0.0		85	88.95
44	1	0.0		112	87.45
45	1	0.0		85	88.95
46	1	0.0		92	88.7
47	1	0.0		92	88.7
48	1	0.0		92	88.7
49	1	0.0		62	96.87
50	1	0.0		84	91.76
51	1	0.0		84	91.76
52	1	0.0		112	87.45
53	1	0.0		84	91.76
54	1	0.0		85	88.95
55	1	0.0		85	88.95
56	1	0.0		92	88.7
57	1	0.0		92	88.7
58	1	0.0		85	88.95
59	1	0.0		92	88.7


Run no: 1
0	1	2000.0		71	102.29
1	1	1000.0		4098	80.16
2	1	0.0		71	102.29
3	1	0.0		4098	80.16
4	1	0.67717165		829	88.53
5	1	0.013161162		3373	87.78
6	1	0.024401266		74	101.75
7	1	0.0		81	94.85
8	1	0.09336975		3426	86.41
9	1	0.0		86	93.06
10	1	0.0018075011		87	89.48
11	1	0.0		3802	83.07
12	1	0.0		95	89.44
13	1	0.010845006		590	89.2
14	1	0.10890194		4090	82.57
15	1	0.0		4098	80.16
16	1	0.15092635		3426	86.41
17	1	0.22244361		3802	83.07
18	1	0.08262394		81	94.85
19	1	0.16301297		86	93.06
20	1	0.09336975		3802	83.07
21	1	0.07151726		4090	82.57
22	1	0.061906915		3373	87.78
23	1	0.07506808		3426	86.41
24	1	0.0		828	88.78
25	1	0.0		591	88.95
26	1	0.033890646		3373	87.78
27	1	0.31179395		74	101.75
28	1	0.0		71	102.29
29	1	0.024580354		4090	82.57
30	1	0.022593765		3802	83.07
31	1	0.0		3373	87.78
32	1	0.0		828	88.78
33	1	0.007930203		591	88.95
34	1	0.13421717		590	89.2
35	1	0.0		590	89.2
36	1	0.010845006		95	89.44
37	1	0.07014962		828	88.78
38	1	0.07014962		591	88.95
39	1	0.0019865904		95	89.44
40	1	0.0		4098	80.16
41	1	0.0019865904		87	89.48
42	1	0.16201967		87	89.48
43	1	0.12472779		95	89.44
44	1	0.31179395		81	94.85
45	1	7.4497145E-4		74	101.75
46	1	0.0		71	102.29
47	1	0.0		591	88.95
48	1	0.0		86	93.06
49	1	0.0019865904		4098	80.16
50	1	0.025146237		71	102.29
51	1	0.007930203		828	88.78
52	1	0.6317358		3373	87.78
53	1	0.0017382667		74	101.75
54	1	0.0012416191		81	94.85
55	1	0.081134		86	93.06
56	1	0.0		3426	86.41
57	1	0.0		3802	83.07
58	1	2.483238E-4		590	89.2
59	1	1000.1089		4098	80.16


Run no: 2
0	1	2000.0		97	82.63
1	1	1000.0		73	103.59
2	1	1000.0		73	103.59
3	1	1.721374		75	85.85
4	1	0.9297074		73	103.59
5	1	0.875		96	85.79
6	1	0.19243002		96	85.79
7	1	0.19243002		97	82.63
8	1	0.083333336		75	85.85
9	1	0.0028625955		75	85.85
10	1	0.0028625955		96	85.79
11	1	0.0		73	103.59
12	1	0.0		75	85.85
13	1	0.0		73	103.59
14	1	0.0		73	103.59
15	1	0.0		75	85.85
16	1	0.0		73	103.59
17	1	0.0		75	85.85
18	1	0.0		73	103.59
19	1	0.0		75	85.85
20	1	0.0		75	85.85
21	1	0.0		75	85.85
22	1	0.0		73	103.59
23	1	0.0		73	103.59
24	1	0.0		75	85.85
25	1	0.0		73	103.59
26	1	0.0		73	103.59
27	1	0.0		75	85.85
28	1	0.0		75	85.85
29	1	0.0		73	103.59
30	1	0.0		73	103.59
31	1	0.0		75	85.85
32	1	0.0		73	103.59
33	1	0.0		75	85.85
34	1	0.0		73	103.59
35	1	0.0		73	103.59
36	1	0.0		73	103.59
37	1	0.0		75	85.85
38	1	0.0		73	103.59
39	1	0.0		75	85.85
40	1	0.0		73	103.59
41	1	0.0		75	85.85
42	1	0.0		75	85.85
43	1	0.0		75	85.85
44	1	0.0		75	85.85
45	1	0.0		75	85.85
46	1	0.0		75	85.85
47	1	0.0		75	85.85
48	1	0.0		75	85.85
49	1	0.0		75	85.85
50	1	0.0		75	85.85
51	1	0.0		75	85.85
52	1	0.0		75	85.85
53	1	0.0		75	85.85
54	1	0.0		75	85.85
55	1	0.0		75	85.85
56	1	0.0		75	85.85
57	1	0.0		75	85.85
58	1	0.0		75	85.85
59	1	0.0		75	85.85


Run no: 3
0	1	2000.0		5171	83.64
1	1	1000.0		57	103.02
2	1	0.025799794		57	103.02
3	1	0.0		61	88.98
4	1	0.0		58	102.52
5	1	0.6736414		2667	84.9
6	1	0.6402966		105	87.6
7	1	0.49564257		2962	84.19
8	1	0.031399872		84	88.0
9	1	0.007739938		2821	84.34
10	1	0.0		57	103.02
11	1	0.025799794		58	102.52
12	1	0.02474621		105	87.6
13	1	0.011732499		2821	84.34
14	1	0.033344798		2761	84.61
15	1	0.01496388		68	88.44
16	1	5.8662496E-4		71	88.15
17	1	0.0		2761	84.61
18	1	0.0		61	88.98
19	1	0.014198059		64	88.7
20	1	0.0		2761	84.61
21	1	0.0		2821	84.34
22	1	0.0		64	88.7
23	1	0.0		68	88.44
24	1	0.013931888		2761	84.61
25	1	0.007240288		79	88.11
26	1	0.0		79	88.11
27	1	0.01496388		71	88.15
28	1	0.0036283168		71	88.15
29	1	0.0030416918		79	88.11
30	1	0.0		64	88.7
31	1	0.0		68	88.44
32	1	0.0		61	88.98
33	1	0.014447885		64	88.7
34	1	0.0		71	88.15
35	1	0.6986584		61	88.98
36	1	0.69924504		58	102.52
37	1	1.9554165E-4		58	102.52
38	1	1000.0		57	103.02
39	1	0.01503451		61	88.98
40	1	0.0		58	102.52
41	1	0.0		57	103.02
42	1	0.011732499		2761	84.61
43	1	0.0		2821	84.34
44	1	5.8662496E-4		64	88.7
45	1	0.014002518		68	88.44
46	1	0.0		2761	84.61
47	1	0.0		2761	84.61
48	1	0.0		2821	84.34
49	1	0.0		79	88.11
50	1	0.0		79	88.11
51	1	0.0		79	88.11
52	1	0.0		71	88.15
53	1	7.821666E-4		68	88.44
54	1	0.0		58	102.52
55	1	0.0		68	88.44
56	1	0.0		61	88.98
57	1	1.9554165E-4		57	103.02
58	1	5.8662496E-4		61	88.98
59	1	0.04150326		2821	84.34


Run no: 4
0	1	1000.0		74	90.64
1	1	2000.0		265	85.96
2	1	0.7068063		265	85.96
3	1	0.0		74	90.64
4	1	0.0		130	87.9
5	1	0.0		265	85.96
6	1	1.1213362		130	87.9
7	1	0.43462208		82	89.46
8	1	0.0		265	85.96
9	1	0.29402158		78	90.34
10	1	0.10683761		90	88.6
11	1	0.13676332		110	88.05
12	1	0.1101602		110	88.05
13	1	0.005235602		91	88.1
14	1	0.010683761		91	88.1
15	1	0.0		90	88.6
16	1	0.0		74	90.64
17	1	0.0		90	88.6
18	1	0.13676332		130	87.9
19	1	0.0		74	90.64
20	1	0.20631404		91	88.1
21	1	0.06410257		74	90.64
22	1	0.0		265	85.96
23	1	0.0		265	85.96
24	1	0.0		90	88.6
25	1	0.0		91	88.1
26	1	0.0		90	88.6
27	1	0.0		74	90.64
28	1	0.0		90	88.6
29	1	0.0		74	90.64
30	1	0.41452992		265	85.96
31	1	0.041884817		90	88.6
32	1	0.0		90	88.6
33	1	0.0		74	90.64
34	1	0.0		90	88.6
35	1	0.0		74	90.64
36	1	0.0		74	90.64
37	1	0.0		90	88.6
38	1	0.0		74	90.64
39	1	0.0		90	88.6
40	1	0.0		74	90.64
41	1	0.0		90	88.6
42	1	0.0		74	90.64
43	1	0.005235602		90	88.6
44	1	0.0		74	90.64
45	1	0.0		90	88.6
46	1	0.0		74	90.64
47	1	0.0		74	90.64
48	1	0.0		90	88.6
49	1	0.0		74	90.64
50	1	0.18376069		90	88.6
51	1	0.0		74	90.64
52	1	0.0		74	90.64
53	1	0.0		74	90.64
54	1	0.0		74	90.64
55	1	0.0		74	90.64
56	1	0.0		74	90.64
57	1	0.0		74	90.64
58	1	0.0		74	90.64
59	1	1000.02094		74	90.64


Run no: 5
0	1	1000.00464		3665	80.21
1	1	1000.0		3665	80.21
2	1	1000.0		66	103.88
3	1	1000.0		66	103.88
4	1	1.0323473		139	80.7
5	1	1.000418		3649	80.32
6	1	0.7274918		79	84.26
7	1	0.7272139		77	101.46
8	1	0.10181665		72	103.87
9	1	0.10181665		77	101.46
10	1	0.093531124		113	81.5
11	1	0.08491762		82	83.51
12	1	0.041022286		113	81.5
13	1	0.04029918		82	83.51
14	1	0.031685676		79	84.26
15	1	0.0044456795		3665	80.21
16	1	0.0016671298		72	103.87
17	1	0.0016671298		66	103.88
18	1	0.0013892748		77	101.46
19	1	0.0013892748		72	103.87
20	1	8.335649E-4		82	83.51
21	1	5.5570994E-4		79	84.26
22	1	4.224757E-4		72	103.87
23	1	4.224757E-4		66	103.88
24	1	0.0		3665	80.21
25	1	0.0		66	103.88
26	1	0.0		79	84.26
27	1	0.0		77	101.46
28	1	0.0		77	101.46
29	1	0.0		113	81.5
30	1	0.0		79	84.26
31	1	0.0		77	101.46
32	1	0.0		72	103.87
33	1	0.0		66	103.88
34	1	0.0		66	103.88
35	1	0.0		77	101.46
36	1	0.0		79	84.26
37	1	0.0		79	84.26
38	1	0.0		3665	80.21
39	1	0.0		72	103.87
40	1	0.0		79	84.26
41	1	0.0		72	103.87
42	1	0.0		66	103.88
43	1	0.0		3665	80.21
44	1	0.0		79	84.26
45	1	0.0		77	101.46
46	1	0.0		79	84.26
47	1	0.0		66	103.88
48	1	0.0		79	84.26
49	1	0.0		77	101.46
50	1	0.0		66	103.88
51	1	0.0		66	103.88
52	1	0.0		77	101.46
53	1	0.0		79	84.26
54	1	0.0		77	101.46
55	1	0.0		66	103.88
56	1	0.0		66	103.88
57	1	0.0		79	84.26
58	1	0.0		66	103.88
59	1	0.0		66	103.88


Run no: 6
0	1	2000.0		3742	80.63
1	1	1000.19226		73	95.92
2	1	1000.0		73	95.92
3	1	1.0405843		3667	82.28
4	1	0.92612773		497	83.23
5	1	0.3009055		99	91.5
6	1	0.29627207		448	86.97
7	1	0.19691595		82	92.98
8	1	0.19191658		99	91.5
9	1	0.114456564		3727	80.78
10	1	0.09679529		82	92.98
11	1	0.09512129		448	86.97
12	1	0.082625166		479	83.59
13	1	0.08044474		471	84.82
14	1	0.073850326		454	86.04
15	1	0.07194245		461	84.94
16	1	0.05155884		450	86.19
17	1	0.051013734		448	86.97
18	1	0.024254082		479	83.59
19	1	0.019620666		496	83.29
20	1	0.013898641		3727	80.78
21	1	0.009810333		450	86.19
22	1	0.009810333		454	86.04
23	1	0.009756143		461	84.94
24	1	0.0078482665		471	84.82
25	1	0.004633415		496	83.29
26	1	0.004196687		497	83.23
27	1	0.0039241333		496	83.29
28	1	0.0027255383		461	84.94
29	1	0.0027255383		471	84.82
30	1	0.0024529845		82	92.98
31	1	0.0024529845		73	95.92
32	1	0.0021804306		471	84.82
33	1	0.0010902153		450	86.19
34	1	0.0010902153		454	86.04
35	1	5.4510764E-4		448	86.97
36	1	2.7255382E-4		496	83.29
37	1	0.0		448	86.97
38	1	0.0		82	92.98
39	1	0.0		448	86.97
40	1	0.0		454	86.04
41	1	0.0		3727	80.78
42	1	0.0		471	84.82
43	1	0.0		471	84.82
44	1	0.0		461	84.94
45	1	0.0		82	92.98
46	1	0.0		454	86.04
47	1	0.0		454	86.04
48	1	0.0		450	86.19
49	1	0.0		496	83.29
50	1	0.0		82	92.98
51	1	0.0		450	86.19
52	1	0.0		496	83.29
53	1	0.0		454	86.04
54	1	0.0		461	84.94
55	1	0.0		471	84.82
56	1	0.0		82	92.98
57	1	0.0		471	84.82
58	1	0.0		454	86.04
59	1	0.0		454	86.04


Run no: 7
0	1	1000.12366		3380	81.93
1	1	1.0766387		97	88.29
2	1	0.3282887		2970	87.57
3	1	1000.3283		3380	81.93
4	1	0.0		2970	87.57
5	1	0.0021109772		79	94.34
6	1	0.0021109772		72	98.13
7	1	0.05945562		72	98.13
8	1	0.17910305		87	91.13
9	1	6.031363E-4		86	91.31
10	1	0.15715949		84	94.01
11	1	0.0		2970	87.57
12	1	0.0		2970	87.57
13	1	0.010477299		82	94.19
14	1	0.0		86	91.31
15	1	0.0		84	94.01
16	1	0.0		79	94.34
17	1	0.0		82	94.19
18	1	0.22060536		72	98.13
19	1	0.0		79	94.34
20	1	0.0		72	98.13
21	1	0.0		79	94.34
22	1	9.0470444E-4		82	94.19
23	1	6.031363E-4		84	94.01
24	1	0.15715949		86	91.31
25	1	0.0		84	94.01
26	1	0.010778868		86	91.31
27	1	0.0		2970	87.57
28	1	0.009635787		79	94.34
29	1	0.0		72	98.13
30	1	0.0		72	98.13
31	1	0.0		86	91.31
32	1	0.0		86	91.31
33	1	0.0		84	94.01
34	1	0.123642944		2970	87.57
35	1	0.22060536		79	94.34
36	1	0.008731083		82	94.19
37	1	0.0		72	98.13
38	1	6.031363E-4		84	94.01
39	1	6.031363E-4		82	94.19
40	1	0.0		84	94.01
41	1	0.9083145		2970	87.57
42	1	0.0		79	94.34
43	1	0.0		72	98.13
44	1	0.0		79	94.34
45	1	0.0		79	94.34
46	1	0.010477299		84	94.01
47	1	2000.0		64	99.11
48	2	2000.0		69	101.34
49	2	1001.0		64	102.72
50	2	1000.0		64	102.72
51	2	1.0		64	102.72
52	2	1.0		69	101.34
53	2	1.0		69	101.34
54	2	0.0		64	102.72
55	2	0.0		64	102.72
56	2	0.0		69	101.34
57	2	0.0		69	101.34
58	2	0.0		64	102.72
59	2	0.0		69	101.34


Run no: 8
0	1	1000.7992		3442	82.02
1	1	1000.17773		3442	82.02
2	1	1000.0		71	98.39
3	1	0.09163103		71	98.39
4	1	0.2528161		748	84.93
5	1	0.0		456	90.21
6	1	8.899436E-4		459	87.21
7	1	0.08899436		456	90.21
8	1	0.17284206		73	96.89
9	1	0.14641647		156	93.02
10	1	0.15508722		154	93.96
11	1	0.17224877		156	93.02
12	1	0.1223967		78	95.18
13	1	0.0		71	98.39
14	1	0.08849113		495	85.47
15	1	0.025028238		75	95.58
16	1	0.79916936		748	84.93
17	1	0.047648136		459	87.21
18	1	0.047648136		470	86.43
19	1	0.0		473	85.75
20	1	0.044802528		470	86.43
21	1	0.038623482		495	85.47
22	1	0.03298717		748	84.93
23	1	0.0		75	95.58
24	1	0.0134392185		476	85.69
25	1	0.0		476	85.69
26	1	0.0		470	86.43
27	1	2.966479E-4		474	85.71
28	1	0.0415394		473	85.75
29	1	0.0018150429		474	85.71
30	1	0.0		476	85.69
31	1	0.0		456	90.21
32	1	8.899436E-4		473	85.75
33	1	0.18326207		459	87.21
34	1	0.0		470	86.43
35	1	0.0		75	95.58
36	1	8.899436E-4		75	95.58
37	1	0.0056363097		476	85.69
38	1	0.0		71	98.39
39	1	0.0		474	85.71
40	1	0.0027401422		473	85.75
41	1	0.0		459	87.21
42	1	0.17165546		456	90.21
43	1	0.080024436		75	95.58
44	1	0.184152		456	90.21
45	1	0.0		71	98.39
46	1	0.0		470	86.43
47	1	0.0032631266		459	87.21
48	1	8.899436E-4		470	86.43
49	1	0.0		75	95.58
50	1	0.0018150429		476	85.69
51	1	0.0		470	86.43
52	1	0.0		459	87.21
53	1	0.0		474	85.71
54	1	0.0		75	95.58
55	1	0.0		71	98.39
56	1	0.0		456	90.21
57	1	0.0		470	86.43
58	1	0.0024434943		474	85.71
59	1	1000.0006		71	98.39


Run no: 9
0	1	2000.0		3058	82.07
1	1	1000.0		63	90.24
2	1	0.008567931		63	90.24
3	1	1.0970079		2791	83.64
4	1	0.0		81	86.49
5	1	0.0		80	90.17
6	1	0.3488372		81	86.49
7	1	0.43798578		2791	83.64
8	1	0.0		81	86.49
9	1	0.0		80	90.17
10	1	1000.0		63	90.24
11	1	0.0		80	90.17
12	1	0.0		63	90.24
13	1	0.0		81	86.49
14	1	0.0		63	90.24
15	1	0.0		81	86.49
16	1	0.0		80	90.17
17	1	0.0		63	90.24
18	1	0.0		80	90.17
19	1	0.0		80	90.17
20	1	0.0		63	90.24
21	1	0.0		80	90.17
22	1	0.9048414		81	86.49
23	1	3.3388982E-4		81	86.49
24	1	0.4504284		80	90.17
25	1	0.0		80	90.17
26	1	0.0		81	86.49
27	1	0.0		63	90.24
28	1	0.0		81	86.49
29	1	0.0		81	86.49
30	1	0.0		81	86.49
31	1	0.005676127		80	90.17
32	1	0.0		63	90.24
33	1	0.0		80	90.17
34	1	0.0		63	90.24
35	1	0.0		81	86.49
36	1	0.0		81	86.49
37	1	0.0		63	90.24
38	1	0.0		80	90.17
39	1	0.0		81	86.49
40	1	0.0		81	86.49
41	1	0.0		63	90.24
42	1	0.0		81	86.49
43	1	0.0		81	86.49
44	1	0.0		81	86.49
45	1	0.0		63	90.24
46	1	0.0		63	90.24
47	1	0.0		63	90.24
48	1	0.0		81	86.49
49	1	0.0		81	86.49
50	1	0.0		81	86.49
51	1	0.0		63	90.24
52	1	0.0		81	86.49
53	1	0.0		81	86.49
54	1	0.0		81	86.49
55	1	0.005676127		63	90.24
56	1	0.0		81	86.49
57	1	0.0		80	90.17
58	1	0.4504284		81	86.49
59	1	0.008901821		80	90.17


Run no: 10
0	1	1000.0		75	97.97
1	1	2000.0		4433	79.74
2	1	1000.0		75	97.97
3	1	0.0		4433	79.74
4	1	0.0		525	88.9
5	1	0.7554893		3215	84.3
6	1	0.1477742		3215	84.3
7	1	0.1477742		3859	81.78
8	1	0.10378527		525	88.9
9	1	0.15012246		77	94.6
10	1	0.0		75	97.97
11	1	0.089720055		4042	79.97
12	1	4.589261E-4		77	94.6
13	1	0.0010970928		81	91.88
14	1	0.25233132		3215	84.3
15	1	0.0		4433	79.74
16	1	0.0		84	91.86
17	1	0.07136125		94	90.29
18	1	0.096967585		3978	81.47
19	1	0.088416405		94	90.29
20	1	0.04431104		3866	81.76
21	1	0.015907845		3978	81.47
22	1	0.86958694		525	88.9
23	1	0.014685635		4042	79.97
24	1	0.025699863		3978	81.47
25	1	0.0		94	90.29
26	1	0.012616566		4042	79.97
27	1	0.089720055		4433	79.74
28	1	0.0		84	91.86
29	1	6.883892E-4		81	91.88
30	1	0.13823368		3859	81.78
31	1	0.0027033342		3859	81.78
32	1	0.0033917231		84	91.86
33	1	0.086810164		84	91.86
34	1	0.15012246		81	91.88
35	1	0.18486013		77	94.6
36	1	0.18531905		75	97.97
37	1	0.012616566		4433	79.74
38	1	0.082281955		4042	79.97
39	1	0.17514652		99	89.01
40	2	2000.0		410	90.08
41	2	1000.0909		432	89.01
42	2	1000.0		432	89.01
43	2	0.79226846		430	89.42
44	2	0.4715378		421	89.73
45	2	0.43712828		421	89.73
46	2	0.38317758		432	89.01
47	2	0.2897196		430	89.42
48	2	0.27782497		412	90.03
49	2	0.24723876		416	89.83
50	2	0.24723876		417	89.76
51	2	0.23237044		416	89.83
52	2	0.18181819		412	90.03
53	2	0.09090909		430	89.42
54	2	0.09090909		410	90.08
55	2	0.046728972		410	90.08
56	2	0.046728972		412	90.03
57	2	0.045454547		417	89.76
58	2	0.028037382		417	89.76
59	2	0.0		432	89.01


Run no: 11
0	1	2000.0		3970	81.94
1	1	1000.0015		63	99.47
2	1	1000.0		63	99.47
3	1	1.1433604		3712	82.19
4	1	0.9124648		147	84.83
5	1	0.30918425		63	99.47
6	1	0.30918425		69	94.05
7	1	0.23559612		90	88.12
8	1	0.23559612		74	92.25
9	1	0.15315849		147	84.83
10	1	0.09127211		74	92.25
11	1	0.09127211		72	93.85
12	1	0.079863094		137	86.23
13	1	0.079863094		147	84.83
14	1	0.072534256		101	87.34
15	1	0.072534256		137	86.23
16	1	0.04449515		101	87.34
17	1	0.04449515		90	88.12
18	1	0.0114090135		69	94.05
19	1	0.0114090135		72	93.85
20	1	0.0040952135		90	88.12
21	1	0.0040952135		74	92.25
22	1	0.0028154594		90	88.12
23	1	0.0028154594		101	87.34
24	1	0.0025595087		137	86.23
25	1	0.0015357052		69	94.05
26	1	7.678526E-4		69	94.05
27	1	7.678526E-4		72	93.85
28	1	5.119017E-4		72	93.85
29	1	5.119017E-4		74	92.25
30	1	0.0		63	99.47
31	1	0.0		69	94.05
32	1	0.0		63	99.47
33	1	0.0		74	92.25
34	1	0.0		90	88.12
35	1	0.0		147	84.83
36	1	0.0		72	93.85
37	1	0.0		74	92.25
38	1	0.0		137	86.23
39	1	0.0		101	87.34
40	1	0.0		72	93.85
41	1	0.0		137	86.23
42	1	0.0		74	92.25
43	1	0.0		63	99.47
44	1	0.0		69	94.05
45	1	0.0		90	88.12
46	1	0.0		72	93.85
47	1	0.0		137	86.23
48	1	0.0		101	87.34
49	1	0.0		90	88.12
50	1	0.0		72	93.85
51	1	0.0		101	87.34
52	1	0.0		137	86.23
53	1	0.0		63	99.47
54	1	0.0		69	94.05
55	1	0.0		63	99.47
56	1	0.0		69	94.05
57	1	0.0		90	88.12
58	1	0.0		69	94.05
59	1	0.0		63	99.47


Run no: 12
0	1	2000.0		145	80.79
1	1	1000.1585		63	95.78
2	1	1000.0		63	95.78
3	1	0.59616166		76	89.75
4	1	0.4900991		130	81.79
5	1	0.47421044		77	83.19
6	1	0.46875152		92	82.19
7	1	0.40226817		63	95.78
8	1	0.40226817		76	89.75
9	1	0.24963798		145	80.79
10	1	0.18292683		130	81.79
11	1	0.06671114		130	81.79
12	1	0.06012138		84	82.44
13	1	0.054117378		88	82.27
14	1	0.048780486		84	82.44
15	1	0.048780486		92	82.19
16	1	0.048780486		80	82.99
17	1	0.048780486		88	82.27
18	1	0.03669113		80	82.99
19	1	0.03669113		84	82.44
20	1	0.036585364		80	82.99
21	1	0.026684456		92	82.19
22	1	0.013342228		80	82.99
23	1	0.013342228		77	83.19
24	1	0.0121951215		76	89.75
25	1	0.0121951215		77	83.19
26	1	0.011340894		88	82.27
27	1	0.0		63	95.78
28	1	0.0		77	83.19
29	1	0.0		76	89.75
30	1	0.0		63	95.78
31	1	0.0		76	89.75
32	1	0.0		84	82.44
33	1	0.0		92	82.19
34	1	0.0		88	82.27
35	1	0.0		80	82.99
36	1	0.0		77	83.19
37	1	0.0		130	81.79
38	1	0.0		77	83.19
39	1	0.0		76	89.75
40	1	0.0		77	83.19
41	1	0.0		88	82.27
42	1	0.0		84	82.44
43	1	0.0		63	95.78
44	1	0.0		130	81.79
45	1	0.0		92	82.19
46	1	0.0		63	95.78
47	1	0.0		84	82.44
48	1	0.0		84	82.44
49	1	0.0		88	82.27
50	1	0.0		88	82.27
51	1	0.0		92	82.19
52	1	0.0		88	82.27
53	1	0.0		63	95.78
54	1	0.0		76	89.75
55	1	0.0		84	82.44
56	1	0.0		88	82.27
57	1	0.0		84	82.44
58	1	0.0		84	82.44
59	1	0.0		80	82.99


Run no: 13
0	1	1000.0		119	81.41
1	1	2000.0		68	97.74
2	1	0.086380176		68	97.74
3	1	1000.0		119	81.41
4	1	0.0		93	81.94
5	1	0.8677401		72	95.79
6	1	0.032455605		93	81.94
7	1	0.0		72	95.79
8	1	0.5036202		72	95.79
9	1	0.05882353		71	97.29
10	1	0.0		71	97.29
11	1	0.0		93	81.94
12	1	0.5422596		119	81.41
13	1	0.0		71	97.29
14	1	0.0		71	97.29
15	1	0.50980395		93	81.94
16	1	0.0		93	81.94
17	1	0.0		71	97.29
18	1	0.0		93	81.94
19	1	0.0		93	81.94
20	1	0.0		71	97.29
21	1	0.0		93	81.94
22	1	0.0		71	97.29
23	1	0.0		71	97.29
24	1	0.4117647		93	81.94
25	1	0.0		71	97.29
26	1	0.0		71	97.29
27	1	0.0		71	97.29
28	1	0.0		93	81.94
29	1	0.0		93	81.94
30	1	0.09185548		71	97.29
31	1	0.0		71	97.29
32	1	0.0		93	81.94
33	1	0.0		93	81.94
34	1	0.0		71	97.29
35	1	0.0		93	81.94
36	1	0.0		71	97.29
37	1	0.0		71	97.29
38	1	0.0		71	97.29
39	1	0.0		93	81.94
40	1	0.0		93	81.94
41	1	0.0		71	97.29
42	1	0.0		71	97.29
43	1	0.0		71	97.29
44	1	0.0		71	97.29
45	1	0.0		71	97.29
46	1	0.0		71	97.29
47	1	0.0		93	81.94
48	1	0.0		71	97.29
49	1	0.0		93	81.94
50	1	0.0		71	97.29
51	1	0.0		93	81.94
52	1	0.0		71	97.29
53	1	0.0		71	97.29
54	1	0.0		93	81.94
55	1	0.0		71	97.29
56	1	0.0		93	81.94
57	1	0.84813225		93	81.94
58	1	0.0		71	97.29
59	1	0.04716449		71	97.29


Run no: 14
0	1	2000.0		4045	82.59
1	1	1000.00073		70	95.29
2	1	1000.0		70	95.29
3	1	1.1345367		4045	82.59
4	1	1.0109147		590	85.96
5	1	0.2879047		73	95.24
6	1	0.2874016		75	91.59
7	1	0.26535434		590	85.96
8	1	0.16636062		589	87.76
9	1	0.1308295		574	89.56
10	1	0.12466895		562	89.83
11	1	0.11811024		586	88.06
12	1	0.11522013		104	90.77
13	1	0.07401575		104	90.77
14	1	0.07401575		562	89.83
15	1	0.06219482		90	91.34
16	1	0.04488189		104	90.77
17	1	0.023622047		586	88.06
18	1	0.012029911		79	91.48
19	1	0.011428713		79	91.48
20	1	0.011209825		573	89.68
21	1	0.009448819		566	89.71
22	1	0.008661417		75	91.59
23	1	0.0046917247		73	95.24
24	1	0.003937008		70	95.29
25	1	0.0035220126		104	90.77
26	1	0.003018868		586	88.06
27	1	0.002613777		573	89.68
28	1	0.0023622047		566	89.71
29	1	0.0017610063		566	89.71
30	1	0.0010062893		562	89.83
31	1	0.0010062893		566	89.71
32	1	0.0010062893		75	91.59
33	1	7.54717E-4		586	88.06
34	1	5.0314463E-4		75	91.59
35	1	2.5157232E-4		590	85.96
36	1	0.0		70	95.29
37	1	0.0		75	91.59
38	1	0.0		562	89.83
39	1	0.0		586	88.06
40	1	0.0		562	89.83
41	1	0.0		566	89.71
42	1	0.0		70	95.29
43	1	0.0		586	88.06
44	1	0.0		75	91.59
45	1	0.0		586	88.06
46	1	0.0		70	95.29
47	1	0.0		70	95.29
48	1	0.0		586	88.06
49	1	0.0		562	89.83
50	1	0.0		562	89.83
51	1	0.0		566	89.71
52	1	0.0		586	88.06
53	1	0.0		566	89.71
54	1	0.0		566	89.71
55	1	0.0		75	91.59
56	1	0.0		70	95.29
57	1	0.0		75	91.59
58	1	0.0		70	95.29
59	1	0.0		75	91.59


Run no: 15
0	1	1000.5688		65	106.02
1	1	1000.0		4104	80.28
2	1	0.06660064		4104	80.28
3	1	0.7968678		191	85.55
4	1	0.012820513		2905	83.0
5	1	1000.00226		65	106.02
6	1	0.0022282742		74	91.38
7	1	0.22961162		77	91.28
8	1	0.0		96	85.61
9	1	0.17881791		3835	81.32
10	1	0.016546134		3657	82.46
11	1	0.0		3044	82.67
12	1	0.03441446		2905	83.0
13	1	0.071813226		3705	82.34
14	1	1000.0404		4104	80.28
15	1	0.7710161		2905	83.0
16	1	0.008158508		3044	82.67
17	1	0.0047041345		96	85.61
18	1	0.15992874		3657	82.46
19	1	0.01188413		3705	82.34
20	1	0.15177023		3044	82.67
21	1	0.0		3044	82.67
22	1	0.0		96	85.61
23	1	0.003885004		74	91.38
24	1	0.0		96	85.61
25	1	0.0		74	91.38
26	1	0.0		74	91.38
27	1	0.0023310024		96	85.61
28	1	0.0		96	85.61
29	1	0.03441446		3044	82.67
30	1	0.0		74	91.38
31	1	0.0		96	85.61
32	1	0.0		74	91.38
33	1	0.0		74	91.38
34	1	0.0		74	91.38
35	1	0.56876457		74	91.38
36	1	0.0		96	85.61
37	1	0.0		74	91.38
38	1	0.0		3044	82.67
39	1	0.0		96	85.61
40	1	0.0		74	91.38
41	1	0.0		96	85.61
42	1	0.0		74	91.38
43	1	0.0		74	91.38
44	1	0.0		96	85.61
45	1	0.0		74	91.38
46	1	0.0		74	91.38
47	1	0.0		74	91.38
48	1	0.0		74	91.38
49	1	0.0		74	91.38
50	1	0.0		74	91.38
51	1	0.0		74	91.38
52	1	0.0046620048		3705	82.34
53	1	0.0		74	91.38
54	1	0.0		96	85.61
55	1	0.012820513		3044	82.67
56	1	0.0		74	91.38
57	1	0.0		74	91.38
58	1	7.427581E-4		74	91.38
59	1	0.24380039		96	85.61


Run no: 16
0	1	2000.0		5425	79.39
1	1	1000.0		64	102.13
2	1	1000.0		64	102.13
3	1	1.205539		92	82.85
4	1	0.6380827		79	84.32
5	1	0.6380827		77	98.83
6	1	0.123131044		77	98.83
7	1	0.123131044		71	101.63
8	1	0.05860709		89	84.17
9	1	0.018469658		67	102.05
10	1	0.018469658		71	101.63
11	1	0.00458407		88	84.22
12	1	0.0043975376		79	84.32
13	1	0.004264159		67	102.05
14	1	0.0035180298		64	102.13
15	1	0.002385301		89	84.17
16	1	0.0021987688		88	84.22
17	1	0.0016787912		88	84.22
18	1	0.0016787912		79	84.32
19	1	0.0011191942		77	98.83
20	1	0.0011191942		71	101.63
21	1	7.4612943E-4		71	101.63
22	1	5.595971E-4		67	102.05
23	1	5.595971E-4		64	102.13
24	1	3.7306471E-4		79	84.32
25	1	3.7306471E-4		77	98.83
26	1	0.0		64	102.13
27	1	0.0		79	84.32
28	1	0.0		77	98.83
29	1	0.0		77	98.83
30	1	0.0		71	101.63
31	1	0.0		64	102.13
32	1	0.0		77	98.83
33	1	0.0		64	102.13
34	1	0.0		64	102.13
35	1	0.0		71	101.63
36	1	0.0		77	98.83
37	1	0.0		88	84.22
38	1	0.0		79	84.32
39	1	0.0		67	102.05
40	1	0.0		79	84.32
41	1	0.0		77	98.83
42	1	0.0		71	101.63
43	1	0.0		67	102.05
44	1	0.0		64	102.13
45	1	0.0		79	84.32
46	1	0.0		79	84.32
47	1	0.0		79	84.32
48	1	0.0		64	102.13
49	1	0.0		77	98.83
50	1	0.0		77	98.83
51	1	0.0		64	102.13
52	1	0.0		77	98.83
53	1	0.0		77	98.83
54	1	0.0		64	102.13
55	1	0.0		79	84.32
56	1	0.0		77	98.83
57	1	0.0		79	84.32
58	1	0.0		79	84.32
59	1	0.0		77	98.83


Run no: 17
0	1	1000.0		67	110.02
1	1	1000.0		4441	80.53
2	1	1000.0		4441	80.53
3	1	1000.0		67	110.02
4	1	0.80324996		555	86.05
5	1	0.71399176		3678	84.79
6	1	0.37673786		73	98.91
7	1	0.37673786		67	110.02
8	1	0.3286013		83	89.21
9	1	0.3283727		78	98.86
10	1	0.23616618		3994	81.79
11	1	0.17397448		3815	84.23
12	1	0.14952105		122	86.46
13	1	0.11289707		393	86.33
14	1	0.11250263		4317	80.65
15	1	0.08315576		92	88.71
16	1	0.07404779		3678	84.79
17	1	0.03241851		4317	80.65
18	1	0.028349336		4441	80.53
19	1	0.018989488		3678	84.79
20	1	0.01186843		89	88.86
21	1	0.01186843		83	89.21
22	1	0.00508647		89	88.86
23	1	0.00508647		92	88.71
24	1	0.004069176		4441	80.53
25	1	0.0028386086		78	98.86
26	1	0.00169549		73	98.91
27	1	0.0013717421		89	88.86
28	1	0.0013717421		73	98.91
29	1	0.0013717421		67	110.02
30	1	0.0011431185		83	89.21
31	1	0.0011431185		73	98.91
32	1	6.8587105E-4		89	88.86
33	1	6.8587105E-4		92	88.71
34	1	0.0		67	110.02
35	1	0.0		83	89.21
36	1	0.0		78	98.86
37	1	0.0		92	88.71
38	1	0.0		4441	80.53
39	1	0.0		92	88.71
40	1	0.0		89	88.86
41	1	0.0		73	98.91
42	1	0.0		83	89.21
43	1	0.0		4441	80.53
44	1	0.0		67	110.02
45	1	0.0		83	89.21
46	1	0.0		3678	84.79
47	1	0.0		83	89.21
48	1	0.0		89	88.86
49	1	0.0		73	98.91
50	1	0.0		83	89.21
51	1	0.0		92	88.71
52	1	0.0		89	88.86
53	1	0.0		73	98.91
54	1	0.0		92	88.71
55	1	0.0		92	88.71
56	1	0.0		89	88.86
57	1	0.0		89	88.86
58	1	0.0		83	89.21
59	1	0.0		89	88.86


Run no: 18
0	1	2000.0		3540	79.78
1	1	1000.0		69	96.94
2	1	0.0		69	96.94
3	1	0.20857233		172	83.28
4	1	0.29681647		87	93.1
5	1	0.0		107	88.28
6	1	0.21122417		71	96.0
7	1	1.0466659		172	83.28
8	1	0.008433514		76	93.35
9	1	0.13654043		156	84.59
10	1	0.016022367		121	85.9
11	1	2.881014E-4		120	87.26
12	1	0.06723239		137	85.45
13	1	0.0		69	96.94
14	1	0.0		120	87.26
15	1	0.015734266		119	88.01
16	1	0.030833399		133	85.63
17	1	0.0		119	88.01
18	1	0.0		121	85.9
19	1	0.0		107	88.28
20	1	0.0075692097		78	93.23
21	1	0.15500511		76	93.35
22	1	0.010168671		78	93.23
23	1	0.0		107	88.28
24	1	0.0		119	88.01
25	1	0.0		69	96.94
26	1	0.0		119	88.01
27	1	0.0		120	87.26
28	1	0.0		121	85.9
29	1	0.015734266		107	88.28
30	1	0.07954218		120	87.26
31	1	0.0		121	85.9
32	1	1000.0		69	96.94
33	1	0.0		120	87.26
34	1	0.005762028		107	88.28
35	1	0.2808858		107	88.28
36	1	0.0		119	88.01
37	1	0.0		121	85.9
38	1	0.0		69	96.94
39	1	0.003457217		119	88.01
40	1	0.0		120	87.26
41	1	0.0		121	85.9
42	1	0.043706294		120	87.26
43	1	0.0		121	85.9
44	1	0.0		69	96.94
45	1	0.0		121	85.9
46	1	0.043706294		119	88.01
47	1	0.0		119	88.01
48	1	0.0		121	85.9
49	1	0.0		120	87.26
50	1	0.0		121	85.9
51	1	0.054778554		69	96.94
52	1	0.0		107	88.28
53	1	0.0		121	85.9
54	1	0.0		119	88.01
55	1	5.762028E-4		69	96.94
56	1	0.003457217		107	88.28
57	1	2.881014E-4		119	88.01
58	1	0.0		121	85.9
59	1	0.082711294		121	85.9


Run no: 19
0	1	2000.0		3780	84.55
1	1	0.0		3780	84.55
2	1	1000.0		73	113.3
3	1	0.0		73	113.3
4	1	1.0218775		3690	84.62
5	1	0.0		77	85.21
6	1	0.91617393		73	113.3
7	1	0.0		74	86.96
8	1	0.9746426		77	85.21
9	1	0.060869563		74	86.96
10	1	0.0		3780	84.55
11	1	0.060869563		77	85.21
12	1	0.0		74	86.96
13	1	0.0		77	85.21
14	1	0.0		74	86.96
15	1	1000.0		73	113.3
16	1	0.0		3780	84.55
17	1	0.0		74	86.96
18	1	0.0		73	113.3
19	1	0.024278393		3780	84.55
20	1	0.0		3780	84.55
21	1	0.02052174		77	85.21
22	1	0.0		74	86.96
23	1	0.0		73	113.3
24	1	0.0		73	113.3
25	1	0.0		73	113.3
26	1	0.0		74	86.96
27	1	0.0		77	85.21
28	1	0.0		74	86.96
29	1	0.0		3780	84.55
30	1	0.0		74	86.96
31	1	0.0		77	85.21
32	1	0.0		73	113.3
33	1	8.0927974E-4		77	85.21
34	1	0.0		73	113.3
35	1	2.697599E-4		74	86.96
36	1	0.0		3780	84.55
37	1	0.0		73	113.3
38	1	0.0		73	113.3
39	1	0.0		74	86.96
40	1	0.0		74	86.96
41	1	0.0		3780	84.55
42	1	0.0		74	86.96
43	1	0.0		73	113.3
44	1	0.0		73	113.3
45	1	0.0		74	86.96
46	1	0.0		73	113.3
47	1	0.0024347827		3780	84.55
48	1	0.0		73	113.3
49	1	0.0		73	113.3
50	1	0.0		74	86.96
51	1	0.0		73	113.3
52	1	0.0		74	86.96
53	1	2.697599E-4		73	113.3
54	1	0.0		74	86.96
55	1	0.0		74	86.96
56	1	0.0		74	86.96
57	1	0.0		74	86.96
58	1	0.0		74	86.96
59	1	0.9169832		74	86.96


Run no: 20
0	1	2000.0		68	100.23
1	1	2000.0		4853	80.06
2	1	0.35778454		4082	80.65
3	1	0.2899569		70	94.39
4	1	0.2899569		68	100.23
5	1	0.28318727		3051	82.46
6	1	0.005433647		2864	86.45
7	1	0.06709117		3587	81.94
8	1	0.11543147		2864	86.45
9	1	0.6504367		2838	87.99
10	1	0.22132947		89	92.85
11	1	0.025265079		2838	87.99
12	1	0.04892282		3546	82.11
13	1	0.0		3263	82.42
14	1	0.022614984		3338	82.25
15	1	0.004359807		79	94.34
16	1	0.034393754		80	93.68
17	1	0.028468778		80	93.68
18	1	0.013099418		88	93.11
19	1	0.024102341		3263	82.42
20	1	0.043469176		3338	82.25
21	1	0.013308404		89	92.85
22	1	0.029931683		88	93.11
23	1	0.046288263		3263	82.42
24	1	0.008428359		3338	82.25
25	1	0.009866811		3546	82.11
26	1	0.0		3338	82.25
27	1	0.0039951946		3560	82.0
28	1	0.19781855		2864	86.45
29	1	0.10493564		3587	81.94
30	1	0.0039951946		3572	81.97
31	1	0.0046221535		3572	81.97
32	1	0.00292581		3560	82.0
33	1	0.005453644		3560	82.0
34	1	0.004359807		70	94.39
35	1	0.032721866		79	94.34
36	1	2.0898641E-4		79	94.34
37	1	0.81545556		91	88.39
38	2	2000.0		92	91.49
39	2	2000.0		2810	88.92
40	2	1.0777551		2809	89.12
41	2	0.9260042		345	89.56
42	2	0.2367743		111	90.31
43	2	0.23346303		102	90.91
44	2	0.22013927		345	89.56
45	2	0.19786379		203	89.68
46	2	0.19712795		99	90.99
47	2	0.19712795		92	91.49
48	2	0.19455253		183	90.18
49	2	0.078188926		2809	89.12
50	2	0.07707372		111	90.31
51	2	0.06838829		212	89.61
52	2	0.05794201		183	90.18
53	2	0.034595706		203	89.68
54	2	0.034439664		102	90.91
55	2	0.032232158		99	90.99
56	2	0.027237354		212	89.61
57	2	0.026490066		183	90.18
58	2	0.0033112583		212	89.61
59	2	0.0011037528		102	90.91


Run no: 21
0	1	1000.0		62	90.77
1	1	2000.0		4487	79.68
2	1	0.0		4090	82.13
3	1	0.21587892		4090	82.13
4	1	4.519774E-4		64	88.9
5	1	0.16862038		62	90.77
6	1	1.0439508		4090	82.13
7	1	0.11459604		4347	80.6
8	1	0.058079097		4347	80.6
9	1	0.0		4347	80.6
10	1	0.0		64	88.9
11	1	0.0		67	88.5
12	1	0.0		4347	80.6
13	1	0.0		67	88.5
14	1	0.0		67	88.5
15	1	0.0		64	88.9
16	1	0.036746494		64	88.9
17	1	0.0		62	90.77
18	1	0.0		62	90.77
19	1	0.0		62	90.77
20	1	0.0		4347	80.6
21	1	0.036746494		67	88.5
22	1	0.0		64	88.9
23	1	0.41659153		67	88.5
24	1	0.16862038		64	88.9
25	1	1000.0004		62	90.77
26	1	0.0		4347	80.6
27	1	0.0		67	88.5
28	1	0.0		4347	80.6
29	1	0.13796213		4347	80.6
30	1	0.0031638418		67	88.5
31	1	1.4835439		81	83.88
32	2	2000.0		187	84.27
33	2	1000.0		87	88.42
34	2	1000.0		87	88.42
35	2	1.2678313		181	84.67
36	2	0.76144576		146	87.83
37	2	0.41		128	88.08
38	2	0.41		87	88.42
39	2	0.35		146	87.83
40	2	0.26192772		128	88.08
41	2	0.18		146	87.83
42	2	0.09638554		187	84.27
43	2	0.08192771		87	88.42
44	2	0.060240965		128	88.08
45	2	0.060240965		146	87.83
46	2	0.06		187	84.27
47	2	0.0		187	84.27
48	2	0.0		128	88.08
49	2	0.0		146	87.83
50	2	0.0		87	88.42
51	2	0.0		87	88.42
52	2	0.0		146	87.83
53	2	0.0		128	88.08
54	2	0.0		187	84.27
55	2	0.0		128	88.08
56	2	0.0		87	88.42
57	2	0.0		128	88.08
58	2	0.0		146	87.83
59	2	0.0		146	87.83


Run no: 22
0	1	2000.0		3709	79.75
1	1	1000.0		72	97.24
2	1	1000.0		72	97.24
3	1	0.89654		3229	87.01
4	1	0.8057547		418	87.11
5	1	0.4916877		74	88.65
6	1	0.4911378		72	97.24
7	1	0.3070326		3647	85.12
8	1	0.22299163		3346	85.51
9	1	0.120243266		142	88.45
10	1	0.105058976		3647	85.12
11	1	0.0723779		399	87.88
12	1	0.03506462		417	87.58
13	1	0.03506462		399	87.88
14	1	0.017047016		3647	85.12
15	1	0.01699058		101	88.55
16	1	0.00971984		408	87.85
17	1	0.00971984		409	87.68
18	1	0.0074237008		74	88.65
19	1	0.0074237008		101	88.55
20	1	0.0057175527		74	88.65
21	1	0.0057175527		101	88.55
22	1	0.0057175527		409	87.68
23	1	0.0041898326		408	87.85
24	1	0.0021996151		409	87.68
25	1	5.499038E-4		72	97.24
26	1	2.749519E-4		409	87.68
27	1	2.749519E-4		408	87.85
28	1	0.0		72	97.24
29	1	0.0		72	97.24
30	1	0.0		3647	85.12
31	1	0.0		399	87.88
32	1	0.0		399	87.88
33	1	0.0		409	87.68
34	1	0.0		409	87.68
35	1	0.0		399	87.88
36	1	0.0		72	97.24
37	1	0.0		72	97.24
38	1	0.0		72	97.24
39	1	0.0		409	87.68
40	1	0.0		399	87.88
41	1	0.0		3647	85.12
42	1	0.0		3647	85.12
43	1	0.0		399	87.88
44	1	0.0		409	87.68
45	1	0.0		72	97.24
46	1	0.0		72	97.24
47	1	0.0		409	87.68
48	1	0.0		399	87.88
49	1	0.0		399	87.88
50	1	0.0		399	87.88
51	1	0.0		409	87.68
52	1	0.0		409	87.68
53	1	0.0		72	97.24
54	1	0.0		399	87.88
55	1	0.0		399	87.88
56	1	0.0		399	87.88
57	1	0.0		72	97.24
58	1	0.0		72	97.24
59	1	0.0		399	87.88


Run no: 23
0	1	1000.9111		4550	80.97
1	1	1000.3064		73	97.06
2	1	1000.0		4550	80.97
3	1	1000.0		73	97.06
4	1	0.91110116		471	83.89
5	1	0.3064015		82	92.13
6	1	0.21456465		443	85.12
7	1	0.21255438		88	88.54
8	1	0.18147919		471	83.89
9	1	0.18147919		4550	80.97
10	1	0.13056444		85	91.38
11	1	0.12989435		86	89.29
12	1	0.12590697		88	88.54
13	1	0.07929417		443	85.12
14	1	0.07385237		458	84.92
15	1	0.06401492		471	83.89
16	1	0.046612803		85	91.38
17	1	0.046612803		82	92.13
18	1	0.046612803		86	89.29
19	1	0.008176727		452	85.01
20	1	0.0068365443		443	85.12
21	1	0.0055935364		452	85.01
22	1	0.0029037301		471	83.89
23	1	0.0020102747		82	92.13
24	1	0.0020102747		452	85.01
25	1	0.0020102747		73	97.06
26	1	6.700916E-4		82	92.13
27	1	4.4672773E-4		88	88.54
28	1	4.4672773E-4		86	89.29
29	1	2.2336387E-4		86	89.29
30	1	2.2336387E-4		85	91.38
31	1	0.0		73	97.06
32	1	0.0		73	97.06
33	1	0.0		443	85.12
34	1	0.0		88	88.54
35	1	0.0		88	88.54
36	1	0.0		443	85.12
37	1	0.0		88	88.54
38	1	0.0		86	89.29
39	1	0.0		471	83.89
40	1	0.0		82	92.13
41	1	0.0		443	85.12
42	1	0.0		73	97.06
43	1	0.0		88	88.54
44	1	0.0		471	83.89
45	1	0.0		73	97.06
46	1	0.0		82	92.13
47	1	0.0		471	83.89
48	1	0.0		86	89.29
49	1	0.0		443	85.12
50	1	0.0		452	85.01
51	1	0.0		452	85.01
52	1	0.0		443	85.12
53	1	0.0		443	85.12
54	1	0.0		73	97.06
55	1	0.0		88	88.54
56	1	0.0		82	92.13
57	1	0.0		86	89.29
58	1	0.0		88	88.54
59	1	0.0		82	92.13


Run no: 24
0	1	2000.0		5794	78.4
1	1	1000.00055		58	93.89
2	1	1000.0		58	93.89
3	1	0.83205295		263	86.66
4	1	0.6707558		3555	83.32
5	1	0.43750837		66	93.39
6	1	0.42543575		71	86.8
7	1	0.38414377		5504	81.27
8	1	0.3738959		3582	81.51
9	1	0.23583871		5604	81.02
10	1	0.21562298		3555	83.32
11	1	0.09683667		3563	81.82
12	1	0.033472802		71	86.8
13	1	0.022821333		61	93.55
14	1	0.021949645		58	93.89
15	1	0.020012911		3563	81.82
16	1	0.010852257		61	93.55
17	1	0.009038089		71	86.8
18	1	0.0033124129		3563	81.82
19	1	0.0013947001		3555	83.32
20	1	0.0013947001		3563	81.82
21	1	8.716876E-4		71	86.8
22	1	0.0		58	93.89
23	1	0.0		71	86.8
24	1	0.0		58	93.89
25	1	0.0		3563	81.82
26	1	0.0		3563	81.82
27	1	0.0		71	86.8
28	1	0.0		58	93.89
29	1	0.0		71	86.8
30	1	0.0		58	93.89
31	1	0.0		58	93.89
32	1	0.0		71	86.8
33	1	0.0		71	86.8
34	1	0.0		71	86.8
35	1	0.0		71	86.8
36	1	0.0		71	86.8
37	1	0.0		58	93.89
38	1	0.0		58	93.89
39	1	0.0		58	93.89
40	1	0.0		58	93.89
41	1	0.0		58	93.89
42	1	0.0		58	93.89
43	1	0.0		58	93.89
44	1	0.0		58	93.89
45	1	0.0		58	93.89
46	1	0.0		58	93.89
47	1	0.0		58	93.89
48	1	0.0		58	93.89
49	1	0.0		58	93.89
50	1	0.0		58	93.89
51	1	0.0		58	93.89
52	1	0.0		58	93.89
53	1	0.0		58	93.89
54	1	0.0		58	93.89
55	1	0.0		58	93.89
56	1	0.0		58	93.89
57	1	0.0		58	93.89
58	1	0.0		58	93.89
59	1	0.0		58	93.89


Run no: 25
0	1	1000.0		3989	83.89
1	1	0.0012751849		73	87.55
2	1	0.021336913		3586	85.59
3	1	0.09053813		428	86.28
4	1	0.0		428	86.28
5	1	0.0		428	86.28
6	1	0.0787037		3586	85.59
7	1	0.23765433		3591	85.46
8	1	0.0		3989	83.89
9	1	0.0015302219		428	86.28
10	1	0.017342515		3989	83.89
11	1	0.902642		520	86.1
12	1	0.19598766		73	87.55
13	1	0.0015432099		3921	83.9
14	1	0.0		428	86.28
15	1	2000.0		68	90.37
16	1	0.0		3989	83.89
17	1	0.43646038		68	90.37
18	1	0.0012751849		3591	85.46
19	1	0.0		428	86.28
20	1	0.0		3989	83.89
21	1	0.0		428	86.28
22	1	1000.0015		3989	83.89
23	1	0.0077160494		428	86.28
24	1	0.06214283		3591	85.46
25	1	0.7819434		3586	85.59
26	1	0.0		428	86.28
27	1	0.32490295		3756	83.92
28	1	0.0		428	86.28
29	1	0.051241178		434	86.23
30	1	0.0		3591	85.46
31	1	0.017342515		3921	83.9
32	1	0.04516752		3921	83.9
33	1	0.19598766		428	86.28
34	1	0.52572334		73	87.55
35	2	2000.0		528	86.2
36	2	2000.0		528	86.2
37	3	2000.0		70	102.24
38	3	NaN		70	102.24
39	3	NaN		70	102.24
40	3	NaN		70	102.24
41	3	NaN		70	102.24
42	3	NaN		70	102.24
43	3	NaN		70	102.24
44	3	NaN		70	102.24
45	3	NaN		70	102.24
46	3	NaN		70	102.24
47	3	NaN		70	102.24
48	3	NaN		70	102.24
49	3	NaN		70	102.24
50	3	NaN		70	102.24
51	3	NaN		70	102.24
52	3	NaN		70	102.24
53	3	NaN		70	102.24
54	3	NaN		70	102.24
55	3	NaN		70	102.24
56	3	NaN		70	102.24
57	3	NaN		70	102.24
58	3	NaN		70	102.24
59	3	2000.0		70	102.24


Run no: 26
0	1	2000.0		4405	83.37
1	1	1000.3382		71	99.07
2	1	1000.0007		71	99.07
3	1	0.8842263		449	87.51
4	1	0.73327094		3431	84.43
5	1	0.33821657		74	93.76
6	1	0.19617835		3431	84.43
7	1	0.16543609		3431	84.43
8	1	0.16543609		4148	83.72
9	1	0.15923567		393	89.63
10	1	0.15923567		130	92.13
11	1	0.11418615		393	89.63
12	1	0.1045215		4148	83.72
13	1	0.071734086		91	93.7
14	1	0.06942675		101	92.61
15	1	0.06068297		130	92.13
16	1	0.05929857		4405	83.37
17	1	0.05442612		396	88.79
18	1	0.048287425		400	88.54
19	1	0.031210192		401	88.05
20	1	0.02424938		130	92.13
21	1	0.022292994		4148	83.72
22	1	0.022292994		4405	83.37
23	1	0.021019109		116	92.46
24	1	0.016615769		396	88.79
25	1	0.016134901		440	87.66
26	1	0.014243472		401	88.05
27	1	0.014012739		412	87.83
28	1	0.012784412		426	87.68
29	1	0.010873584		115	92.58
30	1	0.00955414		449	87.51
31	1	0.00955414		412	87.83
32	1	0.007643312		116	92.46
33	1	0.0051411004		101	92.61
34	1	0.0042181653		91	93.7
35	1	0.0042181653		81	93.73
36	1	0.0032302723		426	87.68
37	1	0.0032302723		412	87.83
38	1	0.0032302723		116	92.46
39	1	0.0026030291		74	93.76
40	1	0.002538071		401	88.05
41	1	0.002538071		412	87.83
42	1	0.0023073372		101	92.61
43	1	0.0021415618		115	92.58
44	1	0.0020766037		449	87.51
45	1	0.001910828		81	93.73
46	1	0.0016151362		81	93.73
47	1	0.0016151362		74	93.76
48	1	0.0012738854		426	87.68
49	1	6.922012E-4		393	89.63
50	1	2.3073373E-4		116	92.46
51	1	0.0		130	92.13
52	1	0.0		4405	83.37
53	1	0.0		393	89.63
54	1	0.0		130	92.13
55	1	0.0		91	93.7
56	1	0.0		101	92.61
57	1	0.0		115	92.58
58	1	0.0		74	93.76
59	1	0.0		401	88.05


Run no: 27
0	1	1000.0002		5204	80.01
1	1	1000.0027		5204	80.01
2	1	1000.0		71	105.86
3	1	0.0		71	105.86
4	1	0.11479919		2943	82.69
5	1	3.8963568E-4		2870	84.99
6	1	0.078529984		95	87.02
7	1	0.0		71	105.86
8	1	0.0		74	92.52
9	1	0.0029027483		5203	80.08
10	1	0.18706432		83	91.75
11	1	0.0		95	87.02
12	1	0.5412555		5203	80.08
13	1	0.519592		2943	82.69
14	1	0.079303674		2872	84.74
15	1	0.002337814		95	87.02
16	1	0.5406195		2870	84.99
17	1	0.0		78	91.77
18	1	0.51605415		74	92.52
19	1	0.0		2872	84.74
20	1	0.00967118		2870	84.99
21	1	3.8963568E-4		2872	84.74
22	1	0.5406195		95	87.02
23	1	7.7369437E-4		78	91.77
24	1	0.0		78	91.77
25	1	0.0		74	92.52
26	1	1000.0		71	105.86
27	1	0.0		2870	84.99
28	1	0.0		71	105.86
29	1	0.0		2870	84.99
30	1	0.0		71	105.86
31	1	0.0		74	92.52
32	1	0.0		95	87.02
33	1	0.0		95	87.02
34	1	0.0		78	91.77
35	1	0.029013539		74	92.52
36	1	0.0		78	91.77
37	1	5.844535E-4		74	92.52
38	1	0.0		71	105.86
39	1	0.023503248		2872	84.74
40	1	0.51605415		71	105.86
41	1	0.0		71	105.86
42	1	0.0		74	92.52
43	1	0.0		95	87.02
44	1	0.0		74	92.52
45	1	0.0		78	91.77
46	1	0.078529984		2870	84.99
47	1	0.0		95	87.02
48	1	7.7927136E-4		78	91.77
49	1	0.0		74	92.52
50	1	0.0		74	92.52
51	1	0.0		71	105.86
52	1	0.18297872		95	87.02
53	1	5.844535E-4		71	105.86
54	1	0.0		74	92.52
55	1	0.0		78	91.77
56	1	0.0		78	91.77
57	1	7.7927136E-4		74	92.52
58	1	0.0		78	91.77
59	1	0.02998763		78	91.77


Run no: 28
0	1	1000.2588		4688	84.84
1	1	1000.0		74	94.19
2	1	0.0		4688	84.84
3	1	0.0		74	94.19
4	1	0.61825526		3152	86.11
5	1	0.66342705		3152	86.11
6	1	0.0		403	91.62
7	1	1.1851002		403	91.62
8	1	0.0		3494	85.9
9	1	0.0		4688	84.84
10	1	0.0		74	94.19
11	1	0.0		75	92.74
12	1	0.0		3494	85.9
13	1	0.0		4688	84.84
14	1	0.07163921		381	92.4
15	1	0.0		3494	85.9
16	1	0.064152576		85	92.47
17	1	2.1673169E-4		396	91.82
18	1	0.0		395	92.27
19	1	0.028877005		85	92.47
20	1	0.031044323		75	92.74
21	1	0.3721466		3494	85.9
22	1	0.049645465		396	91.82
23	1	0.0		395	92.27
24	1	0.016937986		381	92.4
25	1	0.009653948		85	92.47
26	1	0.0		395	92.27
27	1	0.0		75	92.74
28	1	0.0		403	91.62
29	1	0.15508021		75	92.74
30	1	0.04812834		395	92.27
31	1	0.0		396	91.82
32	1	0.0		74	94.19
33	1	0.0		4688	84.84
34	1	0.0		74	94.19
35	1	0.0015171218		403	91.62
36	1	0.0		403	91.62
37	1	2.1673169E-4		75	92.74
38	1	0.0		74	94.19
39	1	0.074122235		3494	85.9
40	1	1000.0		4688	84.84
41	1	0.0		75	92.74
42	1	0.0		396	91.82
43	1	0.0		3494	85.9
44	1	0.0		396	91.82
45	1	0.0		403	91.62
46	1	0.0030342436		395	92.27
47	1	0.0		75	92.74
48	1	0.0		395	92.27
49	1	0.021390375		396	91.82
50	1	1000.0		74	94.19
51	1	0.15508021		74	94.19
52	1	0.0		403	91.62
53	1	0.0		403	91.62
54	1	2.1673169E-4		74	94.19
55	1	0.11336898		4688	84.84
56	1	0.022459893		3494	85.9
57	1	0.0		396	91.82
58	1	0.021390375		403	91.62
59	1	0.014120475		395	92.27


Run no: 29
0	1	1000.0		68	92.91
1	1	1000.0139		3295	83.22
2	1	0.0		68	92.91
3	1	0.0		3295	83.22
4	1	0.8275813		3074	86.44
5	1	0.21476237		470	86.5
6	1	0.2797705		166	90.19
7	1	0.8131334		470	86.5
8	1	0.10536837		453	88.53
9	1	0.14953646		3250	84.66
10	1	0.0		3295	83.22
11	1	0.0		3247	84.99
12	1	0.048342112		3230	86.24
13	1	1000.0		68	92.91
14	1	0.0		453	88.53
15	1	0.103818946		96	91.19
16	1	0.0021691974		446	89.53
17	1	0.0		446	89.53
18	1	0.054534063		3074	86.44
19	1	0.0		446	89.53
20	1	0.020639835		3230	86.24
21	1	0.010939688		94	91.29
22	1	0.048000567		3250	84.66
23	1	0.034985382		3247	84.99
24	1	0.12899897		3230	86.24
25	1	0.021691974		96	91.19
26	1	1000.0		3295	83.22
27	1	0.041697647		94	91.29
28	1	0.0		96	91.19
29	1	0.13426702		3247	84.99
30	1	0.0		453	88.53
31	1	0.0		446	89.53
32	1	0.0		453	88.53
33	1	0.0		96	91.19
34	1	0.0		3295	83.22
35	1	0.13106295		68	92.91
36	1	0.0		446	89.53
37	1	0.0		3230	86.24
38	1	0.0		68	92.91
39	1	0.20949432		453	88.53
40	1	0.18996707		446	89.53
41	1	0.0		3230	86.24
42	1	0.0		68	92.91
43	1	0.005268051		453	88.53
44	1	0.005268051		3230	86.24
45	1	0.0		446	89.53
46	1	0.0		96	91.19
47	1	0.0024790827		68	92.91
48	1	0.0		3295	83.22
49	1	0.1486068		3295	83.22
50	1	0.06811146		446	89.53
51	1	0.010319917		96	91.19
52	1	0.17523968		76	91.64
53	2	2000.0		86	91.69
54	2	NaN		86	91.69
55	2	NaN		86	91.69
56	2	NaN		86	91.69
57	2	NaN		86	91.69
58	2	NaN		86	91.69
59	2	NaN		86	91.69

