
Run no: 0
93.04	
91.0	
91.0	
91.0	
91.0	
91.0	
91.0	
89.67	
88.95	
88.95	
88.95	
88.95	
87.37	
85.94	
85.94	
85.94	
85.94	
83.34	
83.34	
83.0	
83.0	
82.94	
82.94	
82.94	
82.94	
80.43	
80.43	
80.43	
80.39	
80.39	
80.39	

Run no: 1
91.45	
91.45	
91.45	
91.45	
83.1	
83.1	
83.1	
83.1	
83.1	
83.1	
83.1	
83.1	
83.1	
83.1	
83.1	
83.1	
83.1	
80.16	
80.16	
80.16	
80.16	
80.16	
80.16	
80.16	
80.16	
80.16	
80.16	
80.16	
80.16	
80.16	
80.16	

Run no: 2
91.77	
91.77	
91.77	
91.77	
91.77	
91.77	
91.77	
91.77	
85.85	
85.85	
85.85	
85.85	
85.85	
85.85	
85.85	
85.85	
84.2	
84.2	
84.2	
82.77	
82.77	
82.77	
82.77	
82.77	
82.77	
82.77	
82.77	
82.63	
82.63	
82.63	
82.63	

Run no: 3
90.19	
90.19	
90.19	
90.19	
88.98	
88.7	
88.7	
88.7	
88.7	
88.09	
85.05	
85.05	
85.05	
85.05	
85.05	
84.84	
84.84	
84.84	
84.84	
84.84	
84.84	
84.84	
84.84	
84.84	
84.84	
84.34	
83.7	
83.7	
83.7	
83.64	
83.64	

Run no: 4
94.19	
94.19	
93.45	
93.45	
93.41	
91.98	
91.98	
91.98	
91.98	
91.98	
91.82	
91.82	
91.38	
91.22	
90.64	
90.64	
90.64	
90.64	
90.58	
88.6	
87.84	
87.84	
85.98	
85.98	
85.98	
85.98	
85.98	
85.96	
85.96	
85.96	
85.96	

Run no: 5
88.77	
88.77	
88.77	
88.77	
88.77	
86.65	
86.65	
86.65	
86.65	
86.65	
86.42	
81.93	
81.93	
81.93	
81.93	
81.93	
81.73	
81.73	
81.73	
81.73	
81.73	
81.62	
81.62	
81.46	
81.46	
80.21	
80.21	
80.21	
80.21	
80.21	
80.21	

Run no: 6
86.19	
86.19	
86.19	
86.19	
86.07	
85.94	
85.94	
85.94	
81.4	
81.4	
81.4	
81.08	
80.97	
80.97	
80.97	
80.97	
80.68	
80.68	
80.68	
80.68	
80.68	
80.68	
80.68	
80.68	
80.63	
80.63	
80.63	
80.63	
80.63	
80.63	
80.63	

Run no: 7
93.43	
93.43	
92.03	
89.14	
89.14	
89.14	
89.14	
89.14	
88.77	
88.77	
88.77	
88.77	
88.77	
88.77	
87.64	
87.64	
87.64	
83.58	
83.58	
83.58	
83.58	
83.58	
83.58	
83.58	
83.54	
83.54	
83.54	
83.01	
83.01	
81.93	
81.93	

Run no: 8
90.21	
90.21	
90.21	
90.21	
87.21	
87.11	
87.11	
87.11	
83.17	
83.17	
83.17	
82.53	
82.53	
82.53	
82.46	
82.46	
82.46	
82.46	
82.46	
82.46	
82.46	
82.46	
82.46	
82.39	
82.39	
82.15	
82.15	
82.15	
82.08	
82.02	
82.02	

Run no: 9
92.88	
92.88	
92.88	
92.88	
92.88	
90.73	
90.73	
90.73	
90.73	
90.24	
90.24	
84.59	
84.59	
84.59	
84.59	
84.49	
84.49	
84.49	
82.33	
82.33	
82.33	
82.33	
82.16	
82.16	
82.16	
82.16	
82.16	
82.16	
82.16	
82.16	
82.07	

Run no: 10
91.56	
90.91	
89.42	
89.42	
83.61	
83.61	
79.99	
79.99	
79.99	
79.99	
79.99	
79.99	
79.74	
79.74	
79.74	
79.74	
79.74	
79.74	
79.74	
79.74	
79.74	
79.74	
79.74	
79.74	
79.74	
79.74	
79.74	
79.74	
79.74	
79.74	
79.74	

Run no: 11
93.61	
93.61	
93.61	
93.61	
89.28	
89.28	
89.28	
89.28	
87.96	
87.96	
87.96	
87.96	
87.96	
87.36	
82.69	
82.69	
82.69	
82.29	
82.29	
82.29	
82.29	
82.14	
82.14	
82.14	
82.14	
82.14	
82.14	
82.14	
82.14	
82.14	
81.94	

Run no: 12
96.1	
83.19	
83.19	
83.19	
83.09	
83.02	
83.02	
83.02	
83.02	
83.02	
83.02	
83.02	
83.02	
83.02	
83.02	
83.02	
82.99	
82.78	
82.78	
82.78	
82.27	
82.27	
82.27	
82.27	
81.79	
81.79	
81.79	
81.79	
81.79	
80.79	
80.79	

Run no: 13
91.15	
91.15	
91.15	
90.98	
90.98	
90.98	
90.4	
90.4	
90.4	
87.01	
87.01	
87.01	
87.01	
87.01	
85.51	
85.51	
85.51	
85.51	
85.21	
81.94	
81.94	
81.94	
81.94	
81.94	
81.94	
81.94	
81.41	
81.41	
81.41	
81.41	
81.41	

Run no: 14
90.13	
90.13	
90.13	
90.13	
90.13	
86.88	
86.88	
86.88	
86.88	
86.88	
86.88	
86.88	
86.88	
86.88	
86.88	
86.88	
86.88	
86.88	
86.88	
86.88	
86.52	
86.52	
86.52	
86.52	
83.18	
83.18	
83.18	
83.18	
82.88	
82.59	
82.59	

Run no: 15
92.53	
92.53	
92.53	
92.53	
92.53	
82.85	
82.85	
82.85	
82.85	
82.85	
82.85	
82.85	
82.85	
82.85	
82.85	
82.85	
82.85	
82.66	
82.66	
82.66	
82.66	
82.66	
81.32	
81.32	
81.22	
81.22	
81.22	
81.22	
80.28	
80.28	
80.28	

Run no: 16
94.4	
94.4	
94.4	
94.4	
94.4	
94.4	
94.06	
93.52	
91.51	
91.51	
91.51	
91.51	
91.51	
91.51	
91.51	
91.39	
91.39	
84.32	
84.32	
84.32	
84.32	
84.32	
84.32	
84.32	
84.32	
84.32	
84.32	
84.32	
83.1	
83.1	
79.39	

Run no: 17
94.23	
91.47	
91.47	
91.47	
91.47	
91.47	
89.21	
89.21	
89.21	
88.86	
88.86	
88.86	
84.05	
84.05	
84.05	
84.05	
84.05	
84.05	
84.05	
84.05	
84.05	
84.05	
84.05	
84.05	
84.05	
84.05	
80.53	
80.53	
80.53	
80.53	
80.53	

Run no: 18
90.95	
90.95	
90.57	
90.57	
90.57	
90.57	
90.57	
90.57	
90.02	
90.02	
88.28	
88.28	
88.28	
88.28	
88.28	
87.55	
85.9	
84.93	
84.93	
84.93	
84.93	
84.93	
84.93	
84.93	
80.61	
80.61	
80.61	
80.61	
80.04	
79.78	
79.78	

Run no: 19
95.48	
95.48	
93.64	
93.64	
93.29	
87.29	
84.86	
84.86	
84.86	
84.78	
84.78	
84.78	
84.78	
84.78	
84.78	
84.78	
84.78	
84.78	
84.78	
84.55	
84.55	
84.55	
84.55	
84.55	
84.55	
84.55	
84.55	
84.55	
84.55	
84.55	
84.55	

Run no: 20
95.17	
91.1	
91.1	
91.1	
91.1	
91.01	
87.6	
87.6	
87.6	
87.6	
87.6	
87.06	
87.06	
87.06	
87.06	
87.06	
87.06	
82.0	
82.0	
82.0	
82.0	
82.0	
81.97	
81.97	
80.77	
80.77	
80.77	
80.06	
80.06	
80.06	
80.06	

Run no: 21
94.22	
90.31	
88.69	
88.69	
87.51	
87.51	
87.35	
87.26	
87.26	
87.26	
87.26	
85.15	
85.15	
85.15	
85.15	
84.28	
84.28	
84.28	
83.82	
83.82	
83.82	
80.6	
80.6	
80.6	
80.6	
80.6	
80.0	
80.0	
79.68	
79.68	
79.68	

Run no: 22
90.27	
90.27	
90.27	
90.27	
90.27	
89.7	
89.7	
89.7	
89.7	
89.7	
89.7	
88.77	
84.69	
84.18	
80.71	
80.42	
80.42	
80.42	
80.32	
80.32	
80.32	
80.26	
80.26	
80.26	
80.26	
80.26	
79.76	
79.76	
79.76	
79.75	
79.75	

Run no: 23
87.44	
87.44	
87.44	
87.44	
85.19	
85.19	
85.19	
85.19	
85.19	
85.19	
85.19	
85.19	
84.22	
84.22	
84.22	
84.22	
84.22	
84.22	
84.22	
84.22	
84.22	
84.22	
84.22	
84.22	
84.22	
84.22	
83.89	
83.89	
83.89	
80.97	
80.97	

Run no: 24
94.69	
94.69	
90.48	
90.48	
90.48	
90.48	
90.48	
90.48	
90.48	
89.83	
89.83	
89.83	
83.56	
83.56	
83.56	
83.56	
83.56	
83.56	
83.56	
81.86	
81.86	
81.86	
81.86	
81.51	
81.51	
78.81	
78.81	
78.81	
78.4	
78.4	
78.4	

Run no: 25
91.17	
86.85	
86.85	
86.35	
85.77	
85.77	
85.77	
85.77	
85.77	
85.77	
84.03	
84.03	
84.03	
84.03	
84.03	
84.03	
84.03	
84.03	
84.03	
84.03	
84.03	
84.03	
84.03	
84.03	
84.03	
84.03	
83.89	
83.89	
83.89	
83.89	
83.89	

Run no: 26
89.63	
89.63	
89.63	
89.63	
89.01	
89.01	
89.01	
89.01	
88.83	
88.83	
88.38	
88.38	
88.38	
88.38	
87.12	
84.37	
84.37	
84.37	
84.37	
84.37	
84.37	
84.37	
83.37	
83.37	
83.37	
83.37	
83.37	
83.37	
83.37	
83.37	
83.37	

Run no: 27
91.0	
91.0	
91.0	
87.24	
85.66	
85.66	
85.66	
85.13	
85.13	
85.13	
84.09	
84.09	
84.09	
84.09	
84.09	
84.09	
84.09	
84.09	
84.09	
81.88	
81.88	
81.88	
81.88	
81.88	
80.08	
80.08	
80.08	
80.08	
80.08	
80.01	
80.01	

Run no: 28
94.54	
93.02	
93.02	
93.02	
93.02	
89.09	
87.05	
87.05	
87.05	
87.05	
87.05	
87.05	
87.05	
86.93	
86.93	
86.93	
86.93	
86.93	
86.93	
86.93	
86.93	
86.93	
86.93	
85.9	
84.84	
84.84	
84.84	
84.84	
84.84	
84.84	
84.84	

Run no: 29
91.04	
91.04	
91.04	
88.03	
88.03	
88.03	
88.03	
88.03	
87.03	
87.03	
87.03	
87.03	
87.03	
86.53	
86.53	
86.53	
86.53	
86.53	
86.53	
86.53	
84.99	
84.99	
84.99	
84.99	
83.22	
83.22	
83.22	
83.22	
83.22	
83.22	
83.22	
