
Run no: 0
0	1	2000.0		4704	82.28
1	1	1000.0		64	101.04
2	1	0.0053304904		64	101.04
3	1	0.7819765		124	91.63
4	1	0.6333348		2986	88.93
5	1	0.010558967		80	92.38
6	1	0.0		78	98.05
7	1	0.25883254		3799	84.02
8	1	0.21661827		4439	83.4
9	1	0.20900945		2986	88.93
10	1	0.17643005		3750	85.47
11	1	0.15181834		3750	85.47
12	1	0.141258		3290	88.12
13	1	0.10869421		3288	88.62
14	1	0.0		78	98.05
15	1	0.1001112		76	99.92
16	1	4.3103448E-4		3290	88.12
17	1	0.07523022		4443	82.56
18	1	0.071175374		4516	82.3
19	1	0.0		76	99.92
20	1	0.0		70	100.57
21	1	0.030100727		112	91.98
22	1	0.0		3290	88.12
23	1	0.026346408		67	100.94
24	1	0.019722814		70	100.57
25	1	0.30568707		80	92.38
26	1	0.0		96	92.19
27	1	0.0		108	92.13
28	1	1000.0		64	101.04
29	1	0.0		108	92.13
30	1	0.010127932		96	92.19
31	1	0.0		96	92.19
32	1	0.010581942		108	92.13
33	1	0.0		96	92.19
34	1	0.03594129		70	100.57
35	1	0.0		76	99.92
36	1	6.465517E-4		70	100.57
37	1	0.0		64	101.04
38	1	0.09913793		3290	88.12
39	1	0.0012931034		76	99.92
40	1	0.1001112		78	98.05
41	1	0.0		64	101.04
42	1	0.3022388		78	98.05
43	1	0.034648187		76	99.92
44	1	4.3103448E-4		78	98.05
45	1	0.0		70	100.57
46	1	0.0		76	99.92
47	1	0.0057845013		96	92.19
48	1	0.0		108	92.13
49	1	0.0034482758		96	92.19
50	1	0.0		96	92.19
51	1	0.0		96	92.19
52	1	0.0		76	99.92
53	1	0.0		78	98.05
54	1	0.0		76	99.92
55	1	0.0		78	98.05
56	1	0.026652452		3290	88.12
57	1	6.465517E-4		64	101.04
58	1	0.0		108	92.13
59	1	0.0040603634		108	92.13


Run no: 1
0	1	2000.0		3316	81.37
1	1	2000.0		75	92.54
2	1	0.37063563		75	92.54
3	1	1.1437714		3240	81.43
4	1	0.0		111	83.1
5	1	0.0066361027		104	87.97
6	1	0.14950761		111	83.1
7	1	0.0		89	88.02
8	1	0.028821085		3316	81.37
9	1	0.44061747		104	87.97
10	1	0.038647898		89	88.02
11	1	0.0044762758		89	88.02
12	1	0.0021598272		111	83.1
13	1	0.0		75	92.54
14	1	0.0		75	92.54
15	1	0.0		89	88.02
16	1	0.0		89	88.02
17	1	0.0		111	83.1
18	1	0.0		75	92.54
19	1	0.0		75	92.54
20	1	0.0		75	92.54
21	1	0.0		111	83.1
22	1	0.0030854675		89	88.02
23	1	0.0		89	88.02
24	1	0.9654428		111	83.1
25	1	0.0		75	92.54
26	1	0.0		75	92.54
27	1	0.0		89	88.02
28	1	0.0		75	92.54
29	1	0.0		111	83.1
30	1	0.0		111	83.1
31	1	0.43598926		111	83.1
32	1	0.0012341869		75	92.54
33	1	0.40897498		79	88.4
34	2	2000.0		79	92.52
35	2	1000.0		86	89.63
36	2	1000.0		86	89.63
37	2	0.8442907		82	92.07
38	2	0.8442907		86	89.63
39	2	0.7271379		82	92.07
40	2	0.5714286		86	89.63
41	2	0.42857143		82	92.07
42	2	0.42857143		79	92.52
43	2	0.15570934		79	92.52
44	2	0.0		86	89.63
45	2	0.0		82	92.07
46	2	0.0		79	92.52
47	2	0.0		79	92.52
48	2	0.0		82	92.07
49	2	0.0		86	89.63
50	2	0.0		82	92.07
51	2	0.0		86	89.63
52	2	0.0		82	92.07
53	2	0.0		79	92.52
54	2	0.0		82	92.07
55	2	0.0		86	89.63
56	2	0.0		82	92.07
57	2	0.0		86	89.63
58	2	0.0		86	89.63
59	2	0.0		82	92.07


Run no: 2
0	1	2000.0		99	82.09
1	1	1000.0		68	99.44
2	1	1000.0		68	99.44
3	1	0.801097		76	98.76
4	1	0.70432276		77	86.54
5	1	0.32258064		94	84.04
6	1	0.32258064		84	84.59
7	1	0.27368224		99	82.09
8	1	0.22524866		84	84.59
9	1	0.20219392		78	84.74
10	1	0.16129032		94	84.04
11	1	0.13600446		77	86.54
12	1	0.12559263		69	98.94
13	1	0.112391934		94	84.04
14	1	0.1037464		78	84.74
15	1	0.09677419		72	98.89
16	1	0.09677419		73	98.81
17	1	0.036869016		73	98.81
18	1	0.036869016		72	98.89
19	1	0.035139907		69	98.94
20	1	0.032258064		77	86.54
21	1	0.032258064		76	98.76
22	1	0.032258064		68	99.44
23	1	0.032258064		78	84.74
24	1	0.031700287		94	84.04
25	1	0.028818443		68	99.44
26	1	0.008645534		84	84.59
27	1	0.0028818443		72	98.89
28	1	0.0028818443		73	98.81
29	1	0.0028818443		76	98.76
30	1	0.0		77	86.54
31	1	0.0		76	98.76
32	1	0.0		78	84.74
33	1	0.0		78	84.74
34	1	0.0		76	98.76
35	1	0.0		69	98.94
36	1	0.0		68	99.44
37	1	0.0		69	98.94
38	1	0.0		76	98.76
39	1	0.0		94	84.04
40	1	0.0		84	84.59
41	1	0.0		69	98.94
42	1	0.0		78	84.74
43	1	0.0		72	98.89
44	1	0.0		73	98.81
45	1	0.0		72	98.89
46	1	0.0		68	99.44
47	1	0.0		77	86.54
48	1	0.0		84	84.59
49	1	0.0		84	84.59
50	1	0.0		77	86.54
51	1	0.0		76	98.76
52	1	0.0		69	98.94
53	1	0.0		78	84.74
54	1	0.0		77	86.54
55	1	0.0		69	98.94
56	1	0.0		72	98.89
57	1	0.0		76	98.76
58	1	0.0		69	98.94
59	1	0.0		76	98.76


Run no: 3
0	1	2000.0		2811	77.39
1	1	2000.0		70	94.94
2	1	0.1872143		70	94.94
3	1	0.9781		2528	81.48
4	1	0.97469306		390	82.99
5	1	0.0010944911		77	84.05
6	1	0.0014593215		74	91.68
7	1	0.22346306		2718	80.73
8	1	0.0		74	91.68
9	1	0.13602476		125	83.2
10	1	0.11283236		2736	78.89
11	1	0.0065669464		2736	78.89
12	1	0.041988753		89	83.45
13	1	0.021037512		88	83.7
14	1	0.0056980057		86	83.8
15	1	0.0		77	84.05
16	1	0.1048433		2736	78.89
17	1	0.0		86	83.8
18	1	0.0		86	83.8
19	1	0.0		74	91.68
20	1	0.0		77	84.05
21	1	0.0		74	91.68
22	1	0.0		77	84.05
23	1	0.0		74	91.68
24	1	0.0		77	84.05
25	1	0.0		86	83.8
26	1	0.0032834732		86	83.8
27	1	0.014245015		77	84.05
28	1	0.0		74	91.68
29	1	0.0		77	84.05
30	1	0.0		74	91.68
31	1	7.2966074E-4		86	83.8
32	1	0.18575498		74	91.68
33	1	0.43475783		74	91.68
34	1	0.0		86	83.8
35	1	0.0		77	84.05
36	1	0.0		86	83.8
37	1	0.0		77	84.05
38	1	0.0		74	91.68
39	1	0.0		77	84.05
40	1	0.0		77	84.05
41	1	0.0		74	91.68
42	1	0.0		74	91.68
43	1	0.0		86	83.8
44	1	0.0		77	84.05
45	1	0.0		77	84.05
46	1	0.014245015		86	83.8
47	1	0.0		77	84.05
48	1	0.0		74	91.68
49	1	0.0		77	84.05
50	1	0.0		74	91.68
51	1	0.0010944911		74	91.68
52	1	0.0		77	84.05
53	1	0.0		77	84.05
54	1	0.0		77	84.05
55	1	0.0		77	84.05
56	1	0.0		77	84.05
57	1	0.0		77	84.05
58	1	0.0		77	84.05
59	1	0.4380413		77	84.05


Run no: 4
0	1	2000.0		6236	79.94
1	1	1000.0005		69	102.4
2	1	1000.0		69	102.4
3	1	0.9092467		4783	81.9
4	1	0.86451435		289	84.95
5	1	0.46944088		72	91.86
6	1	0.46927872		69	102.4
7	1	0.1952355		5131	80.59
8	1	0.17825928		73	91.55
9	1	0.17074753		6184	80.04
10	1	0.16251113		84	87.9
11	1	0.0700229		5131	80.59
12	1	0.0700229		4971	81.58
13	1	0.06513087		104	86.51
14	1	0.0618878		84	87.9
15	1	0.05266152		252	85.22
16	1	0.051202137		111	86.37
17	1	0.030484838		4971	81.58
18	1	0.02598028		252	85.22
19	1	0.024487978		6184	80.04
20	1	0.022863628		111	86.37
21	1	0.018021047		261	85.15
22	1	0.014247552		4971	81.58
23	1	0.013802315		72	91.86
24	1	0.013445015		289	84.95
25	1	0.008431977		6236	79.94
26	1	0.008431977		6184	80.04
27	1	0.0073683774		111	86.37
28	1	0.0073683774		104	86.51
29	1	0.00445236		6184	80.04
30	1	0.00445236		6236	79.94
31	1	0.003243068		84	87.9
32	1	0.0017836874		84	87.9
33	1	4.864602E-4		72	91.86
34	1	0.0		69	102.4
35	1	0.0		72	91.86
36	1	0.0		104	86.51
37	1	0.0		84	87.9
38	1	0.0		252	85.22
39	1	0.0		72	91.86
40	1	0.0		6184	80.04
41	1	0.0		104	86.51
42	1	0.0		104	86.51
43	1	0.0		252	85.22
44	1	0.0		84	87.9
45	1	0.0		111	86.37
46	1	0.0		69	102.4
47	1	0.0		72	91.86
48	1	0.0		69	102.4
49	1	0.0		69	102.4
50	1	0.0		84	87.9
51	1	0.0		84	87.9
52	1	0.0		6184	80.04
53	1	0.0		252	85.22
54	1	0.0		69	102.4
55	1	0.0		69	102.4
56	1	0.0		69	102.4
57	1	0.0		72	91.86
58	1	0.0		84	87.9
59	1	0.0		84	87.9


Run no: 5
0	1	1000.00104		68	102.73
1	1	1000.0		5927	77.48
2	1	1000.0		68	102.73
3	1	1000.0		5927	77.48
4	1	0.5766384		3556	84.85
5	1	0.5758463		203	85.74
6	1	0.45013297		74	91.39
7	1	0.4491089		68	102.73
8	1	0.27051073		5905	77.54
9	1	0.2681345		4334	77.67
10	1	0.16650732		84	86.4
11	1	0.16633664		78	90.6
12	1	0.15507501		3894	80.58
13	1	0.14922717		4069	79.47
14	1	0.10523379		3645	83.7
15	1	0.07539819		4288	78.51
16	1	0.06073486		3566	84.74
17	1	0.06059406		3773	82.11
18	1	0.05056214		3686	82.6
19	1	0.041118495		4288	78.51
20	1	0.04005793		3773	82.11
21	1	0.03930066		85	85.95
22	1	0.038831756		203	85.74
23	1	0.036954302		3556	84.85
24	1	0.03425489		3686	82.6
25	1	0.033267327		4334	77.67
26	1	0.028456787		182	85.83
27	1	0.017821781		78	90.6
28	1	0.017821781		84	86.4
29	1	0.017821781		77	91.05
30	1	0.01484895		3773	82.11
31	1	0.013636024		77	91.05
32	1	0.013465347		74	91.39
33	1	0.007851169		4334	77.67
34	1	0.0051485146		4334	77.67
35	1	0.0051485146		5905	77.54
36	1	0.003754907		5905	77.54
37	1	0.003754907		5927	77.48
38	1	0.0023762377		5927	77.48
39	1	0.0010240655		78	90.6
40	1	0.0010240655		84	86.4
41	1	5.1203277E-4		74	91.39
42	1	5.1203277E-4		77	91.05
43	1	1.706776E-4		78	90.6
44	1	0.0		5927	77.48
45	1	0.0		68	102.73
46	1	0.0		4334	77.67
47	1	0.0		84	86.4
48	1	0.0		74	91.39
49	1	0.0		5927	77.48
50	1	0.0		3556	84.85
51	1	0.0		68	102.73
52	1	0.0		77	91.05
53	1	0.0		84	86.4
54	1	0.0		68	102.73
55	1	0.0		5927	77.48
56	1	0.0		68	102.73
57	1	0.0		4334	77.67
58	1	0.0		68	102.73
59	1	0.0		77	91.05


Run no: 6
0	1	1000.0		73	89.9
1	1	0.0		73	89.9
2	1	1.6087445		3813	85.01
3	1	0.061130334		113	86.6
4	1	1.1669104		113	86.6
5	1	0.09439873		86	89.05
6	1	0.0		113	86.6
7	1	0.0		107	87.13
8	1	0.0		106	87.4
9	1	0.06272523		100	87.93
10	1	0.0015948963		80	89.5
11	1	0.046667732		88	88.7
12	1	0.0461361		73	89.9
13	1	0.0		95	88.3
14	1	0.0461361		80	89.5
15	1	0.0		100	87.93
16	1	0.0018607124		95	88.3
17	1	0.0		88	88.7
18	1	0.032736763		107	87.13
19	1	0.0		106	87.4
20	1	0.0422298		88	88.7
21	1	0.051903114		80	89.5
22	1	0.0		73	89.9
23	1	0.0		95	88.3
24	1	0.0		113	86.6
25	1	2.6581605E-4		106	87.4
26	1	0.0018607124		80	89.5
27	1	0.0013290803		100	87.93
28	1	0.0		95	88.3
29	1	0.061130334		106	87.4
30	1	2.6581605E-4		107	87.13
31	1	0.0		73	89.9
32	1	0.0		113	86.6
33	1	0.0		80	89.5
34	1	0.042675894		100	87.93
35	1	0.0015948963		106	87.4
36	1	0.0		88	88.7
37	1	0.0461361		95	88.3
38	1	0.0		80	89.5
39	1	1000.0		73	89.9
40	1	0.042675894		95	88.3
41	1	0.0		100	87.93
42	1	0.061130334		107	87.13
43	1	0.0		80	89.5
44	1	0.0		88	88.7
45	1	0.0		80	89.5
46	1	0.0		100	87.93
47	1	0.0		107	87.13
48	1	0.0		95	88.3
49	1	0.031141868		106	87.4
50	1	0.0		107	87.13
51	1	0.0015948963		113	86.6
52	1	0.0		107	87.13
53	1	0.0		100	87.93
54	1	0.0		113	86.6
55	1	0.0		106	87.4
56	1	0.0018607124		73	89.9
57	1	0.0013290803		95	88.3
58	1	2000.0		3835	81.23
59	2	2000.0		3904	82.29


Run no: 7
0	1	1000.0		580	82.41
1	1	1000.0		78	100.8
2	1	0.0		78	100.8
3	1	1000.0		580	82.41
4	1	0.47120708		294	86.92
5	1	0.07358711		530	84.51
6	1	0.46582565		84	97.89
7	1	0.003984064		86	91.07
8	1	0.25932595		87	90.84
9	1	0.23904383		240	87.12
10	1	0.0		120	87.22
11	1	0.057768926		116	87.4
12	1	0.19078878		532	83.23
13	1	0.16092996		294	86.92
14	1	0.601169		530	84.51
15	1	0.0056153852		82	99.49
16	1	0.086750336		572	82.54
17	1	0.078421496		261	87.04
18	1	0.0		530	84.51
19	1	0.0		79	99.52
20	1	0.06960305		78	100.8
21	1	0.0		116	87.4
22	1	0.053456645		572	82.54
23	1	0.0		279	86.94
24	1	0.0		244	87.1
25	1	0.0010875476		279	86.94
26	1	0.015936255		580	82.41
27	1	0.0		572	82.54
28	1	0.012506797		86	91.07
29	1	0.0		116	87.4
30	1	0.24883176		120	87.22
31	1	0.005437738		120	87.22
32	1	0.037127186		244	87.1
33	1	0.0010875476		240	87.12
34	1	0.007069059		580	82.41
35	1	0.0		82	99.49
36	1	0.06960305		79	99.52
37	1	0.007968128		120	87.22
38	1	0.029880479		279	86.94
39	1	0.0		86	91.07
40	1	0.005976096		82	99.49
41	1	0.007968128		244	87.1
42	1	0.001992032		79	99.52
43	1	0.0		78	100.8
44	1	0.37085372		86	91.07
45	1	0.0016313214		79	99.52
46	1	0.087003805		82	99.49
47	1	0.013405866		240	87.12
48	1	0.041294314		279	86.94
49	1	1000.002		78	100.8
50	1	0.0		86	91.07
51	1	0.009787928		116	87.4
52	1	0.005976096		79	99.52
53	1	0.0		244	87.1
54	1	0.0		116	87.4
55	1	0.001992032		86	91.07
56	1	0.0		116	87.4
57	1	0.0		120	87.22
58	1	0.0010875476		244	87.1
59	1	0.19502631		116	87.4


Run no: 8
0	1	2000.0		2887	76.62
1	1	1000.0		69	96.06
2	1	0.0		69	96.06
3	1	1.1838168		2755	77.37
4	1	1.1494756		270	81.58
5	1	0.44920075		107	92.02
6	1	0.30060685		110	86.19
7	1	7.097232E-4		126	82.44
8	1	0.0		112	86.16
9	1	0.14149669		85	94.75
10	1	0.0		72	95.97
11	1	0.0010645848		82	94.84
12	1	0.005658436		142	81.69
13	1	0.03528208		139	81.8
14	1	0.03528208		128	82.41
15	1	0.012436585		85	94.75
16	1	0.006723021		139	81.8
17	1	0.0010645848		142	81.69
18	1	0.0		142	81.69
19	1	0.0		126	82.44
20	1	0.0049680625		112	86.16
21	1	0.003548616		82	94.84
22	1	0.05919216		72	95.97
23	1	0.0		69	96.06
24	1	7.097232E-4		128	82.41
25	1	0.0046296297		82	94.84
26	1	0.0		72	95.97
27	1	0.0		128	82.41
28	1	0.0		112	86.16
29	1	0.0015432099		126	82.44
30	1	0.0		110	86.19
31	1	0.008178245		72	95.97
32	1	0.0		110	86.19
33	1	0.0		142	81.69
34	1	0.0		82	94.84
35	1	0.0046296297		69	96.06
36	1	0.19135803		112	86.16
37	1	0.0		128	82.41
38	1	0.0010645848		110	86.19
39	1	0.0		142	81.69
40	1	0.0015432099		110	86.19
41	1	0.051080722		142	81.69
42	1	7.097232E-4		112	86.16
43	1	0.0		126	82.44
44	1	0.0		72	95.97
45	1	0.0		112	86.16
46	1	0.0049680625		126	82.44
47	1	0.0		69	96.06
48	1	0.0		82	94.84
49	1	0.05812757		82	94.84
50	1	0.0		126	82.44
51	1	0.0		110	86.19
52	1	0.0015432099		128	82.41
53	1	0.0		72	95.97
54	1	0.0		82	94.84
55	1	0.0		110	86.19
56	1	0.0		69	96.06
57	1	0.19135803		126	82.44
58	1	0.0015432099		112	86.16
59	1	1000.00104		69	96.06


Run no: 9
0	1	1000.05884		116	82.19
1	1	1000.0561		116	82.19
2	1	0.05882353		87	84.49
3	1	0.056074765		113	82.49
4	1	0.19424593		104	82.69
5	1	0.0		96	82.99
6	1	0.17372182		96	82.99
7	1	0.0		104	82.69
8	1	0.11764706		90	84.19
9	1	0.43137255		87	84.49
10	1	0.57009345		87	84.49
11	1	0.05882353		90	84.19
12	1	0.0		113	82.49
13	1	0.0		90	84.19
14	1	0.1764706		113	82.49
15	1	0.3811618		96	82.99
16	1	0.1764706		104	82.69
17	1	0.0		87	84.49
18	1	0.056074765		104	82.69
19	1	0.0		113	82.49
20	1	0.0		87	84.49
21	1	0.05882353		113	82.49
22	1	0.0		104	82.69
23	1	0.0		104	82.69
24	1	0.22429906		90	84.19
25	1	0.0		90	84.19
26	1	0.0		104	82.69
27	1	0.056074765		87	84.49
28	1	0.0		90	84.19
29	1	0.0		113	82.49
30	1	0.037383176		113	82.49
31	1	0.0		90	84.19
32	1	0.056074765		90	84.19
33	1	2000.0		65	87.54
34	2	2000.0		73	103.06
35	2	1000.4		83	92.04
36	2	1000.0		83	92.04
37	2	0.6642468		74	96.95
38	2	0.6544465		74	96.95
39	2	0.56424683		79	95.14
40	2	0.55444646		73	103.06
41	2	0.5		79	95.14
42	2	0.2813067		79	95.14
43	2	0.2813067		83	92.04
44	2	0.1		73	103.06
45	2	0.0		73	103.06
46	2	0.0		79	95.14
47	2	0.0		83	92.04
48	2	0.0		79	95.14
49	2	0.0		83	92.04
50	2	0.0		74	96.95
51	2	0.0		73	103.06
52	2	0.0		73	103.06
53	2	0.0		73	103.06
54	2	0.0		79	95.14
55	2	0.0		79	95.14
56	2	0.0		73	103.06
57	2	0.0		73	103.06
58	2	0.0		79	95.14
59	2	0.0		79	95.14


Run no: 10
0	1	2000.0		67	100.87
1	1	2000.0		4702	77.58
2	1	0.74908483		4669	78.68
3	1	0.6486056		2297	86.0
4	1	0.0		77	89.39
5	1	0.25676256		2639	84.66
6	1	0.0017259979		75	93.14
7	1	0.014455232		2639	84.66
8	1	0.0		75	93.14
9	1	0.0		77	89.39
10	1	0.14555603		77	89.39
11	1	0.0861891		2572	84.83
12	1	0.085482195		2343	85.18
13	1	0.015886646		2335	85.63
14	1	0.0017259979		2335	85.63
15	1	0.0		2639	84.66
16	1	0.027520087		2335	85.63
17	1	0.0		2639	84.66
18	1	0.1610133		75	93.14
19	1	0.0		77	89.39
20	1	0.0		77	89.39
21	1	0.0		77	89.39
22	1	0.0		75	93.14
23	1	0.0		77	89.39
24	1	0.44527122		2639	84.66
25	1	0.33190212		75	93.14
26	1	4.3149947E-4		77	89.39
27	1	0.0		77	89.39
28	1	0.0		75	93.14
29	1	0.0		75	93.14
30	1	0.0		77	89.39
31	1	0.0		75	93.14
32	1	0.0		77	89.39
33	1	0.0		75	93.14
34	1	0.0		75	93.14
35	1	0.0		75	93.14
36	1	0.0		75	93.14
37	1	0.0		75	93.14
38	1	0.0		75	93.14
39	1	0.0		75	93.14
40	1	0.0		75	93.14
41	1	0.0		75	93.14
42	1	0.0		75	93.14
43	1	0.0		75	93.14
44	1	0.0		75	93.14
45	1	0.0		75	93.14
46	1	0.0		75	93.14
47	1	0.0		75	93.14
48	1	0.0		75	93.14
49	1	0.0		75	93.14
50	1	0.0		75	93.14
51	1	0.0		75	93.14
52	1	0.0		75	93.14
53	1	0.0		75	93.14
54	1	0.0		75	93.14
55	1	0.0		75	93.14
56	1	0.0		75	93.14
57	1	0.0		75	93.14
58	1	4.3149947E-4		75	93.14
59	1	0.6399777		77	89.39


Run no: 11
0	1	2000.0		3235	82.75
1	1	1000.0		56	104.75
2	1	0.0		56	104.75
3	1	1.0539935		3212	84.0
4	1	1.0352532		117	84.36
5	1	3.1456433E-4		64	104.39
6	1	0.34486002		65	96.81
7	1	0.21569677		69	96.78
8	1	0.0		90	92.18
9	1	0.0012582573		91	88.13
10	1	0.0		90	92.18
11	1	0.045312993		103	85.26
12	1	0.0		95	87.83
13	1	0.0		103	85.26
14	1	0.0		91	88.13
15	1	0.1193347		95	87.83
16	1	0.011818182		56	104.75
17	1	0.0		63	104.49
18	1	0.0		90	92.18
19	1	0.0		63	104.49
20	1	0.0		64	104.39
21	1	0.1193347		103	85.26
22	1	0.0026218938		69	96.78
23	1	0.0		95	87.83
24	1	0.0		63	104.49
25	1	0.0		56	104.75
26	1	0.0		65	96.81
27	1	0.0		95	87.83
28	1	0.0		65	96.81
29	1	0.18409091		91	88.13
30	1	0.0022019504		63	104.49
31	1	0.004860019		64	104.39
32	1	0.0		65	96.81
33	1	0.0		64	104.39
34	1	0.0		56	104.75
35	1	0.0		64	104.39
36	1	0.18440548		90	92.18
37	1	0.013950928		91	88.13
38	1	0.0		95	87.83
39	1	0.0		91	88.13
40	1	1000.0		56	104.75
41	1	0.0		63	104.49
42	1	0.0		90	92.18
43	1	0.0026218938		65	96.81
44	1	0.0045454544		63	104.49
45	1	0.006605851		90	92.18
46	1	0.0		65	96.81
47	1	0.0		91	88.13
48	1	0.0		63	104.49
49	1	0.0		90	92.18
50	1	0.0		91	88.13
51	1	0.0		91	88.13
52	1	0.34454545		64	104.39
53	1	0.0012582573		95	87.83
54	1	0.0022019504		56	104.75
55	1	0.0		91	88.13
56	1	0.013636364		95	87.83
57	1	0.0		90	92.18
58	1	0.2090909		90	92.18
59	1	0.012132746		63	104.49


Run no: 12
0	1	1000.23413		6852	84.61
1	1	1000.0		61	99.97
2	1	0.048828125		61	99.97
3	1	0.607495		5262	85.09
4	1	0.46849316		156	86.92
5	1	0.4464818		3051	86.38
6	1	0.40956235		3372	86.07
7	1	1000.03125		6852	84.61
8	1	0.0		71	96.09
9	1	0.0		64	99.22
10	1	0.0		76	94.65
11	1	0.095703125		81	91.74
12	1	0.11095596		107	89.64
13	1	0.0		85	90.27
14	1	0.0		81	91.74
15	1	0.09142471		130	88.39
16	1	0.0832945		140	88.19
17	1	0.0		3051	86.38
18	1	0.007037405		148	87.01
19	1	0.20377605		71	96.09
20	1	0.064894885		74	95.1
21	1	0.0		61	99.97
22	1	0.0		64	99.22
23	1	0.0		74	95.1
24	1	0.18945312		76	94.65
25	1	0.01153267		106	90.04
26	1	0.08242469		3051	86.38
27	1	0.018066287		94	90.19
28	1	1.4725371E-4		106	90.04
29	1	0.07800095		148	87.01
30	1	1.4725371E-4		131	88.29
31	1	0.095703125		85	90.27
32	1	0.00529356		135	88.26
33	1	0.00254214		131	88.29
34	1	5.8901485E-4		135	88.26
35	1	0.026041666		106	90.04
36	1	0.0065336167		85	90.27
37	1	4.4176116E-4		64	99.22
38	1	5.8901485E-4		81	91.74
39	1	0.0		135	88.26
40	1	7.362686E-4		81	91.74
41	1	0.0		131	88.29
42	1	0.029296875		74	95.1
43	1	0.048828125		64	99.22
44	1	1000.0		61	99.97
45	1	0.0010307761		71	96.09
46	1	2.9450742E-4		76	94.65
47	1	0.0		131	88.29
48	1	4.4176116E-4		61	99.97
49	1	0.064453125		71	96.09
50	1	0.20480682		64	99.22
51	1	0.18945312		81	91.74
52	1	5.8901485E-4		85	90.27
53	1	4.4176116E-4		71	96.09
54	1	2.9450742E-4		74	95.1
55	1	0.0		85	90.27
56	1	0.0		85	90.27
57	1	0.001953125		135	88.26
58	1	0.0065104165		131	88.29
59	1	0.030033143		76	94.65


Run no: 13
0	1	2000.0		6246	79.84
1	1	1000.04785		66	95.52
2	1	1000.0		66	95.52
3	1	0.5102284		2243	85.09
4	1	0.5028404		6126	81.07
5	1	0.05647414		3768	81.75
6	1	0.39182022		2352	83.92
7	1	0.36751908		3687	82.61
8	1	0.0		125	86.27
9	1	0.0014468166		77	94.76
10	1	0.0		82	91.56
11	1	0.0		93	89.82
12	1	0.0		95	87.94
13	1	0.09786136		6241	80.14
14	1	0.07816772		125	86.27
15	1	0.0		83	91.24
16	1	0.001132686		90	90.14
17	1	0.0		125	86.27
18	1	0.06823979		107	87.34
19	1	0.43640035		3768	81.75
20	1	4.854369E-4		69	94.77
21	1	6.4724917E-4		99	87.84
22	1	0.0		107	87.34
23	1	0.021540849		83	91.24
24	1	8.090615E-4		82	91.56
25	1	0.0		90	90.14
26	1	0.004626098		91	89.89
27	1	0.0		95	87.94
28	1	0.033182252		99	87.84
29	1	0.0		91	89.89
30	1	0.0047879103		93	89.82
31	1	0.0012944983		107	87.34
32	1	0.34271845		125	86.27
33	1	0.20537613		77	94.76
34	1	0.0		99	87.84
35	1	0.0029126212		107	87.34
36	1	6.377551E-4		69	94.77
37	1	0.01610569		90	90.14
38	1	0.04912613		69	94.77
39	1	0.20408164		82	91.56
40	1	0.0		95	87.94
41	1	0.0063775512		99	87.84
42	1	0.0		66	95.52
43	1	0.11989796		93	89.82
44	1	0.016267503		91	89.89
45	1	3.2362458E-4		93	89.82
46	1	0.07031488		83	91.24
47	1	0.020408163		82	91.56
48	1	0.0		91	89.89
49	1	0.0		66	95.52
50	1	0.0		125	86.27
51	1	0.0		82	91.56
52	1	0.0067011756		95	87.94
53	1	0.07015306		90	90.14
54	1	0.0		107	87.34
55	1	0.06823979		125	86.27
56	1	4.854369E-4		66	95.52
57	1	0.031887755		107	87.34
58	1	1.6181229E-4		82	91.56
59	1	0.12054521		95	87.94


Run no: 14
0	1	2000.0		3780	81.03
1	1	1000.0		79	92.85
2	1	0.0		79	92.85
3	1	0.027072757		390	82.24
4	1	0.01442675		3189	81.92
5	1	0.43498465		388	86.77
6	1	0.23498267		3233	81.89
7	1	0.22927243		79	92.85
8	1	0.0		92	90.14
9	1	0.0016211835		124	88.33
10	1	0.0		118	89.39
11	1	0.08375634		124	88.33
12	1	0.0		377	87.34
13	1	0.15803841		124	88.33
14	1	0.0		377	87.34
15	1	0.060231585		97	90.05
16	1	0.0		102	89.46
17	1	0.04822335		377	87.34
18	1	0.7833549		3189	81.92
19	1	0.0		390	82.24
20	1	0.0		118	89.39
21	1	0.0		92	90.14
22	1	0.0		102	89.46
23	1	0.23278499		92	90.14
24	1	0.0		377	87.34
25	1	0.08967851		118	89.39
26	1	0.0		102	89.46
27	1	0.007614213		92	90.14
28	1	0.7562821		390	82.24
29	1	0.0		390	82.24
30	1	0.0		377	87.34
31	1	1000.0		79	92.85
32	1	0.004323156		118	89.39
33	1	0.0		124	88.33
34	1	0.0029721698		377	87.34
35	1	0.068359904		377	87.34
36	1	0.007273152		102	89.46
37	1	5.403945E-4		390	82.24
38	1	0.0		92	90.14
39	1	0.0		102	89.46
40	1	0.0016211835		118	89.39
41	1	0.003512564		79	92.85
42	1	0.0		118	89.39
43	1	0.0		92	90.14
44	1	0.38324872		390	82.24
45	1	0.08375634		377	87.34
46	1	0.0		92	90.14
47	1	0.0		118	89.39
48	1	0.0		102	89.46
49	1	0.0		118	89.39
50	1	0.0		102	89.46
51	1	0.0		102	89.46
52	1	0.0		92	90.14
53	1	0.0		102	89.46
54	1	0.0059221657		118	89.39
55	1	0.0		102	89.46
56	1	0.0		92	90.14
57	1	0.0		92	90.14
58	1	0.0013509862		92	90.14
59	1	0.054238554		102	89.46


Run no: 15
0	1	2000.0		72	95.91
1	1	2000.0		5789	77.29
2	1	0.27147105		5789	77.29
3	1	0.20385477		3152	85.89
4	1	0.0010495015		115	87.8
5	1	0.8695685		3152	85.89
6	1	0.42685384		3731	79.59
7	1	0.12825017		4237	78.85
8	1	0.35525194		4237	78.85
9	1	0.1410191		3731	79.59
10	1	0.13533835		80	94.35
11	1	0.0		83	91.83
12	1	0.6338005		115	87.8
13	1	0.08378088		5789	77.29
14	1	5.2475074E-4		75	94.39
15	1	0.07909767		86	90.33
16	1	0.0		97	88.78
17	1	0.0		92	90.18
18	1	0.0		84	91.73
19	1	0.05206991		109	88.75
20	1	0.0091053555		91	90.28
21	1	0.0		84	91.73
22	1	0.0		83	91.83
23	1	0.075187966		92	90.18
24	1	0.0037101738		109	88.75
25	1	0.07728697		97	88.78
26	1	0.0021482278		75	94.39
27	1	5.2475074E-4		80	94.35
28	1	0.0024857554		97	88.78
29	1	0.0		115	87.8
30	1	0.0021482278		80	94.35
31	1	0.0		92	90.18
32	1	0.0		75	94.39
33	1	0.0		75	94.39
34	1	8.745846E-4		80	94.35
35	1	0.0		83	91.83
36	1	0.075187966		84	91.73
37	1	1.7491692E-4		84	91.73
38	1	8.745846E-4		92	90.18
39	1	0.00589532		83	91.83
40	1	0.0		83	91.83
41	1	0.05102041		115	87.8
42	1	0.0		92	90.18
43	1	0.0		83	91.83
44	1	0.0		75	94.39
45	1	1.7491692E-4		92	90.18
46	1	0.13533835		83	91.83
47	1	0.0		92	90.18
48	1	0.0		83	91.83
49	1	0.0		83	91.83
50	1	0.0		83	91.83
51	1	0.0		84	91.73
52	1	0.08163265		75	94.39
53	1	0.0		84	91.73
54	1	8.745846E-4		75	94.39
55	1	0.0		84	91.73
56	1	1.7491692E-4		83	91.83
57	1	0.0		84	91.73
58	1	0.0053705694		92	90.18
59	1	0.005720403		84	91.73


Run no: 16
0	1	2000.0		5913	79.21
1	1	1000.0		70	92.98
2	1	1000.0		70	92.98
3	1	0.59117806		98	87.76
4	1	0.47483143		3966	81.16
5	1	0.43209043		2436	85.37
6	1	0.23107043		2436	85.37
7	1	0.1966606		2772	84.93
8	1	0.16630356		77	88.82
9	1	0.16630356		75	91.11
10	1	0.13580246		75	91.11
11	1	0.13580246		70	92.98
12	1	0.107202366		2851	83.64
13	1	0.105102144		3530	82.11
14	1	0.100143045		3003	83.09
15	1	0.07799127		3429	82.94
16	1	0.06734374		3471	82.16
17	1	0.06535948		3682	81.21
18	1	0.06383297		3459	82.87
19	1	0.05223625		3957	81.19
20	1	0.049613893		2851	83.64
21	1	0.047064863		3682	81.21
22	1	0.043406438		85	87.97
23	1	0.03848947		2916	83.11
24	1	0.037166547		82	88.32
25	1	0.03631082		77	88.82
26	1	0.026014034		3682	81.21
27	1	0.025417574		82	88.32
28	1	0.016342044		2916	83.11
29	1	0.011124423		2916	83.11
30	1	0.010893246		3429	82.94
31	1	0.0051343488		3429	82.94
32	1	0.0037189538		3966	81.16
33	1	0.0014524328		3682	81.21
34	1	8.557248E-4		75	91.11
35	1	8.557248E-4		77	88.82
36	1	8.557248E-4		70	92.98
37	1	5.134349E-4		82	88.32
38	1	3.4228992E-4		77	88.82
39	1	3.4228992E-4		75	91.11
40	1	0.0		70	92.98
41	1	0.0		2436	85.37
42	1	0.0		75	91.11
43	1	0.0		70	92.98
44	1	0.0		82	88.32
45	1	0.0		3682	81.21
46	1	0.0		2916	83.11
47	1	0.0		82	88.32
48	1	0.0		70	92.98
49	1	0.0		77	88.82
50	1	0.0		75	91.11
51	1	0.0		75	91.11
52	1	0.0		70	92.98
53	1	0.0		2916	83.11
54	1	0.0		82	88.32
55	1	0.0		82	88.32
56	1	0.0		77	88.82
57	1	0.0		77	88.82
58	1	0.0		75	91.11
59	1	0.0		82	88.32


Run no: 17
0	1	2000.0		4282	80.65
1	1	1000.0		75	94.53
2	1	0.0		75	94.53
3	1	0.067924224		112	81.54
4	1	0.99120516		4282	80.65
5	1	0.0		79	82.11
6	1	2.3769907E-4		76	94.16
7	1	0.06412104		4282	80.65
8	1	0.0		76	94.16
9	1	0.018249227		95	81.95
10	1	0.011527377		96	81.7
11	1	1.0027325		112	81.54
12	1	0.0038031852		95	81.95
13	1	0.0		96	81.7
14	1	0.0		79	82.11
15	1	0.0		79	82.11
16	1	0.0		96	81.7
17	1	0.0		79	82.11
18	1	0.0		76	94.16
19	1	0.011527377		95	81.95
20	1	0.0		96	81.7
21	1	0.0		75	94.53
22	1	0.0		75	94.53
23	1	0.0		76	94.16
24	1	0.0		79	82.11
25	1	0.0		76	94.16
26	1	1000.0		75	94.53
27	1	0.0		96	81.7
28	1	0.0		96	81.7
29	1	0.0038031852		79	82.11
30	1	0.012240475		79	82.11
31	1	0.8681556		76	94.16
32	1	0.0		75	94.53
33	1	0.0		75	94.53
34	1	0.0		79	82.11
35	1	0.0		76	94.16
36	1	0.0		75	94.53
37	1	0.0038031852		96	81.7
38	1	0.0		79	82.11
39	1	0.0		96	81.7
40	1	0.0		79	82.11
41	1	0.0		76	94.16
42	1	0.0		96	81.7
43	1	0.0		75	94.53
44	1	0.0		76	94.16
45	1	0.0		79	82.11
46	1	0.0		96	81.7
47	1	0.0		76	94.16
48	1	2.3769907E-4		96	81.7
49	1	0.02665706		75	94.53
50	1	0.0		76	94.16
51	1	0.0		79	82.11
52	1	0.0		76	94.16
53	1	0.0		79	82.11
54	1	0.018011527		96	81.7
55	1	0.8681556		79	82.11
56	1	0.0		76	94.16
57	1	2.3769907E-4		75	94.53
58	1	0.0		76	94.16
59	1	0.027370159		76	94.16


Run no: 18
0	1	2000.0		6154	78.77
1	1	1000.0		65	97.82
2	1	0.0		65	97.82
3	1	0.676593		104	86.12
4	1	0.556383		3332	83.33
5	1	0.0		68	90.31
6	1	0.10183727		4316	80.71
7	1	0.27009708		3919	80.74
8	1	0.23236136		3349	82.83
9	1	0.14924861		3332	83.33
10	1	0.3018558		4316	80.71
11	1	0.095637806		86	86.61
12	1	0.0		81	88.26
13	1	0.0011496141		76	88.87
14	1	0.0		69	90.15
15	1	0.066774346		4316	80.71
16	1	0.0		81	88.26
17	1	0.0		76	88.87
18	1	0.020475458		104	86.12
19	1	0.017847769		88	86.46
20	1	0.0		88	86.46
21	1	0.0		68	90.31
22	1	0.0011496141		69	90.15
23	1	8.211529E-4		76	88.87
24	1	0.0		69	90.15
25	1	0.08743533		81	88.26
26	1	8.211529E-4		81	88.26
27	1	0.0		76	88.87
28	1	4.9269176E-4		68	90.31
29	1	0.0		65	97.82
30	1	3.2846117E-4		88	86.46
31	1	0.0		69	90.15
32	1	0.0		68	90.31
33	1	0.0		65	97.82
34	1	1000.0		65	97.82
35	1	0.0		68	90.31
36	1	0.032020997		76	88.87
37	1	0.0		69	90.15
38	1	0.0		76	88.87
39	1	0.010501705		88	86.46
40	1	0.0671916		69	90.15
41	1	0.0		68	90.31
42	1	0.0		81	88.26
43	1	0.0		81	88.26
44	1	0.0		68	90.31
45	1	0.39422572		65	97.82
46	1	1.6423059E-4		69	90.15
47	1	0.00839895		68	90.31
48	1	0.0		65	97.82
49	1	0.032020997		81	88.26
50	1	0.0		76	88.87
51	1	0.0		69	90.15
52	1	0.0		69	90.15
53	1	0.0		68	90.31
54	1	0.0		69	90.15
55	1	0.0		68	90.31
56	1	4.9269176E-4		65	97.82
57	1	0.0671916		76	88.87
58	1	0.00839895		69	90.15
59	1	0.39438996		68	90.31


Run no: 19
0	1	1000.0217		5782	79.55
1	1	1000.0132		5782	79.55
2	1	2000.0		73	90.92
3	1	0.0		73	90.92
4	1	0.8559096		3091	80.1
5	1	0.76328355		2529	83.2
6	1	0.0349127		5658	79.7
7	1	0.4396701		300	83.22
8	1	0.18303138		134	87.11
9	1	0.1759015		73	90.92
10	1	0.007915568		82	88.92
11	1	0.1530343		243	85.37
12	1	0.08985534		107	87.31
13	1	0.05189094		91	88.17
14	1	0.0070360596		254	83.84
15	1	0.06877674		252	84.62
16	1	0.05309859		275	83.71
17	1	1.7516203E-4		91	88.17
18	1	0.052241266		252	84.62
19	1	0.0012261341		90	88.76
20	1	0.053117074		251	85.21
21	1	0.44964093		5658	79.7
22	1	0.0351803		5658	79.7
23	1	0.0		243	85.37
24	1	0.015112		268	83.76
25	1	0.011415111		132	87.23
26	1	0.009141701		244	85.28
27	1	0.0		243	85.37
28	1	0.0015764582		82	88.92
29	1	0.0		83	88.83
30	1	0.0		254	83.84
31	1	0.0063317143		244	85.28
32	1	0.0		132	87.23
33	1	0.006156552		251	85.21
34	1	1.7516203E-4		90	88.76
35	1	0.006156552		83	88.83
36	1	0.010904414		132	87.23
37	1	0.0028025925		91	88.17
38	1	3.5032406E-4		254	83.84
39	1	0.1759015		82	88.92
40	1	0.0012261341		83	88.83
41	1	0.0		251	85.21
42	1	0.0		90	88.76
43	1	0.0		252	84.62
44	1	0.008090729		83	88.83
45	1	0.0		243	85.37
46	1	0.0		252	84.62
47	1	0.0		82	88.92
48	1	0.006156552		90	88.76
49	1	0.0015764582		73	90.92
50	1	0.027008228		243	85.37
51	1	0.0		91	88.17
52	1	0.0		252	84.62
53	1	0.075637646		91	88.17
54	1	0.05189094		90	88.76
55	1	0.0		251	85.21
56	1	1.7516203E-4		82	88.92
57	1	1.7516203E-4		243	85.37
58	1	1.7516203E-4		251	85.21
59	1	0.07105385		254	83.84


Run no: 20
0	1	1000.1913		3402	80.49
1	1	1000.1591		3402	80.49
2	1	1000.0		72	100.66
3	1	0.0		72	100.66
4	1	0.9611087		92	84.6
5	1	0.81949455		2538	84.22
6	1	0.0		75	90.9
7	1	0.0		72	100.66
8	1	0.35867143		2765	83.7
9	1	0.0		89	89.17
10	1	0.053168043		82	90.2
11	1	0.0		89	89.17
12	1	0.0		2707	83.91
13	1	0.03680711		82	90.2
14	1	0.034705006		75	90.9
15	1	0.019740762		92	84.6
16	1	0.0		2707	83.91
17	1	0.007932574		2764	83.86
18	1	0.05075075		2707	83.91
19	1	0.017117117		2764	83.86
20	1	0.0		2764	83.86
21	1	0.0		2707	83.91
22	1	0.0		89	89.17
23	1	0.0		75	90.9
24	1	0.0		75	90.9
25	1	0.0		72	100.66
26	1	0.0		89	89.17
27	1	0.0		2764	83.86
28	1	0.0		72	100.66
29	1	0.019596046		2707	83.91
30	1	0.0		72	100.66
31	1	0.0021021022		75	90.9
32	1	0.0		2764	83.86
33	1	0.0021021022		89	89.17
34	1	0.48478785		75	90.9
35	1	0.0		2707	83.91
36	1	0.0		2707	83.91
37	1	0.0		75	90.9
38	1	0.0		89	89.17
39	1	0.0		75	90.9
40	1	0.22657412		89	89.17
41	1	1000.0		72	100.66
42	1	0.0		2707	83.91
43	1	0.0		75	90.9
44	1	3.003003E-4		2764	83.86
45	1	0.0		2707	83.91
46	1	0.0		89	89.17
47	1	0.0		2764	83.86
48	1	0.0		75	90.9
49	1	0.48388696		72	100.66
50	1	0.0		89	89.17
51	1	0.0		72	100.66
52	1	0.0		75	90.9
53	1	0.002478929		2764	83.86
54	1	0.01536936		2707	83.91
55	1	0.0		89	89.17
56	1	0.0		72	100.66
57	1	9.009009E-4		72	100.66
58	1	0.0		89	89.17
59	1	0.051966842		89	89.17


Run no: 21
0	1	2000.0		5729	74.76
1	1	2000.0		73	94.51
2	1	0.0		73	94.51
3	1	0.5885049		3086	82.53
4	1	0.012658228		445	84.87
5	1	0.311378		3429	80.17
6	1	0.25869685		5252	76.48
7	1	0.24085994		76	88.93
8	1	0.027059156		4822	79.61
9	1	0.042378925		74	93.68
10	1	0.027059156		4955	79.54
11	1	0.0		445	84.87
12	1	0.097863495		3179	82.16
13	1	0.0		390	87.9
14	1	0.0		126	88.41
15	1	0.042451166		3362	81.5
16	1	0.058652446		5729	74.76
17	1	0.03960396		5476	76.25
18	1	0.05366265		407	87.07
19	1	0.04050633		3373	80.7
20	1	0.06577274		3362	81.5
21	1	0.24068314		74	93.68
22	1	0.042025317		73	94.51
23	1	0.03443038		5592	75.44
24	1	0.0		427	86.12
25	1	5.304102E-4		410	86.91
26	1	0.030998245		5557	75.93
27	1	0.012658228		435	85.87
28	1	0.0		437	85.12
29	1	0.03517689		3092	82.49
30	1	0.24628712		4822	79.61
31	1	0.02835443		4822	79.61
32	1	0.20744732		4955	79.54
33	1	0.036736432		3373	80.7
34	1	0.035169285		76	88.93
35	1	0.016202532		5476	76.25
36	1	0.028828442		390	87.9
37	1	0.07249888		126	88.41
38	1	0.024222065		5592	75.44
39	1	0.030998245		5592	75.44
40	1	0.030523606		5557	75.93
41	1	0.03832829		437	85.12
42	1	0.0014144272		435	85.87
43	1	0.0014144272		427	86.12
44	1	0.11989544		445	84.87
45	1	0.035169285		126	88.41
46	1	0.008101266		410	86.91
47	1	0.043005656		410	86.91
48	1	0.012658228		427	86.12
49	1	0.08870141		390	87.9
50	1	0.0019448374		3373	80.7
51	1	0.014072655		437	85.12
52	1	0.043005656		427	86.12
53	1	0.03832829		435	85.87
54	1	0.46693775		445	84.87
55	1	0.0		410	86.91
56	1	0.0		435	85.87
57	1	0.0		73	94.51
58	1	1.768034E-4		73	94.51
59	1	0.025966644		5476	76.25


Run no: 22
0	1	2000.0		4426	82.86
1	1	1000.00024		67	98.98
2	1	1000.0		67	98.98
3	1	1.1514493		3749	85.17
4	1	0.8348339		137	86.23
5	1	0.3259118		68	93.73
6	1	0.32568237		67	98.98
7	1	0.26056227		68	93.73
8	1	0.25706205		4253	82.89
9	1	0.25620347		87	89.6
10	1	0.12406948		103	88.44
11	1	0.12406948		105	86.44
12	1	0.07149208		137	86.23
13	1	0.06605412		99	89.49
14	1	0.06513648		103	88.44
15	1	0.039688002		4253	82.89
16	1	0.008429694		105	86.44
17	1	0.007809347		112	86.33
18	1	0.0068238215		99	89.49
19	1	0.0068238215		87	89.6
20	1	0.0068238215		112	86.33
21	1	0.0057352604		112	86.33
22	1	0.004358798		87	89.6
23	1	0.002752925		87	89.6
24	1	0.002752925		99	89.49
25	1	0.0018610422		4253	82.89
26	1	9.176417E-4		103	88.44
27	1	4.5882084E-4		105	86.44
28	1	4.5882084E-4		103	88.44
29	1	0.0		67	98.98
30	1	0.0		68	93.73
31	1	0.0		68	93.73
32	1	0.0		99	89.49
33	1	0.0		112	86.33
34	1	0.0		99	89.49
35	1	0.0		112	86.33
36	1	0.0		68	93.73
37	1	0.0		103	88.44
38	1	0.0		105	86.44
39	1	0.0		68	93.73
40	1	0.0		67	98.98
41	1	0.0		67	98.98
42	1	0.0		105	86.44
43	1	0.0		103	88.44
44	1	0.0		87	89.6
45	1	0.0		99	89.49
46	1	0.0		87	89.6
47	1	0.0		99	89.49
48	1	0.0		112	86.33
49	1	0.0		103	88.44
50	1	0.0		105	86.44
51	1	0.0		68	93.73
52	1	0.0		67	98.98
53	1	0.0		105	86.44
54	1	0.0		99	89.49
55	1	0.0		99	89.49
56	1	0.0		68	93.73
57	1	0.0		99	89.49
58	1	0.0		103	88.44
59	1	0.0		67	98.98


Run no: 23
0	1	1000.3645		67	104.43
1	1	1000.0		2862	77.79
2	1	1000.0		67	104.43
3	1	0.041502684		2862	77.79
4	1	1.3583777		74	87.22
5	1	1.3514745		2746	78.01
6	1	0.0		67	104.43
7	1	0.0		68	94.72
8	1	0.22701414		71	94.67
9	1	3.5778174E-4		73	88.72
10	1	0.056306306		73	88.72
11	1	0.0		2862	77.79
12	1	1000.0		2862	77.79
13	1	0.0		68	94.72
14	1	0.0		68	94.72
15	1	0.0		73	88.72
16	1	3.5778174E-4		68	94.72
17	1	0.0		73	88.72
18	1	0.0		68	94.72
19	1	0.0		68	94.72
20	1	0.0		68	94.72
21	1	0.0		68	94.72
22	1	0.0		68	94.72
23	1	0.0		73	88.72
24	1	0.0018768769		68	94.72
25	1	0.0		73	88.72
26	1	0.0		73	88.72
27	1	0.0		68	94.72
28	1	0.0		68	94.72
29	1	0.0		68	94.72
30	1	0.0		73	88.72
31	1	0.0		67	104.43
32	1	0.0		68	94.72
33	1	0.0		68	94.72
34	1	0.0		68	94.72
35	1	0.0		67	104.43
36	1	0.0		73	88.72
37	1	0.0		68	94.72
38	1	0.0		68	94.72
39	1	0.0		68	94.72
40	1	0.0		68	94.72
41	1	0.0		68	94.72
42	1	0.0		68	94.72
43	1	0.0		73	88.72
44	1	0.0		68	94.72
45	1	0.0		68	94.72
46	1	7.155635E-4		73	88.72
47	1	0.008258258		2862	77.79
48	1	0.0		68	94.72
49	1	3.5778174E-4		67	104.43
50	1	0.0		68	94.72
51	1	0.0		68	94.72
52	1	0.0		73	88.72
53	1	0.0		68	94.72
54	1	0.22334835		73	88.72
55	1	0.0		68	94.72
56	1	0.0		68	94.72
57	1	0.0		68	94.72
58	1	0.0		68	94.72
59	1	0.36556283		68	94.72


Run no: 24
0	1	2000.0		4338	80.2
1	1	1000.0		53	92.9
2	1	0.11811024		53	92.9
3	1	0.029137533		3419	82.72
4	1	0.7531969		367	86.85
5	1	0.3802727		367	86.85
6	1	0.16779463		3596	81.7
7	1	0.2040151		4315	81.03
8	1	0.20679812		68	91.27
9	1	0.18721506		131	87.37
10	1	0.18582678		101	88.91
11	1	0.11811024		55	91.4
12	1	1000.0		53	92.9
13	1	0.04524022		3473	82.51
14	1	7.001167E-4		108	88.46
15	1	0.070721895		4324	80.57
16	1	0.08146069		3596	81.7
17	1	0.054856256		4315	81.03
18	1	0.037066676		105	88.87
19	1	0.08582677		108	88.46
20	1	1.0374489		3419	82.72
21	1	0.07638163		3473	82.51
22	1	0.063779525		3596	81.7
23	1	4.6674444E-4		55	91.4
24	1	0.0077012833		101	88.91
25	1	0.0		108	88.46
26	1	0.0031496063		101	88.91
27	1	0.0		55	91.4
28	1	0.0		101	88.91
29	1	0.0		55	91.4
30	1	4.6674444E-4		53	92.9
31	1	0.0		101	88.91
32	1	0.01023622		55	91.4
33	1	0.0		101	88.91
34	1	0.0		101	88.91
35	1	0.0		101	88.91
36	1	0.0		101	88.91
37	1	0.0		101	88.91
38	1	0.0		101	88.91
39	1	0.0		101	88.91
40	1	0.0		101	88.91
41	1	0.0		101	88.91
42	1	0.0		101	88.91
43	1	0.0		101	88.91
44	1	0.0		101	88.91
45	1	0.0		101	88.91
46	1	0.003033839		55	91.4
47	1	0.0		101	88.91
48	1	0.0		108	88.46
49	1	0.0		101	88.91
50	1	0.0		101	88.91
51	1	0.0		101	88.91
52	1	0.0		101	88.91
53	1	0.0		101	88.91
54	1	0.0		101	88.91
55	1	0.0		101	88.91
56	1	0.0		101	88.91
57	1	0.0		101	88.91
58	1	9.334889E-4		101	88.91
59	1	0.037651025		108	88.46


Run no: 25
0	1	2000.0		3927	83.72
1	1	1000.0		73	100.38
2	1	1000.0		73	100.38
3	1	1.2379925		3473	84.12
4	1	1.1472002		120	88.08
5	1	0.46623954		78	92.16
6	1	0.46338534		74	99.88
7	1	0.14871252		89	91.06
8	1	0.14585835		95	88.63
9	1	0.1230894		3915	83.86
10	1	0.06758323		89	91.06
11	1	0.06602641		78	92.16
12	1	0.033013206		95	88.63
13	1	0.030012004		73	100.38
14	1	0.030012004		74	99.88
15	1	0.015606242		3915	83.86
16	1	0.01151701		3927	83.72
17	1	0.006486767		95	88.63
18	1	0.0031136482		3915	83.86
19	1	0.0015568241		95	88.63
20	1	0.0010378828		78	92.16
21	1	0.0010378828		74	99.88
22	1	2.594707E-4		74	99.88
23	1	2.594707E-4		73	100.38
24	1	0.0		89	91.06
25	1	0.0		95	88.63
26	1	0.0		89	91.06
27	1	0.0		78	92.16
28	1	0.0		95	88.63
29	1	0.0		74	99.88
30	1	0.0		73	100.38
31	1	0.0		3915	83.86
32	1	0.0		78	92.16
33	1	0.0		95	88.63
34	1	0.0		78	92.16
35	1	0.0		73	100.38
36	1	0.0		74	99.88
37	1	0.0		78	92.16
38	1	0.0		95	88.63
39	1	0.0		78	92.16
40	1	0.0		73	100.38
41	1	0.0		73	100.38
42	1	0.0		73	100.38
43	1	0.0		78	92.16
44	1	0.0		73	100.38
45	1	0.0		74	99.88
46	1	0.0		73	100.38
47	1	0.0		73	100.38
48	1	0.0		73	100.38
49	1	0.0		73	100.38
50	1	0.0		73	100.38
51	1	0.0		73	100.38
52	1	0.0		73	100.38
53	1	0.0		73	100.38
54	1	0.0		73	100.38
55	1	0.0		73	100.38
56	1	0.0		73	100.38
57	1	0.0		73	100.38
58	1	0.0		73	100.38
59	1	0.0		73	100.38


Run no: 26
0	1	2000.0		111	83.06
1	1	1000.0		62	98.57
2	1	0.032237265		62	98.57
3	1	0.18367347		79	95.53
4	1	0.0		88	87.11
5	1	0.2599771		103	84.56
6	1	0.2599771		111	83.06
7	1	0.231832		74	98.01
8	1	0.5428756		88	87.11
9	1	0.14672562		67	98.07
10	1	0.13427809		67	98.07
11	1	0.0		62	98.57
12	1	0.0		76	96.63
13	1	0.0		77	96.59
14	1	0.040816326		99	85.36
15	1	0.08163265		103	84.56
16	1	0.0		91	86.86
17	1	0.10658035		95	86.63
18	1	0.06122449		88	87.11
19	1	0.0		79	95.53
20	1	0.014829143		95	86.63
21	1	0.0		97	85.61
22	1	0.016118633		91	86.86
23	1	0.0		99	85.36
24	1	0.0		103	84.56
25	1	0.044684798		74	98.01
26	1	0.5428756		79	95.53
27	1	0.0		95	86.63
28	1	0.088974856		76	96.63
29	1	0.043395307		77	96.59
30	1	0.051579624		99	85.36
31	1	0.016118633		97	85.61
32	1	0.040816326		97	85.61
33	1	0.0		62	98.57
34	1	0.020408163		76	96.63
35	1	0.014829143		91	86.86
36	1	0.0		99	85.36
37	1	0.065764025		97	85.61
38	1	0.08163265		95	86.63
39	1	0.06122449		91	86.86
40	1	0.043395307		76	96.63
41	1	0.068343006		77	96.59
42	1	0.1997921		88	87.11
43	1	0.0		103	84.56
44	1	0.068343006		79	95.53
45	1	0.0		88	87.11
46	1	0.0		62	98.57
47	1	0.0		97	85.61
48	1	0.051579624		103	84.56
49	1	0.020408163		77	96.59
50	1	0.08163265		91	86.86
51	1	0.040816326		97	85.61
52	1	0.040816326		79	95.53
53	1	0.08163265		99	85.36
54	1	0.0		62	98.57
55	1	0.0		77	96.59
56	1	0.0		76	96.63
57	1	0.0		91	86.86
58	1	0.016118633		99	85.36
59	1	1000.10205		62	98.57


Run no: 27
0	1	2000.0		3317	86.27
1	1	1000.0		70	96.07
2	1	0.0		70	96.07
3	1	0.95007825		3265	86.74
4	1	0.0		306	88.01
5	1	0.4489796		72	91.67
6	1	0.12755102		134	89.9
7	1	0.01909455		72	91.67
8	1	0.0		306	88.01
9	1	0.0		165	88.65
10	1	0.19015951		134	89.9
11	1	0.066241056		221	88.29
12	1	0.0132429935		3265	86.74
13	1	0.0132429935		3308	86.36
14	1	0.0		165	88.65
15	1	0.006563987		169	88.31
16	1	0.0		306	88.01
17	1	0.02617801		306	88.01
18	1	0.01909455		134	89.9
19	1	0.18122819		72	91.67
20	1	0.0180556		187	88.3
21	1	0.0012319064		3308	86.36
22	1	0.0		165	88.65
23	1	0.0		134	89.9
24	1	0.035925783		169	88.31
25	1	0.0026567695		3314	86.29
26	1	0.0		3312	86.34
27	1	0.0		3308	86.36
28	1	0.0		3312	86.34
29	1	0.0		3314	86.29
30	1	0.0		169	88.31
31	1	0.0051020407		3312	86.34
32	1	0.0		165	88.65
33	1	0.0		3314	86.29
34	1	0.0		70	96.07
35	1	0.0060259704		3314	86.29
36	1	0.0		70	96.07
37	1	0.0		134	89.9
38	1	0.009547275		165	88.65
39	1	0.0020408162		3308	86.36
40	1	0.03469388		165	88.65
41	1	0.12959184		306	88.01
42	1	0.0		3308	86.36
43	1	0.0		3308	86.36
44	1	6.159532E-4		3312	86.34
45	1	0.0		3308	86.36
46	1	1000.0		70	96.07
47	1	0.0		70	96.07
48	1	0.0		134	89.9
49	1	0.12755102		165	88.65
50	1	0.0		3312	86.34
51	1	0.0		306	88.01
52	1	0.12959184		3265	86.74
53	1	0.44959554		70	96.07
54	1	0.0032727227		3312	86.34
55	1	0.0		165	88.65
56	1	0.0012319064		165	88.65
57	1	0.0		3308	86.36
58	1	0.03877551		3308	86.36
59	1	0.9398742		306	88.01


Run no: 28
0	1	2000.0		4614	82.83
1	1	1000.0		76	96.01
2	1	0.027314112		76	96.01
3	1	1.0235047		3775	86.14
4	1	0.83318746		270	86.87
5	1	0.004675072		111	87.35
6	1	0.0		110	91.95
7	1	0.24027015		3775	86.14
8	1	0.0030349013		97	93.61
9	1	0.098634295		95	94.91
10	1	6.610842E-4		100	93.57
11	1	0.0		103	92.66
12	1	0.0		110	91.95
13	1	0.054530583		103	92.66
14	1	0.0		95	94.91
15	1	0.0		89	95.41
16	1	0.061347406		115	87.3
17	1	0.0045523522		266	86.93
18	1	0.03327457		266	86.93
19	1	0.0		115	87.3
20	1	0.0		76	96.01
21	1	0.027314112		85	95.65
22	1	0.019090854		85	95.65
23	1	0.019531576		89	95.41
24	1	0.0		115	87.3
25	1	0.0		266	86.93
26	1	2.203614E-4		111	87.35
27	1	6.610842E-4		97	93.61
28	1	6.610842E-4		100	93.57
29	1	0.0019832526		85	95.65
30	1	0.0		76	96.01
31	1	0.06904401		103	92.66
32	1	0.3505562		110	91.95
33	1	4.407228E-4		95	94.91
34	1	8.814456E-4		89	95.41
35	1	0.0		89	95.41
36	1	0.0		85	95.65
37	1	0.0		111	87.35
38	1	0.0015425298		103	92.66
39	1	0.0		100	93.57
40	1	0.09907502		97	93.61
41	1	0.0013221684		95	94.91
42	1	2.203614E-4		110	91.95
43	1	0.34901366		111	87.35
44	1	0.06904401		100	93.57
45	1	0.0		110	91.95
46	1	0.037936267		95	94.91
47	1	0.037936267		89	95.41
48	1	0.0		266	86.93
49	1	0.028954282		266	86.93
50	1	8.814456E-4		115	87.3
51	1	0.0		89	95.41
52	1	0.0		111	87.35
53	1	0.0037936268		115	87.3
54	1	0.0		100	93.57
55	1	0.0		97	93.61
56	1	0.0538695		110	91.95
57	1	0.0		97	93.61
58	1	0.0030349013		100	93.57
59	1	1000.00195		76	96.01


Run no: 29
0	1	2000.0		3539	80.53
1	1	1000.3353		75	97.08
2	1	1000.0		75	97.08
3	1	0.10689352		3098	82.09
4	1	0.117744185		133	84.12
5	1	0.06042296		81	91.53
6	1	0.0		75	97.08
7	1	0.21860187		3462	82.06
8	1	0.9786055		133	84.12
9	1	0.11601208		127	86.04
10	1	0.9786055		3098	82.09
11	1	0.028633751		100	89.02
12	1	0.0039140615		102	87.43
13	1	0.0018126888		3535	80.56
14	1	0.0017321017		81	91.53
15	1	0.016260475		85	90.53
16	1	0.018704256		90	89.77
17	1	0.03081571		88	90.28
18	1	0.09664988		100	89.02
19	1	0.028633751		95	89.47
20	1	0.0		111	86.68
21	1	0.002705602		110	87.09
22	1	0.0011547344		3535	80.56
23	1	0.001443418		95	89.47
24	1	0.03225913		90	89.77
25	1	0.0		85	90.53
26	1	0.015944928		117	86.38
27	1	0.015656246		115	86.62
28	1	0.015656246		107	87.13
29	1	0.015971791		88	90.28
30	1	0.014790194		103	87.37
31	1	0.013897281		123	86.27
32	1	0.015629383		127	86.04
33	1	0.004780112		103	87.37
34	1	0.0056730253		122	86.34
35	1	0.004518291		123	86.27
36	1	0.09664988		102	87.43
37	1	0.004780112		111	86.68
38	1	0.0		115	86.62
39	1	0.0029942857		117	86.38
40	1	0.0024169185		107	87.13
41	1	0.025639465		110	87.09
42	1	0.0		122	86.34
43	1	0.021073904		3535	80.56
44	1	0.0011547344		127	86.04
45	1	0.0017321017		75	97.08
46	1	0.018126888		95	89.47
47	1	0.002705602		122	86.34
48	1	0.0		100	89.02
49	1	0.0		127	86.04
50	1	0.33650216		81	91.53
51	1	0.025062097		111	86.68
52	1	0.0011547344		123	86.27
53	1	0.09063444		3535	80.56
54	1	0.0		110	87.09
55	1	8.6605083E-4		107	87.13
56	1	0.061289012		85	90.53
57	1	0.0		90	89.77
58	1	5.773672E-4		88	90.28
59	1	0.004202745		115	86.62

