
Run no: 0
94.08	
93.66	
93.66	
93.66	
91.09	
90.81	
90.81	
90.81	
89.88	
89.88	
84.24	
84.24	
84.24	
84.24	
84.24	
84.13	
84.13	
84.12	
84.12	
82.68	
82.28	
82.28	
82.28	
82.28	
82.28	
82.28	
82.28	
82.28	
82.28	
82.28	
82.28	

Run no: 1
91.9	
91.9	
90.31	
88.93	
88.93	
88.93	
88.93	
88.93	
88.93	
88.77	
88.77	
87.51	
87.51	
87.51	
86.95	
86.95	
86.95	
86.28	
86.01	
84.84	
83.1	
83.1	
83.1	
82.45	
82.44	
81.37	
81.37	
81.37	
81.37	
81.37	
81.37	

Run no: 2
95.43	
95.43	
89.32	
89.32	
89.32	
89.32	
89.32	
89.32	
86.54	
86.54	
85.43	
85.43	
85.43	
85.43	
85.43	
84.49	
84.49	
84.49	
84.49	
84.49	
84.49	
84.08	
84.08	
84.08	
84.04	
84.04	
84.04	
84.04	
84.04	
82.09	
82.09	

Run no: 3
93.99	
93.99	
93.99	
92.19	
89.29	
84.05	
84.05	
84.05	
84.05	
84.05	
84.05	
84.05	
78.59	
78.59	
78.59	
78.59	
78.59	
78.59	
78.2	
78.2	
78.2	
78.2	
78.2	
78.2	
78.2	
77.64	
77.64	
77.64	
77.39	
77.39	
77.39	

Run no: 4
94.17	
93.24	
93.24	
88.62	
88.62	
88.62	
88.62	
88.62	
82.55	
82.55	
82.55	
82.53	
82.53	
82.53	
82.49	
81.35	
81.35	
81.35	
81.33	
81.23	
81.23	
81.23	
81.23	
80.04	
80.04	
80.04	
80.04	
80.04	
80.04	
79.94	
79.94	

Run no: 5
92.82	
87.85	
87.85	
87.85	
85.81	
85.81	
85.81	
85.46	
85.46	
83.79	
83.79	
83.79	
83.69	
83.69	
83.69	
83.69	
83.69	
83.69	
83.62	
83.62	
83.62	
82.17	
82.17	
77.54	
77.54	
77.54	
77.54	
77.48	
77.48	
77.48	
77.48	

Run no: 6
94.75	
94.75	
93.23	
89.22	
89.22	
87.13	
87.13	
85.43	
84.9	
84.9	
84.9	
84.9	
84.9	
84.9	
84.9	
82.97	
82.97	
82.97	
82.97	
82.97	
82.97	
82.97	
82.52	
82.52	
82.52	
82.52	
82.52	
82.39	
82.39	
82.39	
81.23	

Run no: 7
92.77	
92.66	
89.87	
88.77	
88.77	
88.77	
88.77	
88.77	
88.77	
88.75	
88.75	
88.55	
88.55	
88.55	
88.55	
88.55	
88.55	
88.47	
88.47	
88.47	
88.47	
83.23	
83.23	
82.56	
82.56	
82.56	
82.56	
82.56	
82.41	
82.41	
82.41	

Run no: 8
96.97	
96.97	
96.97	
96.85	
94.4	
94.4	
91.38	
91.34	
91.34	
88.48	
88.48	
88.48	
88.48	
88.48	
88.12	
88.12	
88.12	
86.19	
82.44	
82.44	
82.44	
82.44	
81.69	
81.69	
81.69	
81.69	
81.69	
76.62	
76.62	
76.62	
76.62	

Run no: 9
95.88	
95.88	
95.13	
95.13	
95.13	
84.49	
84.49	
84.43	
84.43	
84.43	
84.43	
84.43	
82.93	
82.93	
82.93	
82.93	
82.93	
82.93	
82.93	
82.93	
82.93	
82.93	
82.93	
82.93	
82.49	
82.49	
82.49	
82.49	
82.49	
82.19	
82.19	

Run no: 10
93.33	
91.32	
91.32	
91.32	
91.32	
91.32	
91.09	
86.75	
85.9	
85.9	
85.9	
85.9	
85.85	
85.85	
85.85	
85.85	
85.82	
84.33	
84.33	
84.33	
84.33	
84.18	
84.18	
84.18	
84.18	
84.18	
83.68	
83.68	
83.43	
77.58	
77.58	

Run no: 11
95.77	
95.77	
94.5	
94.5	
88.34	
88.31	
88.31	
88.31	
87.67	
87.67	
87.67	
87.15	
87.15	
87.15	
87.15	
87.15	
87.15	
82.75	
82.75	
82.75	
82.75	
82.75	
82.75	
82.75	
82.75	
82.75	
82.75	
82.75	
82.75	
82.75	
82.75	

Run no: 12
93.65	
93.65	
93.65	
93.65	
93.65	
87.91	
87.91	
87.91	
87.91	
87.91	
87.91	
87.91	
87.91	
87.21	
86.71	
86.57	
86.57	
86.57	
86.57	
86.38	
86.38	
85.44	
85.44	
85.44	
85.44	
85.44	
85.44	
85.44	
85.44	
84.61	
84.61	

Run no: 13
93.62	
93.62	
91.56	
91.56	
82.91	
82.91	
82.91	
82.91	
82.91	
82.91	
82.91	
82.91	
82.91	
82.91	
82.91	
82.02	
82.02	
82.02	
82.02	
80.89	
80.89	
80.89	
80.89	
80.89	
80.89	
80.89	
80.89	
80.14	
80.14	
80.14	
79.84	

Run no: 14
88.34	
88.34	
88.34	
88.34	
88.34	
88.34	
87.66	
86.6	
86.6	
86.6	
86.6	
86.4	
86.4	
86.4	
86.4	
85.77	
85.77	
82.1	
82.1	
82.1	
82.1	
82.1	
82.09	
82.09	
82.09	
81.03	
81.03	
81.03	
81.03	
81.03	
81.03	

Run no: 15
92.88	
86.73	
86.73	
86.73	
80.73	
80.73	
80.73	
80.12	
80.12	
80.12	
79.63	
79.63	
79.63	
79.63	
79.63	
79.63	
79.63	
79.43	
79.43	
78.77	
78.77	
78.77	
78.77	
78.77	
78.77	
78.77	
78.76	
77.29	
77.29	
77.29	
77.29	

Run no: 16
94.5	
94.5	
93.65	
93.65	
93.65	
90.9	
90.9	
90.9	
90.23	
88.27	
88.27	
88.27	
88.27	
88.27	
88.27	
88.22	
82.02	
82.02	
81.37	
81.37	
81.37	
81.19	
81.19	
81.19	
81.19	
81.19	
81.19	
81.16	
81.16	
81.16	
79.21	

Run no: 17
93.52	
92.98	
92.98	
92.88	
92.3	
92.09	
92.09	
92.09	
89.73	
89.73	
84.49	
84.49	
84.49	
82.16	
82.16	
82.11	
82.11	
82.11	
82.11	
82.11	
82.11	
82.11	
82.11	
81.7	
81.7	
81.7	
81.7	
80.65	
80.65	
80.65	
80.65	

Run no: 18
94.74	
94.74	
90.31	
90.31	
90.31	
83.6	
83.6	
83.6	
83.6	
83.6	
83.6	
83.6	
83.6	
83.6	
83.6	
83.6	
83.43	
83.43	
82.49	
82.49	
81.18	
81.18	
81.18	
81.18	
81.1	
81.1	
80.71	
78.81	
78.81	
78.77	
78.77	

Run no: 19
92.8	
92.8	
92.8	
92.8	
88.18	
88.18	
88.18	
86.51	
86.51	
82.71	
82.71	
82.71	
80.45	
80.45	
80.45	
80.45	
80.45	
80.45	
80.45	
80.45	
80.45	
80.45	
79.88	
79.88	
79.88	
79.88	
79.7	
79.7	
79.55	
79.55	
79.55	

Run no: 20
94.72	
89.17	
89.17	
88.95	
88.95	
88.95	
87.66	
87.66	
85.64	
85.64	
85.64	
83.93	
83.93	
83.93	
82.59	
82.58	
82.58	
82.58	
82.58	
82.58	
82.33	
82.33	
82.19	
80.49	
80.49	
80.49	
80.49	
80.49	
80.49	
80.49	
80.49	

Run no: 21
91.65	
90.37	
84.99	
84.99	
84.5	
84.5	
84.5	
84.5	
83.72	
83.34	
83.34	
83.34	
83.34	
83.34	
83.34	
83.34	
83.34	
79.82	
79.82	
79.82	
79.75	
79.61	
74.93	
74.93	
74.93	
74.93	
74.93	
74.93	
74.93	
74.76	
74.76	

Run no: 22
94.44	
94.44	
89.6	
87.67	
87.67	
87.67	
87.62	
87.34	
87.34	
87.34	
86.44	
86.44	
86.44	
83.63	
83.63	
83.63	
83.63	
83.63	
83.63	
83.63	
83.63	
83.63	
83.63	
83.63	
82.89	
82.89	
82.86	
82.86	
82.86	
82.86	
82.86	

Run no: 23
92.12	
92.12	
92.12	
92.12	
91.66	
91.02	
87.65	
80.51	
80.44	
80.4	
80.4	
80.4	
80.37	
80.02	
79.94	
79.94	
79.43	
79.43	
79.43	
79.43	
79.43	
79.43	
79.43	
77.94	
77.94	
77.81	
77.81	
77.79	
77.79	
77.79	
77.79	

Run no: 24
91.63	
89.09	
89.09	
89.09	
89.09	
89.09	
86.1	
86.1	
86.1	
85.88	
85.82	
85.82	
85.82	
85.82	
85.82	
85.78	
85.78	
82.16	
82.16	
82.16	
81.06	
81.03	
81.03	
81.03	
81.03	
81.03	
81.0	
80.84	
80.57	
80.2	
80.2	

Run no: 25
94.91	
94.91	
94.91	
93.84	
93.84	
93.82	
93.45	
92.61	
92.61	
92.61	
90.99	
90.99	
90.99	
90.77	
89.16	
89.16	
89.16	
89.16	
89.16	
84.46	
84.46	
84.46	
84.46	
84.46	
83.86	
83.86	
83.86	
83.86	
83.72	
83.72	
83.72	

Run no: 26
93.17	
92.16	
92.16	
87.11	
87.11	
87.11	
87.11	
87.11	
86.88	
85.84	
85.84	
85.84	
85.84	
85.84	
85.45	
85.45	
85.45	
85.45	
85.45	
85.36	
85.36	
85.36	
85.36	
85.36	
85.36	
84.56	
84.16	
84.16	
84.16	
83.06	
83.06	

Run no: 27
92.95	
92.95	
92.48	
89.78	
89.78	
86.73	
86.73	
86.73	
86.73	
86.73	
86.73	
86.73	
86.73	
86.68	
86.68	
86.68	
86.68	
86.68	
86.68	
86.68	
86.68	
86.36	
86.36	
86.36	
86.36	
86.36	
86.36	
86.29	
86.29	
86.29	
86.27	

Run no: 28
96.62	
96.62	
96.62	
96.62	
88.68	
88.68	
88.68	
87.75	
87.75	
87.75	
87.75	
87.75	
87.75	
87.35	
87.35	
87.35	
87.35	
87.35	
87.35	
87.35	
87.35	
87.35	
87.35	
86.25	
86.25	
86.25	
86.25	
86.25	
86.14	
82.83	
82.83	

Run no: 29
95.3	
95.3	
90.26	
90.26	
90.26	
89.96	
89.96	
89.77	
89.77	
89.77	
87.43	
87.43	
87.43	
87.27	
86.68	
86.38	
86.33	
86.33	
81.78	
81.78	
81.78	
81.01	
81.01	
81.01	
80.56	
80.56	
80.56	
80.56	
80.56	
80.53	
80.53	
