
Run no: 0
0	1	2000.0		2977	78.57
1	1	1000.0		69	88.89
2	1	1000.0		69	88.89
3	1	1.0676829		575	80.05
4	1	0.2284116		326	86.01
5	1	0.22746393		536	82.33
6	1	0.0		531	84.54
7	1	0.0		531	84.54
8	1	0.0		531	84.54
9	1	0.053263918		550	82.26
10	1	0.20126915		75	88.79
11	1	0.007814582		550	82.26
12	1	0.0		73	88.83
13	1	0.0		69	88.89
14	1	6.877579E-4		73	88.83
15	1	0.0		69	88.89
16	1	0.0		73	88.83
17	1	0.0058139535		69	88.89
18	1	0.21293704		531	84.54
19	1	0.0071894694		73	88.83
20	1	0.003875969		73	88.83
21	1	0.0		69	88.89
22	1	0.0		69	88.89
23	1	0.0		69	88.89
24	1	0.0		69	88.89
25	1	0.0		69	88.89
26	1	0.0		69	88.89
27	1	0.35569346		76	86.72
28	1	0.21414728		531	84.54
29	1	0.0		69	88.89
30	1	0.07498827		555	81.27
31	1	0.13929364		326	86.01
32	1	0.0017193948		531	84.54
33	1	0.0		73	88.83
34	1	0.9694081		2977	78.57
35	1	0.0		73	88.83
36	1	0.0		69	88.89
37	1	0.0		69	88.89
38	1	0.0		69	88.89
39	1	0.0		69	88.89
40	1	0.0		69	88.89
41	1	0.0		73	88.83
42	1	0.0		69	88.89
43	1	0.0		69	88.89
44	1	0.09764963		553	81.76
45	1	0.12509464		571	81.05
46	1	0.0013755158		69	88.89
47	1	0.0042198477		75	88.79
48	2	2000.0		620	80.07
49	2	2000.0		77	88.71
50	2	0.0		77	88.71
51	2	1.4560376		545	84.47
52	2	0.43288317		134	87.51
53	2	0.036723707		562	81.74
54	2	0.16736367		90	88.17
55	2	0.117109165		572	81.05
56	2	0.0		572	81.05
57	2	0.0		134	87.51
58	2	0.833295		134	87.51
59	2	0.036723707		570	81.55
60	2	0.0		572	81.05
61	2	0.0538738		78	88.39
62	2	0.038878657		77	88.71
63	2	0.3472798		562	81.74
64	2	0.0036832413		570	81.55
65	2	0.0		562	81.74
66	2	0.0		89	88.24
67	2	0.009208103		83	88.34
68	2	0.011574074		83	88.34
69	2	0.0		83	88.34
70	2	0.022623798		89	88.24
71	2	0.01683676		83	88.34
72	2	0.0		572	81.05
73	2	0.05787037		570	81.55
74	2	0.009943472		89	88.24
75	2	0.0		572	81.05
76	2	0.0		572	81.05
77	2	0.0		572	81.05
78	2	0.0		572	81.05
79	2	0.14626816		572	81.05


Run no: 1
0	1	2000.0		56	98.12
1	1	2000.0		5072	78.49
2	1	0.66051984		133	82.54
3	1	0.5736743		2953	82.45
4	1	0.38215142		3380	78.81
5	1	0.26831186		72	93.76
6	1	0.2659195		76	88.54
7	1	0.2252988		60	97.67
8	1	0.19998237		72	93.76
9	1	0.1715063		2968	82.25
10	1	0.12412983		3307	80.21
11	1	0.10472002		3307	80.21
12	1	0.0983189		131	84.47
13	1	0.08587284		3311	79.1
14	1	0.0753948		93	86.04
15	1	0.0753948		87	87.52
16	1	0.026268667		108	85.29
17	1	0.026268667		97	85.54
18	1	0.025471218		93	86.04
19	1	0.023522181		111	84.84
20	1	0.023123458		79	88.09
21	1	0.022924095		56	98.12
22	1	0.022924095		76	88.54
23	1	0.022924095		80	88.04
24	1	0.022924095		83	87.59
25	1	0.022835942		125	84.54
26	1	0.0180738		111	84.84
27	1	0.014928591		107	85.34
28	1	0.012182107		97	85.54
29	1	0.006888502		2962	82.35
30	1	0.006290416		2962	82.35
31	1	0.0050942437		2968	82.25
32	1	0.004584819		133	82.54
33	1	0.0043634186		87	87.52
34	1	0.0039646947		131	84.47
35	1	0.0035659703		83	87.59
36	1	0.003145208		79	88.09
37	1	0.0025471218		80	88.04
38	1	0.0011961722		131	84.47
39	1	0.0011961722		2968	82.25
40	1	0.0011961722		87	87.52
41	1	0.0011961722		93	86.04
42	1	7.9744816E-4		83	87.59
43	1	7.9744816E-4		76	88.54
44	1	7.9744816E-4		56	98.12
45	1	7.9744816E-4		93	86.04
46	1	5.980861E-4		83	87.59
47	1	5.980861E-4		76	88.54
48	1	5.980861E-4		80	88.04
49	1	3.9872408E-4		133	82.54
50	1	1.9936204E-4		80	88.04
51	1	0.0		76	88.54
52	1	0.0		72	93.76
53	1	0.0		87	87.52
54	1	0.0		93	86.04
55	1	0.0		83	87.59
56	1	0.0		87	87.52
57	1	0.0		72	93.76
58	1	0.0		79	88.09
59	1	0.0		93	86.04
60	1	0.0		72	93.76
61	1	0.0		80	88.04
62	1	0.0		79	88.09
63	1	0.0		79	88.09
64	1	0.0		76	88.54
65	1	0.0		72	93.76
66	1	0.0		72	93.76
67	1	0.0		131	84.47
68	1	0.0		93	86.04
69	1	0.0		83	87.59
70	1	0.0		80	88.04
71	1	0.0		93	86.04
72	1	0.0		83	87.59
73	1	0.0		72	93.76
74	1	0.0		80	88.04
75	1	0.0		80	88.04
76	1	0.0		76	88.54
77	1	0.0		80	88.04
78	1	0.0		83	87.59
79	1	0.0		79	88.09


Run no: 2
0	1	1000.0469		4206	72.93
1	1	1000.01526		4206	72.93
2	1	1000.0		71	96.82
3	1	1000.0		71	96.82
4	1	0.76059216		4143	74.05
5	1	0.70919985		2932	83.74
6	1	0.56033856		607	84.23
7	1	0.56033856		2924	83.95
8	1	0.2563694		75	90.73
9	1	0.25491837		71	96.82
10	1	0.16745654		423	85.55
11	1	0.12808706		87	88.78
12	1	0.12808706		99	85.72
13	1	0.07994977		81	90.69
14	1	0.07994977		87	88.78
15	1	0.0783555		99	85.72
16	1	0.04353286		582	84.51
17	1	0.04096375		582	84.51
18	1	0.011720385		607	84.23
19	1	0.011720385		2924	83.95
20	1	0.010743517		607	84.23
21	1	0.010743517		592	84.4
22	1	0.010018004		99	85.72
23	1	0.008790289		2924	83.95
24	1	0.0030602778		592	84.4
25	1	0.0029020556		87	88.78
26	1	0.002511511		588	84.45
27	1	0.0020929258		588	84.45
28	1	0.0019347038		2924	83.95
29	1	0.0016743407		75	90.73
30	1	0.0016743407		81	90.69
31	1	0.0014510278		87	88.78
32	1	0.0014510278		582	84.51
33	1	0.0014510278		588	84.45
34	1	0.0014510278		81	90.69
35	1	0.0014510278		81	90.69
36	1	9.673519E-4		588	84.45
37	1	9.673519E-4		75	90.73
38	1	9.673519E-4		71	96.82
39	1	0.0		75	90.73
40	1	0.0		81	90.69
41	1	0.0		2924	83.95
42	1	0.0		99	85.72
43	1	0.0		81	90.69
44	1	0.0		87	88.78
45	1	0.0		99	85.72
46	1	0.0		582	84.51
47	1	0.0		588	84.45
48	1	0.0		2924	83.95
49	1	0.0		75	90.73
50	1	0.0		71	96.82
51	1	0.0		81	90.69
52	1	0.0		81	90.69
53	1	0.0		87	88.78
54	1	0.0		75	90.73
55	1	0.0		71	96.82
56	1	0.0		71	96.82
57	1	0.0		71	96.82
58	1	0.0		75	90.73
59	1	0.0		81	90.69
60	1	0.0		81	90.69
61	1	0.0		81	90.69
62	1	0.0		71	96.82
63	1	0.0		71	96.82
64	1	0.0		71	96.82
65	1	0.0		71	96.82
66	1	0.0		71	96.82
67	1	0.0		71	96.82
68	1	0.0		71	96.82
69	1	0.0		71	96.82
70	1	0.0		71	96.82
71	1	0.0		71	96.82
72	1	0.0		71	96.82
73	1	0.0		71	96.82
74	1	0.0		71	96.82
75	1	0.0		71	96.82
76	1	0.0		71	96.82
77	1	0.0		71	96.82
78	1	0.0		71	96.82
79	1	0.0		71	96.82


Run no: 3
0	1	2000.0		4290	78.85
1	1	2000.0		72	97.06
2	1	0.01703572		72	97.06
3	1	1.0378933		394	79.89
4	1	0.15543333		109	91.41
5	1	0.0021337126		121	87.65
6	1	0.20932491		109	91.41
7	1	0.0		95	94.18
8	1	0.14683092		279	81.42
9	1	0.111283876		343	80.71
10	1	0.016087405		82	96.5
11	1	0.092257		88	94.82
12	1	0.090060405		268	83.06
13	1	0.08401977		149	86.95
14	1	0.05492465		223	84.42
15	1	0.0		162	85.42
16	1	0.0		268	83.06
17	1	0.06364814		172	85.2
18	1	0.0853528		223	84.42
19	1	0.041846626		136	87.55
20	1	0.0		149	86.95
21	1	0.0		95	94.18
22	1	7.1123755E-4		91	94.55
23	1	0.01703572		79	96.78
24	1	0.016087405		79	96.78
25	1	0.0014224751		88	94.82
26	1	0.0		82	96.5
27	1	9.4831677E-4		91	94.55
28	1	0.010668564		268	83.06
29	1	0.009047676		130	87.63
30	1	2.3707919E-4		163	85.32
31	1	0.007625201		163	85.32
32	1	0.0057285675		162	85.42
33	1	0.023637615		95	94.18
34	1	0.0		162	85.42
35	1	0.0030820293		149	86.95
36	1	0.20932491		121	87.65
37	1	0.0		121	87.65
38	1	0.0		82	96.5
39	1	0.0		88	94.82
40	1	0.0		121	87.65
41	1	0.092257		82	96.5
42	1	0.014827018		91	94.55
43	1	0.0		163	85.32
44	1	0.08401977		162	85.42
45	1	7.1123755E-4		88	94.82
46	1	0.0		82	96.5
47	1	0.0		268	83.06
48	1	0.0		163	85.32
49	1	0.0		268	83.06
50	1	0.0030820293		149	86.95
51	1	0.020318506		91	94.55
52	1	0.014827018		88	94.82
53	1	0.0		91	94.55
54	1	0.0065897857		163	85.32
55	1	0.0		268	83.06
56	1	0.0		121	87.65
57	1	9.4831677E-4		95	94.18
58	1	0.0		121	87.65
59	1	0.03294893		149	86.95
60	1	0.0		88	94.82
61	1	0.0		162	85.42
62	1	0.0010982977		121	87.65
63	1	0.0		82	96.5
64	1	0.0		149	86.95
65	1	0.0030820293		162	85.42
66	1	0.0		268	83.06
67	1	0.0		268	83.06
68	1	0.0		149	86.95
69	1	0.15211423		95	94.18
70	1	0.0		91	94.55
71	1	0.0		121	87.65
72	1	0.0		121	87.65
73	1	0.0		88	94.82
74	1	0.0		91	94.55
75	1	0.0		88	94.82
76	1	0.0		82	96.5
77	1	0.0		121	87.65
78	1	0.0014224751		82	96.5
79	1	0.07729211		268	83.06


Run no: 4
0	1	1000.0		4015	81.7
1	1	1000.0		74	97.55
2	1	1000.0		74	97.55
3	1	0.0		4015	81.7
4	1	1.1708472		3120	83.69
5	1	0.06940063		169	84.79
6	1	0.011356466		97	92.04
7	1	0.0		111	88.43
8	1	0.22709972		4015	81.7
9	1	2.537427E-4		75	94.95
10	1	0.0		74	97.55
11	1	1000.12555		4015	81.7
12	1	0.009470606		90	94.09
13	1	0.011356466		95	92.22
14	1	0.016403785		129	86.6
15	1	0.09842271		123	88.16
16	1	0.023762325		136	86.34
17	1	0.102626674		165	84.83
18	1	0.0		169	84.79
19	1	0.0		81	94.22
20	1	0.028391168		78	94.67
21	1	0.0		136	86.34
22	1	0.0		129	86.6
23	1	0.16403785		75	94.95
24	1	7.612281E-4		78	94.67
25	1	0.0010149708		114	88.21
26	1	0.013880126		111	88.43
27	1	0.22826774		97	92.04
28	1	0.0		95	92.22
29	1	0.12026475		90	94.09
30	1	0.0		81	94.22
31	1	0.0		165	84.83
32	1	0.0		111	88.43
33	1	0.003552398		97	92.04
34	1	0.0025236593		118	88.17
35	1	0.0		165	84.83
36	1	0.0		114	88.21
37	1	0.030674852		81	94.22
38	1	0.0016458856		118	88.17
39	1	0.0015224562		129	86.6
40	1	0.0		123	88.16
41	1	0.0015224562		123	88.16
42	1	0.0		95	92.22
43	1	0.0010149708		169	84.79
44	1	0.0035386302		165	84.83
45	1	0.013880126		114	88.21
46	1	0.0025236593		114	88.21
47	1	0.0		81	94.22
48	1	0.018426843		75	94.95
49	1	0.0		78	94.67
50	1	7.612281E-4		78	94.67
51	1	0.0		111	88.43
52	1	0.0		123	88.16
53	1	0.11848856		95	92.22
54	1	0.16403785		74	97.55
55	1	0.74879473		169	84.79
56	1	0.003552398		111	88.43
57	1	0.0		74	97.55
58	1	0.0		95	92.22
59	1	0.0018996283		123	88.16
60	1	0.09704434		136	86.34
61	1	0.0		78	94.67
62	1	0.0		129	86.6
63	1	0.017665615		78	94.67
64	1	7.612281E-4		111	88.43
65	1	0.0012687135		95	92.22
66	1	0.008963121		81	94.22
67	1	0.22776026		111	88.43
68	1	0.0012687135		118	88.17
69	1	0.0		169	84.79
70	1	0.0025236593		169	84.79
71	1	0.0		111	88.43
72	1	7.612281E-4		114	88.21
73	1	0.0		75	94.95
74	1	0.0		78	94.67
75	1	0.0		78	94.67
76	1	0.0		118	88.17
77	1	0.0		123	88.16
78	1	2.537427E-4		74	97.55
79	1	0.10019891		129	86.6


Run no: 5
0	1	2000.0		4605	80.72
1	1	1000.0546		69	97.38
2	1	1000.0004		69	97.38
3	1	0.98155373		890	83.46
4	1	0.7687112		4140	81.66
5	1	0.30472004		114	89.57
6	1	0.21952856		71	96.47
7	1	0.21908763		73	92.82
8	1	0.17947179		4140	81.66
9	1	0.16626836		627	85.11
10	1	0.15603279		4464	80.79
11	1	0.15048797		573	87.14
12	1	0.13060224		573	87.14
13	1	0.061065167		74	92.67
14	1	0.06062425		76	91.66
15	1	0.057684183		612	85.63
16	1	0.057684183		609	86.58
17	1	0.05462185		71	96.47
18	1	0.053482503		92	90.45
19	1	0.047418967		83	91.59
20	1	0.047418967		88	90.8
21	1	0.032718644		594	86.65
22	1	0.032383323		4600	80.75
23	1	0.027255347		615	85.22
24	1	0.02527122		612	85.63
25	1	0.015226461		89	90.55
26	1	0.015006002		88	90.8
27	1	0.00922406		73	92.82
28	1	0.00922406		74	92.67
29	1	0.00883131		594	86.65
30	1	0.007508559		609	86.58
31	1	0.0066637765		89	90.55
32	1	0.006602641		615	85.22
33	1	0.006002401		92	90.45
34	1	0.0053039733		83	91.59
35	1	0.004850088		92	90.45
36	1	0.004201681		76	91.66
37	1	0.0018007202		4600	80.75
38	1	0.0015432099		83	91.59
39	1	0.0015432099		76	91.66
40	1	0.0011022928		88	90.8
41	1	0.0011022928		4600	80.75
42	1	6.6137564E-4		615	85.22
43	1	4.409171E-4		73	92.82
44	1	4.409171E-4		76	91.66
45	1	4.409171E-4		71	96.47
46	1	2.2045855E-4		88	90.8
47	1	0.0		69	97.38
48	1	0.0		71	96.47
49	1	0.0		76	91.66
50	1	0.0		69	97.38
51	1	0.0		92	90.45
52	1	0.0		89	90.55
53	1	0.0		88	90.8
54	1	0.0		4600	80.75
55	1	0.0		4600	80.75
56	1	0.0		83	91.59
57	1	0.0		92	90.45
58	1	0.0		71	96.47
59	1	0.0		73	92.82
60	1	0.0		69	97.38
61	1	0.0		88	90.8
62	1	0.0		73	92.82
63	1	0.0		69	97.38
64	1	0.0		4600	80.75
65	1	0.0		83	91.59
66	1	0.0		4600	80.75
67	1	0.0		83	91.59
68	1	0.0		88	90.8
69	1	0.0		4600	80.75
70	1	0.0		71	96.47
71	1	0.0		88	90.8
72	1	0.0		4600	80.75
73	1	0.0		69	97.38
74	1	0.0		71	96.47
75	1	0.0		76	91.66
76	1	0.0		83	91.59
77	1	0.0		76	91.66
78	1	0.0		83	91.59
79	1	0.0		88	90.8


Run no: 6
0	1	1000.0		2859	79.75
1	1	1000.4282		59	95.0
2	1	1000.0		59	95.0
3	1	1000.0		2859	79.75
4	1	1.2868091		2764	80.6
5	1	0.9223888		196	84.87
6	1	0.002142857		59	95.0
7	1	0.002142857		65	88.47
8	1	0.13471897		94	87.37
9	1	0.012453161		102	85.47
10	1	0.0		2859	79.75
11	1	0.0		2859	79.75
12	1	0.031557377		128	84.95
13	1	0.3042857		196	84.87
14	1	0.029028103		77	87.97
15	1	0.020802109		82	87.76
16	1	0.0		65	88.47
17	1	0.013114754		76	88.17
18	1	0.0		92	87.47
19	1	0.015673302		122	85.15
20	1	0.015257611		126	84.97
21	1	0.017341921		82	87.76
22	1	0.01323185		122	85.15
23	1	0.0		76	88.17
24	1	0.00852459		113	85.34
25	1	0.016387587		113	85.34
26	1	0.0		102	85.47
27	1	0.0		92	87.47
28	1	0.0		113	85.34
29	1	3.5714285E-4		76	88.17
30	1	0.0		65	88.47
31	1	0.0		92	87.47
32	1	0.0		82	87.76
33	1	0.0032142857		113	85.34
34	1	0.1274473		102	85.47
35	1	0.0		65	88.47
36	1	0.019016393		92	87.47
37	1	0.0		76	88.17
38	1	0.0		65	88.47
39	1	0.0		65	88.47
40	1	0.006557377		92	87.47
41	1	0.0		65	88.47
42	1	0.0		65	88.47
43	1	0.0		92	87.47
44	1	0.0		65	88.47
45	1	0.0035714286		92	87.47
46	1	0.0		65	88.47
47	1	0.0		65	88.47
48	1	0.0		76	88.17
49	1	0.0		92	87.47
50	1	0.0		92	87.47
51	1	0.0		92	87.47
52	1	0.0		65	88.47
53	1	0.0		113	85.34
54	1	0.0		65	88.47
55	1	0.019672131		65	88.47
56	1	0.0		92	87.47
57	1	0.0		92	87.47
58	1	0.0		113	85.34
59	1	0.0		92	87.47
60	1	0.0		92	87.47
61	1	7.142857E-4		92	87.47
62	1	0.0		76	88.17
63	1	0.0		65	88.47
64	1	0.0		102	85.47
65	1	0.0		65	88.47
66	1	0.0		92	87.47
67	1	0.0		76	88.17
68	1	0.0		65	88.47
69	1	0.0		65	88.47
70	1	0.08966628		2859	79.75
71	1	0.0039285715		76	88.17
72	1	0.0		65	88.47
73	1	0.0		65	88.47
74	1	0.0		65	88.47
75	1	0.0		65	88.47
76	1	0.0		65	88.47
77	1	0.019672131		76	88.17
78	1	0.0		65	88.47
79	1	0.4321253		65	88.47


Run no: 7
0	1	0.004115226		234	85.78
1	1	1000.0879		61	86.41
2	1	0.0		234	85.78
3	1	0.0		61	86.41
4	1	0.015556459		237	85.73
5	1	0.16619183		284	85.11
6	1	0.18265274		281	85.53
7	1	1000.0288		304	83.68
8	1	0.030660698		281	85.53
9	1	0.20720842		237	85.73
10	1	0.0		234	85.78
11	1	0.0		234	85.78
12	1	0.0		61	86.41
13	1	0.03568037		284	85.11
14	1	0.94270337		216	86.17
15	1	0.085063085		234	85.78
16	1	0.024691358		290	85.08
17	1	0.0		304	83.68
18	1	0.5704337		297	84.81
19	1	0.010989011		290	85.08
20	1	0.0		234	85.78
21	1	0.0		61	86.41
22	1	0.0		234	85.78
23	1	0.0		284	85.11
24	1	0.0989011		290	85.08
25	1	0.0		61	86.41
26	1	0.0		304	83.68
27	1	0.0		234	85.78
28	1	0.030660698		235	85.75
29	1	0.028806584		290	85.08
30	1	1000.41394		304	83.68
31	1	0.25433004		274	85.58
32	1	0.14285715		234	85.78
33	1	0.0		61	86.41
34	1	1000.6379		61	86.41
35	4	1000.0		289	85.11
36	4	1.0		289	85.11
37	4	0.0		289	85.11
38	4	0.0		289	85.11
39	4	0.0		289	85.11
40	4	0.0		289	85.11
41	4	0.0		289	85.11
42	4	0.0		289	85.11
43	4	0.0		289	85.11
44	4	0.0		289	85.11
45	4	0.0		289	85.11
46	4	0.0		289	85.11
47	4	0.0		289	85.11
48	4	0.0		289	85.11
49	4	0.0		289	85.11
50	4	0.0		289	85.11
51	4	0.0		289	85.11
52	4	0.0		289	85.11
53	4	0.0		289	85.11
54	4	0.0		289	85.11
55	4	0.0		289	85.11
56	4	0.0		289	85.11
57	4	0.0		289	85.11
58	4	0.0		289	85.11
59	4	0.0		289	85.11
60	4	0.0		289	85.11
61	4	0.0		289	85.11
62	4	0.0		289	85.11
63	4	0.0		289	85.11
64	4	0.0		289	85.11
65	4	0.0		289	85.11
66	4	0.0		289	85.11
67	4	2000.0		286	85.21
68	4	0.0		289	85.11
69	4	0.0		289	85.11
70	4	0.0		289	85.11
71	4	0.0		289	85.11
72	4	0.0		289	85.11
73	4	1001.0		289	85.11
74	5	2000.0		306	83.68
75	8	1001.0		61	94.51
76	8	0.0		61	94.51
77	8	2000.0		64	86.41
78	8	2.0		64	86.41
79	8	1001.0		61	94.51


Run no: 8
0	1	2000.0		73	101.43
1	1	2000.0		197	78.08
2	1	0.397496		75	93.09
3	1	0.3733025		73	101.43
4	1	0.30554327		156	79.51
5	1	0.20919734		97	87.57
6	1	0.2016129		172	78.29
7	1	0.18934517		121	83.4
8	1	0.13709678		130	82.37
9	1	0.13709678		147	82.12
10	1	0.1366167		106	84.38
11	1	0.1330317		110	83.73
12	1	0.13083166		90	88.35
13	1	0.12903225		172	78.29
14	1	0.12426262		151	81.47
15	1	0.11669199		127	82.51
16	1	0.10663812		86	90.84
17	1	0.10456241		80	92.34
18	1	0.07258064		106	84.38
19	1	0.06423983		86	90.84
20	1	0.052248392		172	78.29
21	1	0.048387095		86	90.84
22	1	0.048387095		80	92.34
23	1	0.048248947		75	93.09
24	1	0.046463355		93	88.22
25	1	0.032258064		147	82.12
26	1	0.032258064		90	88.35
27	1	0.032258064		86	90.84
28	1	0.032258064		151	81.47
29	1	0.032119915		80	92.34
30	1	0.029761		94	87.7
31	1	0.02783726		151	81.47
32	1	0.02783726		147	82.12
33	1	0.024193548		97	87.57
34	1	0.024193548		130	82.37
35	1	0.024193548		107	83.87
36	1	0.022269808		94	87.7
37	1	0.021841541		107	83.87
38	1	0.021841541		106	84.38
39	1	0.014060233		107	83.87
40	1	0.010706638		130	82.37
41	1	0.010706638		147	82.12
42	1	0.008993576		172	78.29
43	1	0.008064516		106	84.38
44	1	0.008064516		94	87.7
45	1	0.008064516		93	88.22
46	1	0.0059957174		130	82.37
47	1	0.005567452		90	88.35
48	1	0.005567452		97	87.57
49	1	0.005567452		93	88.22
50	1	0.0		97	87.57
51	1	0.0		86	90.84
52	1	0.0		80	92.34
53	1	0.0		151	81.47
54	1	0.0		172	78.29
55	1	0.0		93	88.22
56	1	0.0		94	87.7
57	1	0.0		172	78.29
58	1	0.0		90	88.35
59	1	0.0		94	87.7
60	1	0.0		93	88.22
61	1	0.0		147	82.12
62	1	0.0		90	88.35
63	1	0.0		106	84.38
64	1	0.0		80	92.34
65	1	0.0		172	78.29
66	1	0.0		90	88.35
67	1	0.0		147	82.12
68	1	0.0		90	88.35
69	1	0.0		93	88.22
70	1	0.0		94	87.7
71	1	0.0		147	82.12
72	1	0.0		172	78.29
73	1	0.0		107	83.87
74	1	0.0		93	88.22
75	1	0.0		90	88.35
76	1	0.0		97	87.57
77	1	0.0		93	88.22
78	1	0.0		90	88.35
79	1	0.0		94	87.7


Run no: 9
0	1	1000.97253		3020	80.35
1	1	1000.0851		3020	80.35
2	1	1000.0		74	96.81
3	1	1000.0		74	96.81
4	1	0.091843545		155	81.75
5	1	0.0		82	89.76
6	1	0.0		81	95.82
7	1	0.2563791		90	88.35
8	1	0.008505468		93	84.13
9	1	0.089590766		100	83.99
10	1	0.079318784		82	89.76
11	1	3.394433E-4		89	88.46
12	1	0.0		135	82.89
13	1	0.9725051		155	81.75
14	1	0.081139326		135	82.89
15	1	0.0		77	96.42
16	1	0.0013577732		81	95.82
17	1	0.0		77	96.42
18	1	0.0		74	96.81
19	1	0.0		135	82.89
20	1	0.0		93	84.13
21	1	0.06925881		155	81.75
22	1	0.0		90	88.35
23	1	0.0066828676		89	88.46
24	1	0.0		82	89.76
25	1	0.0		89	88.46
26	1	0.0		93	84.13
27	1	0.036452007		77	96.42
28	1	0.0		81	95.82
29	1	0.0		93	84.13
30	1	0.00101833		77	96.42
31	1	0.0		90	88.35
32	1	0.0		74	96.81
33	1	0.0		90	88.35
34	1	0.07897934		89	88.46
35	1	0.37054136		82	89.76
36	1	0.0		81	95.82
37	1	0.0		74	96.81
38	1	0.0		81	95.82
39	1	0.0		90	88.35
40	1	0.0		93	84.13
41	1	0.0		82	89.76
42	1	0.0		89	88.46
43	1	0.07361754		135	82.89
44	1	0.36816525		81	95.82
45	1	0.0		77	96.42
46	1	0.0		77	96.42
47	1	0.0		74	96.81
48	1	0.002376103		89	88.46
49	1	0.00101833		93	84.13
50	1	0.0		82	89.76
51	1	0.0		81	95.82
52	1	0.0		90	88.35
53	1	0.0		77	96.42
54	1	0.0		93	84.13
55	1	0.0		74	96.81
56	1	0.0		89	88.46
57	1	0.0		74	96.81
58	1	0.0		81	95.82
59	1	0.0		89	88.46
60	1	3.394433E-4		81	95.82
61	1	0.0		74	96.81
62	1	3.394433E-4		90	88.35
63	1	0.2587552		93	84.13
64	1	0.0		74	96.81
65	1	0.0		89	88.46
66	1	0.0		81	95.82
67	1	0.023693804		74	96.81
68	1	0.0		77	96.42
69	1	0.0		81	95.82
70	1	0.00101833		90	88.35
71	1	0.0		77	96.42
72	1	0.0		74	96.81
73	1	0.00101833		74	96.81
74	1	0.0066828676		90	88.35
75	1	0.0		81	95.82
76	1	0.0		81	95.82
77	1	0.036452007		81	95.82
78	1	0.0		77	96.42
79	1	0.025051577		77	96.42


Run no: 10
0	1	2000.0		57	96.08
1	1	2000.0		4341	81.3
2	1	1.0818216		3406	82.16
3	1	0.9596314		150	85.11
4	1	0.32681665		92	90.5
5	1	0.2764407		3857	81.91
6	1	0.0013768701		94	87.18
7	1	0.0		150	85.11
8	1	0.014698933		78	95.59
9	1	0.0067658997		83	93.28
10	1	2.334267E-4		91	92.0
11	1	0.0		89	93.17
12	1	0.0067658997		90	92.1
13	1	0.0018674136		100	87.07
14	1	0.0		122	85.87
15	1	0.0		108	86.32
16	1	0.024871472		112	86.12
17	1	0.003267974		71	95.79
18	1	0.017872147		116	85.98
19	1	0.15792628		78	95.59
20	1	0.0		71	95.79
21	1	0.015399213		108	86.32
22	1	0.00884305		119	85.88
23	1	0.0067658997		97	87.17
24	1	0.0		91	92.0
25	1	0.0		100	87.07
26	1	0.15629229		83	93.28
27	1	0.0		90	92.1
28	1	7.002801E-4		86	93.18
29	1	0.0		150	85.11
30	1	0.0		122	85.87
31	1	0.0		71	95.79
32	1	0.0		108	86.32
33	1	0.013531799		71	95.79
34	1	0.0011671336		83	93.28
35	1	0.05074425		108	86.32
36	1	0.07309541		89	93.17
37	1	0.0		83	93.28
38	1	0.0		122	85.87
39	1	7.002801E-4		86	93.18
40	1	0.0		97	87.17
41	1	0.0067658997		86	93.18
42	1	0.05144453		100	87.07
43	1	9.100167E-4		89	93.17
44	1	7.002801E-4		97	87.17
45	1	6.7658996E-4		86	93.18
46	1	0.0		94	87.18
47	1	0.051420838		122	85.87
48	1	0.0		94	87.18
49	1	2.334267E-4		90	92.1
50	1	0.0		90	92.1
51	1	0.1014885		91	92.0
52	1	2.334267E-4		91	92.0
53	1	0.0		150	85.11
54	1	4.668534E-4		94	87.18
55	1	0.0		89	93.17
56	1	0.0		90	92.1
57	1	0.006535948		150	85.11
58	1	0.0		122	85.87
59	1	0.0		100	87.07
60	1	0.0		108	86.32
61	1	0.0		71	95.79
62	1	0.0		91	92.0
63	1	0.0		83	93.28
64	1	0.0067658997		100	87.07
65	1	0.006535948		122	85.87
66	1	0.051420838		150	85.11
67	1	0.021255096		71	95.79
68	1	0.0		100	87.07
69	1	0.0		108	86.32
70	1	0.0		83	93.28
71	1	9.337068E-4		108	86.32
72	1	0.0		86	93.18
73	1	0.0013768701		122	85.87
74	1	0.0		94	87.18
75	1	7.002801E-4		83	93.28
76	1	0.0013768701		97	87.17
77	1	0.22462788		94	87.18
78	1	0.0067658997		91	92.0
79	1	0.07262856		90	92.1


Run no: 11
0	1	2000.0		4241	82.22
1	1	0.27217516		4241	82.22
2	1	1000.0		77	98.55
3	1	0.0		77	98.55
4	1	0.7486401		3457	83.59
5	1	0.1732061		689	85.74
6	1	0.006976222		78	92.49
7	1	1000.0		77	98.55
8	1	0.31994		3457	83.59
9	1	0.0		689	85.74
10	1	2.4015369E-4		88	92.38
11	1	9.6061477E-4		380	88.21
12	1	0.0		379	89.71
13	1	0.04154659		516	86.71
14	1	0.059399877		516	86.71
15	1	0.049758434		480	87.31
16	1	0.72414535		689	85.74
17	1	0.004898959		379	89.71
18	1	0.030006124		441	87.8
19	1	0.015501458		485	87.16
20	1	0.0036742191		397	87.86
21	1	0.0		498	86.95
22	1	0.09185548		379	89.71
23	1	0.0036742191		385	88.06
24	1	0.010866624		491	87.1
25	1	0.015129242		397	87.86
26	1	0.0		441	87.8
27	1	0.010566763		441	87.8
28	1	0.0146968765		498	86.95
29	1	0.0		78	92.49
30	1	0.0067360685		88	92.38
31	1	0.0		380	88.21
32	1	0.0057514827		384	88.12
33	1	0.0036742191		491	87.1
34	1	0.004634834		384	88.12
35	1	0.0016810759		498	86.95
36	1	0.0		397	87.86
37	1	0.0036742191		441	87.8
38	1	0.0		385	88.06
39	1	0.0		385	88.06
40	1	0.002401537		78	92.49
41	1	0.0		498	86.95
42	1	0.16100533		88	92.38
43	1	0.0		379	89.71
44	1	0.37109613		77	98.55
45	1	0.37109613		78	92.49
46	1	0.0		77	98.55
47	1	0.019019643		516	86.71
48	1	0.005511329		380	88.21
49	1	2.4015369E-4		379	89.71
50	1	0.0093659945		441	87.8
51	1	0.06964457		379	89.71
52	1	0.0014409221		491	87.1
53	1	0.012247398		385	88.06
54	1	0.010566763		397	87.86
55	1	0.0		441	87.8
56	1	0.0		88	92.38
57	1	0.0028818443		385	88.06
58	1	2.4015369E-4		385	88.06
59	1	0.013508315		498	86.95
60	1	0.0		88	92.38
61	1	0.092095636		380	88.21
62	1	0.0		78	92.49
63	1	2.4015369E-4		77	98.55
64	1	0.23338749		89	89.79
65	2	2000.0		243	89.92
66	2	1000.2617		94	90.89
67	2	1000.15466		94	90.89
68	2	0.39604235		149	90.57
69	2	0.3814433		189	90.29
70	2	0.36241612		189	90.29
71	2	0.28865978		189	90.29
72	2	0.28264028		133	90.74
73	2	0.26845637		189	90.29
74	2	0.26845637		149	90.57
75	2	0.26174498		133	90.74
76	2	0.17525773		149	90.57
77	2	0.15463917		133	90.74
78	2	0.0		94	90.89
79	2	0.0		94	90.89


Run no: 12
0	1	1000.0		66	98.99
1	1	0.0		66	98.99
2	1	0.1994155		753	87.61
3	1	0.0		753	87.61
4	1	6.261741E-4		100	95.02
5	1	0.0038482682		87	98.03
6	1	0.0		92	96.07
7	1	0.03503947		622	87.75
8	1	0.0		370	89.29
9	1	0.053962734		374	87.79
10	1	0.0		374	87.79
11	1	0.0		66	98.99
12	1	0.0		70	98.24
13	1	0.03491956		95	95.77
14	1	0.007355509		96	95.45
15	1	0.0		100	95.02
16	1	0.0		92	96.07
17	1	0.0		97	95.32
18	1	0.0		370	89.29
19	1	0.0044744425		70	98.24
20	1	0.0038482682		84	98.1
21	1	0.017800808		96	95.45
22	1	0.01649258		97	95.32
23	1	0.108795136		87	98.03
24	1	0.0		84	98.1
25	1	0.0		84	98.1
26	1	8.348988E-4		70	98.24
27	1	0.0		374	87.79
28	1	0.017536202		92	96.07
29	1	0.12733869		370	89.29
30	1	0.041231446		66	98.99
31	1	0.0		374	87.79
32	1	0.007146784		97	95.32
33	1	0.01649258		100	95.02
34	1	0.0		84	98.1
35	1	2.087247E-4		97	95.32
36	1	6.261741E-4		92	96.07
37	1	0.08246289		374	87.79
38	1	0.0		66	98.99
39	1	0.0		370	89.29
40	1	0.0044744425		84	98.1
41	1	8.348988E-4		370	89.29
42	1	0.0		97	95.32
43	1	0.0		92	96.07
44	1	0.46441245		753	87.61
45	1	0.0		92	96.07
46	1	0.0		92	96.07
47	1	0.0		753	87.61
48	1	0.0022959716		84	98.1
49	1	0.0018785222		100	95.02
50	1	0.0076965364		753	87.61
51	1	0.0		84	98.1
52	1	0.25123695		100	95.02
53	1	0.0		370	89.29
54	1	0.8102418		2978	84.48
55	1	0.0		66	98.99
56	1	0.11824845		155	89.33
57	1	0.39543667		4803	82.73
58	1	6.261741E-4		87	98.03
59	1	0.010618682		73	98.17
60	1	0.0021990105		370	89.29
61	1	0.041231446		70	98.24
62	1	0.0		92	96.07
63	1	6.261741E-4		97	95.32
64	1	0.32428908		109	90.45
65	1	0.10775151		92	96.07
66	1	0.053962734		622	87.75
67	1	0.0		374	87.79
68	1	0.0		370	89.29
69	1	8.348988E-4		374	87.79
70	1	0.0		92	96.07
71	1	0.19906598		3634	83.81
72	1	0.0		84	98.1
73	1	2000.0		4857	80.8
74	1	0.0		92	96.07
75	1	0.0		97	95.32
76	1	0.0		753	87.61
77	1	0.30337244		3642	83.38
78	1	0.0		66	98.99
79	1	1000.00085		66	98.99


Run no: 13
0	1	1000.0467		2750	78.76
1	1	2000.0		73	108.3
2	1	0.5165877		73	108.3
3	1	0.9666127		210	82.46
4	1	0.93287617		2568	81.19
5	1	0.0		73	108.3
6	1	0.0		76	93.04
7	1	0.010494245		89	83.77
8	1	0.0		87	87.91
9	1	0.0		76	93.04
10	1	0.13348356		77	89.13
11	1	0.020486837		2625	78.99
12	1	0.075666256		2591	80.85
13	1	1000.0078		2750	78.76
14	1	0.0		100	82.51
15	1	0.0		80	88.96
16	1	0.0		86	88.21
17	1	0.10965953		2625	78.99
18	1	0.0016926202		100	82.51
19	1	0.017848449		92	83.27
20	1	0.0		97	83.01
21	1	0.0		87	87.91
22	1	0.0		90	83.46
23	1	0.0		89	83.77
24	1	0.010155721		86	88.21
25	1	0.0011206574		97	83.01
26	1	0.0038638783		2575	81.0
27	1	0.0		77	89.13
28	1	0.0		90	83.46
29	1	0.025389303		80	88.96
30	1	0.009046824		2575	81.0
31	1	0.003933935		2585	80.9
32	1	0.003256887		2579	80.93
33	1	0.003256887		2585	80.9
34	1	0.0038638783		2579	80.93
35	1	0.0022413149		86	88.21
36	1	0.0		2591	80.85
37	1	0.016926201		97	83.01
38	1	0.01804686		100	82.51
39	1	0.0		2591	80.85
40	1	0.0011206574		80	88.96
41	1	0.1323629		76	93.04
42	1	0.0		73	108.3
43	1	0.006431957		90	83.46
44	1	0.0011206574		76	93.04
45	1	3.735525E-4		89	83.77
46	1	3.735525E-4		77	89.13
47	1	0.0		90	83.46
48	1	0.0		86	88.21
49	1	0.14014895		87	87.91
50	1	0.0		73	108.3
51	1	0.0		73	108.3
52	1	0.5165877		76	93.04
53	1	0.14014895		89	83.77
54	1	3.735525E-4		87	87.91
55	1	0.0057549085		77	89.13
56	1	0.0		2591	80.85
57	1	0.0		86	88.21
58	1	0.04109077		100	82.51
59	1	0.0018677624		97	83.01
60	1	0.003933935		2591	80.85
61	1	7.47105E-4		90	83.46
62	1	7.47105E-4		89	83.77
63	1	3.735525E-4		86	88.21
64	1	7.47105E-4		87	87.91
65	1	0.0		77	89.13
66	1	0.0		80	88.96
67	1	0.0		86	88.21
68	1	0.0		80	88.96
69	1	0.0		97	83.01
70	1	0.0011206574		73	108.3
71	1	0.008801625		97	83.01
72	1	0.0		86	88.21
73	1	0.0		87	87.91
74	1	0.010867798		90	83.46
75	1	3.735525E-4		76	93.04
76	1	0.0		86	88.21
77	1	0.010155721		87	87.91
78	1	0.025389303		86	88.21
79	1	0.007996224		80	88.96


Run no: 14
0	1	1000.4667		145	80.45
1	1	1000.00275		145	80.45
2	1	2000.0		70	91.45
3	1	0.0		70	91.45
4	1	0.5824242		94	85.0
5	1	0.5112121		110	80.48
6	1	0.0		100	80.6
7	1	0.0		78	89.81
8	1	0.055454545		79	86.46
9	1	0.0		71	90.7
10	1	0.0018181818		107	80.5
11	1	0.013333334		87	85.1
12	1	0.0		86	85.85
13	1	0.0		79	86.46
14	1	0.0		100	80.6
15	1	0.07272727		78	89.81
16	1	0.093333334		100	80.6
17	1	0.0		74	90.61
18	1	0.0		70	91.45
19	1	0.0		86	85.85
20	1	0.0		87	85.1
21	1	0.0		79	86.46
22	1	0.0		86	85.85
23	1	0.013333334		78	89.81
24	1	0.0		74	90.61
25	1	0.0		74	90.61
26	1	0.0		107	80.5
27	1	0.06818182		87	85.1
28	1	0.0		79	86.46
29	1	0.0		71	90.7
30	1	0.06818182		86	85.85
31	1	0.0		70	91.45
32	1	0.10242424		87	85.1
33	1	0.0		100	80.6
34	1	0.0		71	90.7
35	1	0.093333334		107	80.5
36	1	0.0		107	80.5
37	1	0.093333334		79	86.46
38	1	0.009090909		100	80.6
39	1	0.0		87	85.1
40	1	0.0		107	80.5
41	1	0.0		86	85.85
42	1	0.0		79	86.46
43	1	0.0		78	89.81
44	1	0.0		71	90.7
45	1	0.0		70	91.45
46	1	0.0		79	86.46
47	1	0.013333334		86	85.85
48	1	0.30454546		78	89.81
49	1	0.0		74	90.61
50	1	0.013333334		71	90.7
51	1	0.07272727		74	90.61
52	1	0.053333335		78	89.81
53	1	0.0		86	85.85
54	1	0.0		71	90.7
55	1	0.06818182		70	91.45
56	1	0.08		100	80.6
57	1	0.04		74	90.61
58	1	0.0		70	91.45
59	1	0.013333334		79	86.46
60	1	0.0		107	80.5
61	1	0.30454546		79	86.46
62	1	0.06818182		71	90.7
63	1	0.0		74	90.61
64	1	0.093333334		86	85.85
65	1	0.0		70	91.45
66	1	0.0		86	85.85
67	1	0.0		79	86.46
68	1	0.0		86	85.85
69	1	0.013333334		70	91.45
70	1	0.0		100	80.6
71	1	0.04		107	80.5
72	1	0.048181817		71	90.7
73	1	0.009090909		107	80.5
74	1	0.0		100	80.6
75	1	0.0		79	86.46
76	1	0.4		100	80.6
77	1	0.055454545		86	85.85
78	1	0.0		74	90.61
79	1	0.061515152		74	90.61


Run no: 15
0	1	2000.0		2816	73.05
1	1	1000.1896		65	86.45
2	1	0.0		65	86.45
3	1	1.6454912		2698	73.72
4	1	0.6747351		178	82.25
5	1	0.35450882		73	83.91
6	1	0.0		65	86.45
7	1	1.0399112		178	82.25
8	1	0.0		65	86.45
9	1	0.0		65	86.45
10	1	0.0		65	86.45
11	1	0.0		65	86.45
12	1	0.0		65	86.45
13	1	0.0		65	86.45
14	1	0.0		65	86.45
15	1	0.0		65	86.45
16	1	0.0		65	86.45
17	1	0.0		65	86.45
18	1	0.0		65	86.45
19	1	0.0		65	86.45
20	1	0.0		65	86.45
21	1	0.0		65	86.45
22	1	0.0		65	86.45
23	1	0.0		65	86.45
24	1	0.0		65	86.45
25	1	0.0		65	86.45
26	1	0.0		65	86.45
27	1	0.0		65	86.45
28	1	0.0		65	86.45
29	1	0.0		65	86.45
30	1	0.0		65	86.45
31	1	0.0		65	86.45
32	1	0.0		65	86.45
33	1	0.0		65	86.45
34	1	0.0		65	86.45
35	1	0.0		65	86.45
36	1	0.0		65	86.45
37	1	0.0		65	86.45
38	1	0.0		65	86.45
39	1	0.0		65	86.45
40	1	0.0		65	86.45
41	1	0.0		65	86.45
42	1	0.0		65	86.45
43	1	0.0		65	86.45
44	1	0.0		65	86.45
45	1	0.0		65	86.45
46	1	0.0		65	86.45
47	1	0.0		65	86.45
48	1	0.0		65	86.45
49	1	0.0		65	86.45
50	1	0.0		65	86.45
51	1	0.0		65	86.45
52	1	0.0		65	86.45
53	1	0.0		65	86.45
54	1	0.0		65	86.45
55	1	0.0		65	86.45
56	1	0.0		65	86.45
57	1	0.0		65	86.45
58	1	0.0		65	86.45
59	1	0.0		65	86.45
60	1	0.0		65	86.45
61	1	0.0		65	86.45
62	1	0.0		65	86.45
63	1	0.0		65	86.45
64	1	0.0		65	86.45
65	1	0.0		65	86.45
66	1	0.0		65	86.45
67	1	0.0		65	86.45
68	1	0.0		65	86.45
69	1	0.0		65	86.45
70	1	0.0		65	86.45
71	1	0.0		65	86.45
72	1	0.0		65	86.45
73	1	0.0		65	86.45
74	1	0.0		65	86.45
75	1	0.0		65	86.45
76	1	0.0		65	86.45
77	1	0.0		65	86.45
78	1	0.0		65	86.45
79	1	1000.0029		65	86.45


Run no: 16
0	1	2000.0		4244	79.3
1	1	1000.0		79	104.61
2	1	0.58837014		455	82.78
3	1	0.5865372		2606	81.56
4	1	0.29950154		87	93.23
5	1	0.2757701		2721	80.93
6	1	0.0012004802		86	100.39
7	1	0.2757701		3863	80.89
8	1	0.1542976		3985	79.33
9	1	0.037534572		164	87.71
10	1	0.037774667		100	88.66
11	1	2.4009604E-4		99	91.21
12	1	0.098775186		79	104.61
13	1	0.098775186		81	102.11
14	1	0.09092744		3863	80.89
15	1	0.0		412	85.98
16	1	0.0012004802		81	102.11
17	1	0.28289214		86	100.39
18	1	0.063370176		4244	79.3
19	1	0.0		412	85.98
20	1	0.015408929		91	92.84
21	1	0.05326869		94	91.51
22	1	0.052502394		2684	81.48
23	1	0.04538185		420	85.63
24	1	0.0118530225		421	84.58
25	1	0.11611684		100	88.66
26	1	0.0		164	87.71
27	1	0.02444151		450	83.35
28	1	0.0011853023		442	83.38
29	1	7.2028814E-4		439	83.98
30	1	0.0525484		91	92.84
31	1	0.05954382		164	87.71
32	1	0.0		94	91.51
33	1	0.041725677		421	84.58
34	1	0.10075069		99	91.21
35	1	0.0022155999		413	85.68
36	1	0.05954382		412	85.98
37	1	0.0022155999		422	84.28
38	1	0.030614095		2721	80.93
39	1	0.007902015		429	84.23
40	1	0.007902015		436	84.03
41	1	7.2028814E-4		436	84.03
42	1	0.0		413	85.68
43	1	0.0023857823		450	83.35
44	1	0.024426334		439	83.98
45	1	0.0118530225		422	84.28
46	1	0.0		429	84.23
47	1	0.0		442	83.38
48	1	0.0		429	84.23
49	1	0.0016806723		422	84.28
50	1	0.0016806723		429	84.23
51	1	0.0		99	91.21
52	1	0.0118530225		94	91.51
53	1	0.0		86	100.39
54	1	0.068437524		81	102.11
55	1	0.0019207683		442	83.38
56	1	0.024426334		442	83.38
57	1	0.0036561762		436	84.03
58	1	0.0		439	83.98
59	1	9.6038415E-4		91	92.84
60	1	0.013053503		99	91.21
61	1	2.4009604E-4		421	84.58
62	1	0.0		422	84.28
63	1	0.0118530225		413	85.68
64	1	0.0		86	100.39
65	1	0.0		79	104.61
66	1	0.06795733		86	100.39
67	1	1000.0005		79	104.61
68	1	0.06835243		412	85.98
69	1	0.015366146		164	87.71
70	1	0.012093118		412	85.98
71	1	2.4009604E-4		86	100.39
72	1	0.06835243		164	87.71
73	1	7.2028814E-4		91	92.84
74	1	0.0019755038		439	83.98
75	1	0.0		164	87.71
76	1	0.0		422	84.28
77	1	0.0012004802		94	91.51
78	1	0.0016806723		413	85.68
79	1	0.0036561762		429	84.23


Run no: 17
0	1	1000.0		6196	81.69
1	1	1000.0		69	88.12
2	1	0.0		69	88.12
3	1	1000.0		6196	81.69
4	1	0.19990349		3438	83.93
5	1	0.5510606		5983	81.83
6	1	0.39968896		89	85.08
7	1	0.0		77	87.65
8	1	0.72544616		89	85.08
9	1	0.45122895		3609	82.73
10	1	0.21453445		3567	83.14
11	1	0.0		89	85.08
12	1	0.1399689		3609	82.73
13	1	0.66945857		3438	83.93
14	1	0.0		69	88.12
15	1	0.0		77	87.65
16	1	0.0068549043		3609	82.73
17	1	0.0565371		6042	81.74
18	1	0.02513465		6196	81.69
19	1	0.0		77	87.65
20	1	0.0		89	85.08
21	1	0.39968896		77	87.65
22	1	0.0		69	88.12
23	1	0.0019585441		89	85.08
24	1	0.0		77	87.65
25	1	0.0		69	88.12
26	1	0.0013056961		77	87.65
27	1	0.0		77	87.65
28	1	0.07309487		69	88.12
29	1	0.0		77	87.65
30	1	0.0		77	87.65
31	1	0.0		6196	81.69
32	1	0.00777605		6196	81.69
33	1	0.0		77	87.65
34	1	0.0		69	88.12
35	1	0.0		69	88.12
36	1	0.0		77	87.65
37	1	0.0		77	87.65
38	1	0.0		69	88.12
39	1	0.0		77	87.65
40	1	0.0		69	88.12
41	1	0.0		77	87.65
42	1	0.0		77	87.65
43	1	0.0019585441		77	87.65
44	1	0.0		69	88.12
45	1	0.0		69	88.12
46	1	0.0		69	88.12
47	1	0.0		69	88.12
48	1	0.0		69	88.12
49	1	0.0		69	88.12
50	1	0.0		69	88.12
51	1	0.0		77	87.65
52	1	0.0		69	88.12
53	1	0.07309487		77	87.65
54	1	0.0		69	88.12
55	1	0.0		69	88.12
56	1	0.0		69	88.12
57	1	0.0		69	88.12
58	1	0.0		69	88.12
59	1	0.0		69	88.12
60	1	0.0		69	88.12
61	1	0.0		69	88.12
62	1	0.0		69	88.12
63	1	0.0		69	88.12
64	1	0.0		69	88.12
65	1	0.0		69	88.12
66	1	0.0		69	88.12
67	1	0.0		69	88.12
68	1	0.0		69	88.12
69	1	0.0		69	88.12
70	1	0.0		69	88.12
71	1	0.0		69	88.12
72	1	0.0		69	88.12
73	1	0.0		69	88.12
74	1	0.0		69	88.12
75	1	0.0		69	88.12
76	1	0.0		69	88.12
77	1	0.0		69	88.12
78	1	0.0		69	88.12
79	1	1000.0013		69	88.12


Run no: 18
0	1	1000.0428		3244	78.13
1	1	1000.1183		3244	78.13
2	1	1000.0		67	90.81
3	1	1000.0		67	90.81
4	1	1.1481873		508	83.74
5	1	0.93667865		3108	79.63
6	1	0.0		3108	79.63
7	1	0.24857835		90	88.72
8	1	0.23750259		91	85.92
9	1	0.04037299		473	85.11
10	1	0.1469322		150	85.59
11	1	0.04280768		3108	79.63
12	1	0.0744403		72	90.31
13	1	0.03548896		481	84.48
14	1	0.3241325		3108	79.63
15	1	0.025067048		483	84.03
16	1	0.10166824		473	85.11
17	1	0.0		67	90.81
18	1	0.0		481	84.48
19	1	0.020819495		91	85.92
20	1	0.0		78	89.91
21	1	0.0		87	89.47
22	1	0.0		88	89.06
23	1	0.03073972		500	83.78
24	1	0.0		85	89.81
25	1	0.0		87	89.47
26	1	0.0		88	89.06
27	1	0.0		144	85.66
28	1	0.036118485		483	84.03
29	1	0.0018885741		144	85.66
30	1	0.02681388		85	89.81
31	1	0.0		78	89.91
32	1	0.020504732		144	85.66
33	1	0.0		144	85.66
34	1	0.0		78	89.91
35	1	0.0		67	90.81
36	1	6.295247E-4		88	89.06
37	1	0.0022033365		85	89.81
38	1	0.0		481	84.48
39	1	0.0		87	89.47
40	1	0.02681388		87	89.47
41	1	3.1476235E-4		88	89.06
42	1	0.039432175		67	90.81
43	1	0.032334384		88	89.06
44	1	0.0		144	85.66
45	1	0.0		481	84.48
46	1	0.049684543		473	85.11
47	1	0.005520505		144	85.66
48	1	0.0		481	84.48
49	1	0.0		67	90.81
50	1	0.0		78	89.91
51	1	0.0		87	89.47
52	1	0.02681388		88	89.06
53	1	0.0		85	89.81
54	1	0.007886435		85	89.81
55	1	0.0022033365		78	89.91
56	1	0.009775009		78	89.91
57	1	0.0		78	89.91
58	1	0.0		67	90.81
59	1	0.032334384		87	89.47
60	1	0.0		481	84.48
61	1	0.0		87	89.47
62	1	0.0		67	90.81
63	1	0.016682405		144	85.66
64	1	0.0025180988		481	84.48
65	1	0.03154574		78	89.91
66	1	0.0		67	90.81
67	1	3.1476235E-4		87	89.47
68	1	6.295247E-4		87	89.47
69	1	0.0		78	89.91
70	1	0.0		85	89.81
71	1	0.0		78	89.91
72	1	0.0		67	90.81
73	1	0.0		481	84.48
74	1	0.0		87	89.47
75	1	0.0		78	89.91
76	1	0.0015738118		67	90.81
77	1	0.0		85	89.81
78	1	6.295247E-4		85	89.81
79	1	0.05031407		481	84.48


Run no: 19
0	1	2000.0		3467	85.31
1	1	1000.1061		67	100.11
2	1	1000.0006		67	100.11
3	1	1.0975914		3017	85.63
4	1	0.8179412		236	87.49
5	1	0.42244834		72	92.34
6	1	0.4189189		69	98.54
7	1	0.12567568		236	87.49
8	1	0.10608108		69	98.54
9	1	0.10464229		86	90.74
10	1	0.104054056		84	92.28
11	1	0.09248013		208	88.25
12	1	0.090834655		207	89.59
13	1	0.06442767		111	90.6
14	1	0.057941176		220	87.71
15	1	0.03828299		194	89.64
16	1	0.035135135		209	88.23
17	1	0.03445946		193	90.15
18	1	0.030699523		193	90.15
19	1	0.024117647		193	90.15
20	1	0.0168124		98	90.69
21	1	0.014864865		236	87.49
22	1	0.0072019077		207	89.59
23	1	0.004936407		72	92.34
24	1	0.004705882		236	87.49
25	1	0.004054054		84	92.28
26	1	0.003672496		194	89.64
27	1	0.0035294117		84	92.28
28	1	0.0035294117		86	90.74
29	1	0.0033783785		86	90.74
30	1	0.003235294		209	88.23
31	1	0.001645469		209	88.23
32	1	8.8235294E-4		69	98.54
33	1	5.8823527E-4		69	98.54
34	1	5.8823527E-4		84	92.28
35	1	0.0		72	92.34
36	1	0.0		69	98.54
37	1	0.0		193	90.15
38	1	0.0		193	90.15
39	1	0.0		193	90.15
40	1	0.0		72	92.34
41	1	0.0		236	87.49
42	1	0.0		72	92.34
43	1	0.0		84	92.28
44	1	0.0		209	88.23
45	1	0.0		69	98.54
46	1	0.0		69	98.54
47	1	0.0		72	92.34
48	1	0.0		72	92.34
49	1	0.0		84	92.28
50	1	0.0		72	92.34
51	1	0.0		72	92.34
52	1	0.0		69	98.54
53	1	0.0		69	98.54
54	1	0.0		69	98.54
55	1	0.0		72	92.34
56	1	0.0		69	98.54
57	1	0.0		69	98.54
58	1	0.0		69	98.54
59	1	0.0		72	92.34
60	1	0.0		69	98.54
61	1	0.0		72	92.34
62	1	0.0		69	98.54
63	1	0.0		69	98.54
64	1	0.0		69	98.54
65	1	0.0		69	98.54
66	1	0.0		69	98.54
67	1	0.0		69	98.54
68	1	0.0		236	87.49
69	1	0.0		236	87.49
70	1	0.0		72	92.34
71	1	0.0		193	90.15
72	1	0.0		69	98.54
73	1	0.0		69	98.54
74	1	0.0		69	98.54
75	1	0.0		69	98.54
76	1	0.0		69	98.54
77	1	0.0		236	87.49
78	1	0.0		72	92.34
79	1	0.0		72	92.34


Run no: 20
0	1	2000.0		3167	79.53
1	1	1000.0		68	98.52
2	1	0.0		68	98.52
3	1	0.0		3167	79.53
4	1	1.0790409		2940	81.96
5	1	0.9199426		125	82.92
6	1	0.0		85	87.09
7	1	0.0		80	95.11
8	1	0.18344042		71	98.07
9	1	0.15587151		80	95.11
10	1	0.036249783		92	83.84
11	1	0.0		88	86.69
12	1	0.010072555		2950	79.74
13	1	0.17982715		2950	79.74
14	1	0.0		3145	79.61
15	1	0.052811716		125	82.92
16	1	0.15136972		92	83.84
17	1	0.0		95	83.17
18	1	0.0		68	98.52
19	1	0.007421749		118	83.14
20	1	0.0		87	86.79
21	1	0.0		85	87.09
22	1	0.069769226		3145	79.61
23	1	0.03528173		95	83.17
24	1	0.0		3167	79.53
25	1	0.15136972		88	86.69
26	1	3.2268473E-4		87	86.79
27	1	0.007099064		3145	79.61
28	1	0.0		3167	79.53
29	1	0.4252317		80	95.11
30	1	0.003838572		118	83.14
31	1	0.0		80	95.11
32	1	0.0		85	87.09
33	1	0.0		95	83.17
34	1	0.011585045		118	83.14
35	1	3.2268473E-4		88	86.69
36	1	0.0		95	83.17
37	1	0.0		68	98.52
38	1	0.005911299		87	86.79
39	1	6.4536947E-4		85	87.09
40	1	0.0		68	98.52
41	1	0.0016134237		80	95.11
42	1	0.0		85	87.09
43	1	0.0042127436		3145	79.61
44	1	0.0015797789		95	83.17
45	1	0.0		68	98.52
46	1	0.0		85	87.09
47	1	0.0		87	86.79
48	1	0.0		95	83.17
49	1	0.0		3167	79.53
50	1	0.0		88	86.69
51	1	0.0		87	86.79
52	1	0.0		80	95.11
53	1	0.017411212		85	87.09
54	1	9.680542E-4		95	83.17
55	1	0.0		68	98.52
56	1	0.015797788		87	86.79
57	1	0.0		85	87.09
58	1	0.0		68	98.52
59	1	0.0		95	83.17
60	1	0.0		3145	79.61
61	1	0.0		95	83.17
62	1	0.0		3167	79.53
63	1	0.42232755		85	87.09
64	1	0.0		95	83.17
65	1	0.0		88	86.69
66	1	0.007421749		95	83.17
67	1	0.0		85	87.09
68	1	0.0		88	86.69
69	1	0.0		95	83.17
70	1	0.023696683		68	98.52
71	1	0.0		87	86.79
72	1	0.0		85	87.09
73	1	0.011311808		3167	79.53
74	1	0.0		80	95.11
75	1	0.0		85	87.09
76	1	0.0		88	86.69
77	1	0.0		80	95.11
78	1	0.0052659293		88	86.69
79	1	1000.001		68	98.52


Run no: 21
0	1	1000.0201		3553	78.63
1	1	1000.0609		3553	78.63
2	1	1000.02466		72	96.86
3	1	0.0		72	96.86
4	1	0.6731357		2933	82.41
5	1	0.6731357		607	82.5
6	1	0.0		78	91.64
7	1	0.26309296		73	96.41
8	1	0.1747879		3483	79.74
9	1	0.13621268		389	89.36
10	1	0.10112794		3207	80.51
11	1	0.0987853		444	85.39
12	1	0.09387439		3005	81.19
13	1	0.08906244		3068	81.12
14	1	0.08324778		529	84.5
15	1	0.0829085		402	87.22
16	1	0.08003324		433	86.39
17	1	0.0		231	90.81
18	1	0.06448816		3294	80.46
19	1	0.057037473		3294	80.46
20	1	0.002585464		539	83.5
21	1	0.0		400	88.13
22	1	0.04766775		554	82.89
23	1	0.027946081		231	90.81
24	1	0.044923756		521	85.05
25	1	0.0		138	91.58
26	1	0.015411301		406	86.65
27	1	0.037770435		548	83.06
28	1	0.036618818		607	82.5
29	1	0.022229128		399	88.73
30	1	0.050204992		400	88.13
31	1	0.02355771		170	91.0
32	1	0.02497186		73	96.41
33	1	0.0040218327		156	91.11
34	1	0.08760636		2933	82.41
35	1	0.0		528	84.96
36	1	0.0		72	96.86
37	1	0.02413604		539	83.5
38	1	0.023378223		394	89.13
39	1	0.03434915		399	88.73
40	1	0.021938073		3023	81.17
41	1	0.0		231	90.81
42	1	0.031267144		406	86.65
43	1	0.014052935		392	89.17
44	1	0.12492848		231	90.81
45	1	0.014444213		170	91.0
46	1	0.020527704		138	91.58
47	1	0.005170928		156	91.11
48	1	0.025781678		156	91.11
49	1	0.00603401		156	91.11
50	1	0.2616566		78	91.64
51	1	0.0025074603		524	84.99
52	1	0.0028727378		539	83.5
53	1	5.7454756E-4		394	89.13
54	1	0.0		539	83.5
55	1	0.0011490951		524	84.99
56	1	0.0027947342		528	84.96
57	1	0.0014363689		78	91.64
58	1	0.025520407		528	84.96
59	1	0.0032912781		524	84.99
60	1	0.007756392		406	86.65
61	1	0.0		400	88.13
62	1	0.0		400	88.13
63	1	0.0		528	84.96
64	1	0.0		72	96.86
65	1	0.0		539	83.5
66	1	0.0		400	88.13
67	1	0.0		400	88.13
68	1	0.030952606		138	91.58
69	1	1000.0003		72	96.86
70	1	0.0		138	91.58
71	1	0.0032912781		78	91.64
72	1	0.0021941855		394	89.13
73	1	0.0		156	91.11
74	1	0.0		156	91.11
75	1	0.0		138	91.58
76	1	0.017236426		78	91.64
77	1	0.0		524	84.99
78	1	0.054854635		539	83.5
79	1	0.033487327		400	88.13


Run no: 22
0	1	2000.0		3725	80.25
1	1	1000.0		69	94.59
2	1	0.0		69	94.59
3	1	0.17364016		94	82.74
4	1	0.5917225		82	90.71
5	1	0.0027894003		85	83.24
6	1	2.7352298E-4		75	93.35
7	1	0.0		76	91.69
8	1	0.0		76	91.69
9	1	0.0		70	93.66
10	1	1000.0		69	94.59
11	1	0.0016411379		94	82.74
12	1	0.004430538		88	83.2
13	1	0.0		75	93.35
14	1	0.018131102		73	93.61
15	1	0.032078102		88	83.2
16	1	0.0		73	93.61
17	1	0.0		70	93.66
18	1	0.0		85	83.24
19	1	8.2056894E-4		88	83.2
20	1	0.06834031		76	91.69
21	1	0.0		85	83.24
22	1	8.2056894E-4		85	83.24
23	1	8.2056894E-4		73	93.61
24	1	0.0		70	93.66
25	1	0.0		73	93.61
26	1	8.2056894E-4		70	93.66
27	1	0.11576011		76	91.69
28	1	0.11576011		75	93.35
29	1	0.0		69	94.59
30	1	8.2056894E-4		85	83.24
31	1	1.0252401		94	82.74
32	1	0.0		76	91.69
33	1	0.0		75	93.35
34	1	2.7352298E-4		76	91.69
35	1	0.06485356		70	93.66
36	1	0.0		69	94.59
37	1	0.0		75	93.35
38	1	0.0		73	93.61
39	1	0.0		73	93.61
40	1	0.0016411379		76	91.69
41	1	0.0		85	83.24
42	1	0.0		70	93.66
43	1	5.4704596E-4		75	93.35
44	1	0.0		73	93.61
45	1	0.0		70	93.66
46	1	0.0		76	91.69
47	1	0.0		69	94.59
48	1	0.0		75	93.35
49	1	0.06485356		69	94.59
50	1	0.0		75	93.35
51	1	0.0037602733		70	93.66
52	1	0.0		69	94.59
53	1	0.0		75	93.35
54	1	0.0		70	93.66
55	1	0.0		73	93.61
56	1	0.0		76	91.69
57	1	0.0		75	93.35
58	1	0.0		70	93.66
59	1	0.0		75	93.35
60	1	0.0		69	94.59
61	1	0.0		76	91.69
62	1	0.0		73	93.61
63	1	0.0		73	93.61
64	1	0.0		73	93.61
65	1	0.0		73	93.61
66	1	0.0		70	93.66
67	1	0.0		69	94.59
68	1	0.0		69	94.59
69	1	0.0		75	93.35
70	1	0.0		73	93.61
71	1	0.0		75	93.35
72	1	0.0		69	94.59
73	1	0.0		70	93.66
74	1	0.0		69	94.59
75	1	0.5209205		85	83.24
76	1	0.0		73	93.61
77	1	0.018131102		75	93.35
78	1	2.7352298E-4		69	94.59
79	1	0.0040337965		73	93.61


Run no: 23
0	1	2000.0		3597	80.66
1	1	1000.0		74	89.65
2	1	1000.0		74	89.65
3	1	1.0027655		3139	81.59
4	1	0.84164		511	81.8
5	1	0.26559013		496	83.55
6	1	0.2647386		493	85.93
7	1	0.23345111		3597	80.66
8	1	0.21228968		91	87.88
9	1	0.19688542		74	89.65
10	1	0.1713706		507	82.44
11	1	0.12659286		499	83.31
12	1	0.10474028		114	86.73
13	1	0.10474028		483	86.47
14	1	0.10122358		93	87.79
15	1	0.10122358		97	86.88
16	1	0.04894327		486	86.03
17	1	0.04894327		483	86.47
18	1	0.033746455		114	86.73
19	1	0.028921023		483	86.47
20	1	0.02669633		496	83.55
21	1	0.016685206		114	86.73
22	1	0.016685206		97	86.88
23	1	0.011975017		486	86.03
24	1	0.011123471		493	85.93
25	1	0.0100111235		93	87.79
26	1	0.004825433		74	89.65
27	1	0.004825433		97	86.88
28	1	0.001986943		486	86.03
29	1	0.001986943		493	85.93
30	1	0.001135396		97	86.88
31	1	0.001135396		93	87.79
32	1	8.51547E-4		496	83.55
33	1	8.51547E-4		483	86.47
34	1	8.51547E-4		493	85.93
35	1	5.67698E-4		93	87.79
36	1	0.0		74	89.65
37	1	0.0		74	89.65
38	1	0.0		483	86.47
39	1	0.0		97	86.88
40	1	0.0		486	86.03
41	1	0.0		483	86.47
42	1	0.0		114	86.73
43	1	0.0		97	86.88
44	1	0.0		97	86.88
45	1	0.0		493	85.93
46	1	0.0		93	87.79
47	1	0.0		493	85.93
48	1	0.0		496	83.55
49	1	0.0		483	86.47
50	1	0.0		93	87.79
51	1	0.0		496	83.55
52	1	0.0		74	89.65
53	1	0.0		483	86.47
54	1	0.0		97	86.88
55	1	0.0		97	86.88
56	1	0.0		493	85.93
57	1	0.0		93	87.79
58	1	0.0		496	83.55
59	1	0.0		74	89.65
60	1	0.0		493	85.93
61	1	0.0		74	89.65
62	1	0.0		493	85.93
63	1	0.0		93	87.79
64	1	0.0		93	87.79
65	1	0.0		483	86.47
66	1	0.0		483	86.47
67	1	0.0		97	86.88
68	1	0.0		493	85.93
69	1	0.0		74	89.65
70	1	0.0		97	86.88
71	1	0.0		74	89.65
72	1	0.0		93	87.79
73	1	0.0		483	86.47
74	1	0.0		97	86.88
75	1	0.0		493	85.93
76	1	0.0		493	85.93
77	1	0.0		97	86.88
78	1	0.0		97	86.88
79	1	0.0		483	86.47


Run no: 24
0	1	2000.0		70	100.09
1	1	1000.0		557	85.32
2	1	1000.0		557	85.32
3	1	0.7833446		71	88.52
4	1	0.7741273		519	86.42
5	1	0.7741273		142	87.06
6	1	0.105832204		127	87.07
7	1	0.075031385		102	87.41
8	1	0.0741319		142	87.06
9	1	0.04971368		102	87.41
10	1	0.043331075		519	86.42
11	1	0.042199418		537	85.67
12	1	0.042132687		82	88.17
13	1	0.0380704		89	87.76
14	1	0.034685157		530	85.97
15	1	0.034097087		548	85.43
16	1	0.027936922		530	85.97
17	1	0.02775897		89	87.76
18	1	0.026694044		89	87.76
19	1	0.025928022		557	85.32
20	1	0.02575007		71	88.52
21	1	0.023696683		82	88.17
22	1	0.02258727		71	88.52
23	1	0.02258727		82	88.17
24	1	0.018957347		519	86.42
25	1	0.018957347		522	86.14
26	1	0.016427105		522	86.14
27	1	0.0123203285		540	85.65
28	1	0.0123203285		546	85.49
29	1	0.011509817		522	86.14
30	1	0.010832769		540	85.65
31	1	0.010832769		546	85.49
32	1	0.0061601643		522	86.14
33	1	0.0061601643		540	85.65
34	1	0.0061601643		519	86.42
35	1	0.0041067763		546	85.49
36	1	0.0040622884		546	85.49
37	1	0.0013540961		540	85.65
38	1	6.7704805E-4		142	87.06
39	1	0.0		557	85.32
40	1	0.0		142	87.06
41	1	0.0		142	87.06
42	1	0.0		519	86.42
43	1	0.0		82	88.17
44	1	0.0		71	88.52
45	1	0.0		519	86.42
46	1	0.0		522	86.14
47	1	0.0		557	85.32
48	1	0.0		89	87.76
49	1	0.0		82	88.17
50	1	0.0		71	88.52
51	1	0.0		89	87.76
52	1	0.0		82	88.17
53	1	0.0		519	86.42
54	1	0.0		89	87.76
55	1	0.0		82	88.17
56	1	0.0		82	88.17
57	1	0.0		71	88.52
58	1	0.0		519	86.42
59	1	0.0		540	85.65
60	1	0.0		71	88.52
61	1	0.0		540	85.65
62	1	0.0		540	85.65
63	1	0.0		71	88.52
64	1	0.0		82	88.17
65	1	0.0		522	86.14
66	1	0.0		71	88.52
67	1	0.0		519	86.42
68	1	0.0		71	88.52
69	1	0.0		519	86.42
70	1	0.0		519	86.42
71	1	0.0		519	86.42
72	1	0.0		82	88.17
73	1	0.0		82	88.17
74	1	0.0		71	88.52
75	1	0.0		519	86.42
76	1	0.0		519	86.42
77	1	0.0		71	88.52
78	1	0.0		519	86.42
79	1	0.0		71	88.52


Run no: 25
0	1	2000.0		3009	73.78
1	1	1000.00305		67	95.61
2	1	1000.0		67	95.61
3	1	1.2666522		244	78.91
4	1	1.1748346		2826	74.63
5	1	0.39665788		76	93.86
6	1	0.3124141		79	87.04
7	1	0.23064186		241	83.1
8	1	0.089489795		80	85.22
9	1	0.083711416		79	87.04
10	1	0.08016491		67	95.61
11	1	0.047762312		149	83.24
12	1	0.04688787		98	84.33
13	1	0.04145048		116	83.6
14	1	0.040769584		80	85.22
15	1	0.031593245		112	84.26
16	1	0.016491067		116	83.6
17	1	0.011216859		149	83.24
18	1	0.007965264		98	84.33
19	1	0.006413193		149	83.24
20	1	0.0047586677		112	84.26
21	1	0.0032065965		112	84.26
22	1	0.0013596193		116	83.6
23	1	0.0010197145		79	87.04
24	1	3.3990483E-4		80	85.22
25	1	0.0		67	95.61
26	1	0.0		79	87.04
27	1	0.0		79	87.04
28	1	0.0		67	95.61
29	1	0.0		112	84.26
30	1	0.0		149	83.24
31	1	0.0		116	83.6
32	1	0.0		149	83.24
33	1	0.0		112	84.26
34	1	0.0		98	84.33
35	1	0.0		98	84.33
36	1	0.0		112	84.26
37	1	0.0		67	95.61
38	1	0.0		116	83.6
39	1	0.0		112	84.26
40	1	0.0		79	87.04
41	1	0.0		79	87.04
42	1	0.0		67	95.61
43	1	0.0		79	87.04
44	1	0.0		67	95.61
45	1	0.0		98	84.33
46	1	0.0		116	83.6
47	1	0.0		116	83.6
48	1	0.0		98	84.33
49	1	0.0		112	84.26
50	1	0.0		112	84.26
51	1	0.0		67	95.61
52	1	0.0		112	84.26
53	1	0.0		79	87.04
54	1	0.0		79	87.04
55	1	0.0		67	95.61
56	1	0.0		112	84.26
57	1	0.0		112	84.26
58	1	0.0		67	95.61
59	1	0.0		79	87.04
60	1	0.0		79	87.04
61	1	0.0		67	95.61
62	1	0.0		112	84.26
63	1	0.0		112	84.26
64	1	0.0		79	87.04
65	1	0.0		67	95.61
66	1	0.0		79	87.04
67	1	0.0		112	84.26
68	1	0.0		112	84.26
69	1	0.0		79	87.04
70	1	0.0		67	95.61
71	1	0.0		79	87.04
72	1	0.0		67	95.61
73	1	0.0		79	87.04
74	1	0.0		67	95.61
75	1	0.0		79	87.04
76	1	0.0		112	84.26
77	1	0.0		112	84.26
78	1	0.0		67	95.61
79	1	0.0		79	87.04


Run no: 26
0	1	2000.0		4132	79.43
1	1	1000.0		68	102.29
2	1	0.0		68	102.29
3	1	0.9516623		176	83.74
4	1	0.17038494		3669	81.79
5	1	0.2934438		72	102.14
6	1	0.10804899		73	95.61
7	1	0.21716426		4013	79.83
8	1	0.19715114		76	93.14
9	1	0.020970035		77	88.65
10	1	0.028926073		124	85.38
11	1	0.12551947		84	88.21
12	1	0.0		76	93.14
13	1	0.0		73	95.61
14	1	0.859498		3669	81.79
15	1	0.08530184		3669	81.79
16	1	0.07767388		142	84.82
17	1	0.0021872267		157	83.79
18	1	0.13363954		124	85.38
19	1	0.0		84	88.21
20	1	0.19665901		77	88.65
21	1	0.0		68	102.29
22	1	0.0		157	83.79
23	1	0.0		157	83.79
24	1	0.0		157	83.79
25	1	0.00984252		84	88.21
26	1	0.0		68	102.29
27	1	0.0		73	95.61
28	1	2.46063E-4		73	95.61
29	1	0.0		68	102.29
30	1	0.0		157	83.79
31	1	0.0		76	93.14
32	1	0.019247593		84	88.21
33	1	0.0		73	95.61
34	1	0.0		76	93.14
35	1	0.0		157	83.79
36	1	0.004675197		157	83.79
37	1	0.0		84	88.21
38	1	0.0		68	102.29
39	1	0.0		157	83.79
40	1	0.0		84	88.21
41	1	0.0		76	93.14
42	1	0.0		76	93.14
43	1	0.0		73	95.61
44	1	0.0		68	102.29
45	1	1000.0		68	102.29
46	1	0.0		76	93.14
47	1	0.0		73	95.61
48	1	0.0		68	102.29
49	1	0.0		73	95.61
50	1	0.0		68	102.29
51	1	2.46063E-4		76	93.14
52	1	0.0		73	95.61
53	1	0.04874781		157	83.79
54	1	0.0		73	95.61
55	1	0.0		68	102.29
56	1	0.10804899		76	93.14
57	1	0.0065616798		68	102.29
58	1	0.0		68	102.29
59	1	0.0		68	102.29
60	1	0.0		73	95.61
61	1	0.0		68	102.29
62	1	0.0		73	95.61
63	1	0.0		68	102.29
64	1	0.0		68	102.29
65	1	0.0		73	95.61
66	1	0.0		73	95.61
67	1	0.0		68	102.29
68	1	0.0		68	102.29
69	1	0.0		73	95.61
70	1	0.0		73	95.61
71	1	0.0		73	95.61
72	1	0.0		68	102.29
73	1	0.0		73	95.61
74	1	0.0		68	102.29
75	1	0.0		73	95.61
76	1	0.0		73	95.61
77	1	0.0		68	102.29
78	1	9.84252E-4		68	102.29
79	1	0.28638998		73	95.61


Run no: 27
0	1	2000.0		5503	76.71
1	1	1000.0		70	90.92
2	1	0.0		70	90.92
3	1	1.45161		2724	76.9
4	1	0.9322461		136	83.3
5	1	0.013977579		129	83.36
6	1	0.0		70	90.92
7	1	0.2725275		71	89.42
8	1	0.10555947		71	89.42
9	1	0.15540524		129	83.36
10	1	9.203019E-4		71	89.42
11	1	1000.0		70	90.92
12	1	0.10555947		70	90.92
13	1	0.0		71	89.42
14	1	0.0		70	90.92
15	1	0.0		70	90.92
16	1	0.0		71	89.42
17	1	0.0		70	90.92
18	1	0.0		71	89.42
19	1	0.0		70	90.92
20	1	0.0		70	90.92
21	1	0.0		70	90.92
22	1	0.0		70	90.92
23	1	0.0		70	90.92
24	1	0.0		70	90.92
25	1	0.0		70	90.92
26	1	1.8406037E-4		70	90.92
27	1	0.43713576		76	85.55
28	2	2000.0		117	86.74
29	2	2000.0		77	89.32
30	2	0.5864341		117	86.74
31	2	0.49612403		81	88.98
32	2	0.49612403		85	87.7
33	2	0.45		103	87.35
34	2	0.45		85	87.7
35	2	0.35		103	87.35
36	2	0.2364341		103	87.35
37	2	0.13565892		85	87.7
38	2	0.13565892		103	87.35
39	2	0.1		85	87.7
40	2	0.1		81	88.98
41	2	0.09651163		79	89.2
42	2	0.08527132		81	88.98
43	2	0.08527132		79	89.2
44	2	0.05		79	89.2
45	2	0.05		81	88.98
46	2	0.0		103	87.35
47	2	0.0		85	87.7
48	2	0.0		79	89.2
49	2	0.0		81	88.98
50	2	0.0		79	89.2
51	2	0.0		85	87.7
52	2	0.0		81	88.98
53	2	0.0		79	89.2
54	2	0.0		85	87.7
55	2	0.0		103	87.35
56	2	0.0		85	87.7
57	2	0.0		79	89.2
58	2	0.0		79	89.2
59	2	0.0		79	89.2
60	2	0.0		79	89.2
61	2	0.0		79	89.2
62	2	0.0		79	89.2
63	2	0.0		79	89.2
64	2	0.0		79	89.2
65	2	0.0		79	89.2
66	2	0.0		79	89.2
67	2	0.0		79	89.2
68	2	0.0		79	89.2
69	2	0.0		79	89.2
70	2	0.0		79	89.2
71	2	0.0		79	89.2
72	2	0.0		79	89.2
73	2	0.0		79	89.2
74	2	0.0		79	89.2
75	2	0.0		79	89.2
76	2	0.0		79	89.2
77	2	0.0		79	89.2
78	2	0.0		79	89.2
79	2	0.0		85	87.7


Run no: 28
0	1	2000.0		3599	76.02
1	1	1000.0		69	95.64
2	1	0.032619774		69	95.64
3	1	1.0940331		762	81.54
4	1	0.0		71	90.88
5	1	0.0		70	95.0
6	1	0.19198829		483	86.49
7	1	0.03924567		535	83.27
8	1	0.115188584		101	89.25
9	1	0.14774309		101	89.25
10	1	0.10594901		475	86.99
11	1	0.0		475	86.99
12	1	0.07619588		578	82.02
13	1	0.05942973		759	81.7
14	1	0.0		535	83.27
15	1	0.042361815		546	82.5
16	1	0.028542304		93	90.07
17	1	0.0		70	95.0
18	1	1000.0		69	95.64
19	1	0.002266289		93	90.07
20	1	0.032225024		80	90.63
21	1	0.027750488		478	86.72
22	1	0.024918783		546	82.5
23	1	0.001529052		553	82.05
24	1	0.0127421		80	90.63
25	1	8.4985833E-4		475	86.99
26	1	0.21253937		71	90.88
27	1	0.017159747		759	81.7
28	1	0.007082153		553	82.05
29	1	0.0		93	90.07
30	1	0.0031161474		535	83.27
31	1	0.0025495752		80	90.63
32	1	2.8328612E-4		71	90.88
33	1	0.041794088		93	90.07
34	1	0.0		553	82.05
35	1	0.013761468		475	86.99
36	1	0.0		70	95.0
37	1	0.0		71	90.88
38	1	0.0		70	95.0
39	1	0.0		69	95.64
40	1	0.0		69	95.64
41	1	0.0		101	89.25
42	1	0.0		71	90.88
43	1	0.0		70	95.0
44	1	0.014730878		535	83.27
45	1	0.0		475	86.99
46	1	0.002266289		101	89.25
47	1	0.2099898		70	95.0
48	1	0.0		69	95.64
49	1	0.0		93	90.07
50	1	0.0		93	90.07
51	1	0.16411825		535	83.27
52	1	0.0		553	82.05
53	1	0.0		553	82.05
54	1	0.0		475	86.99
55	1	0.0127421		71	90.88
56	1	2.8328612E-4		70	95.0
57	1	0.0		69	95.64
58	1	0.0		70	95.0
59	1	0.0		71	90.88
60	1	0.0		475	86.99
61	1	0.0		475	86.99
62	1	0.0		70	95.0
63	1	0.0		69	95.64
64	1	0.0036827195		93	90.07
65	1	0.0		475	86.99
66	1	0.0		535	83.27
67	1	0.0		475	86.99
68	1	0.0		553	82.05
69	1	0.0		69	95.64
70	1	0.0		69	95.64
71	1	0.0		475	86.99
72	1	0.0019830028		553	82.05
73	1	0.0		70	95.0
74	1	0.0		69	95.64
75	1	0.0		93	90.07
76	1	0.02293578		553	82.05
77	1	2.8328612E-4		69	95.64
78	1	0.115188584		475	86.99
79	1	0.03290306		70	95.0


Run no: 29
0	1	1000.01184		3154	77.05
1	1	1000.0		3154	77.05
2	1	1000.0		58	97.32
3	1	1000.0		58	97.32
4	1	0.8339105		2655	79.96
5	1	0.8122036		145	83.14
6	1	0.18382776		88	91.44
7	1	0.15688209		145	83.14
8	1	0.15688209		2655	79.96
9	1	0.15325837		89	88.34
10	1	0.115271196		67	93.14
11	1	0.1149482		66	95.47
12	1	0.11381349		3149	77.29
13	1	0.10459348		2834	79.1
14	1	0.10390669		115	84.61
15	1	0.1026147		112	86.69
16	1	0.087415025		3097	79.05
17	1	0.08614645		3101	79.01
18	1	0.071193606		58	97.32
19	1	0.070596844		2819	79.35
20	1	0.07054761		60	95.89
21	1	0.0696986		2675	79.49
22	1	0.05922963		120	84.19
23	1	0.057426613		142	83.17
24	1	0.037969485		85	92.04
25	1	0.037000492		72	92.79
26	1	0.029600395		85	92.04
27	1	0.028748682		94	87.92
28	1	0.027133696		103	87.37
29	1	0.023627253		94	87.92
30	1	0.022335263		119	84.22
31	1	0.022335263		89	88.34
32	1	0.021465864		72	92.79
33	1	0.02020925		115	84.61
34	1	0.018881883		61	95.82
35	1	0.017589895		66	95.47
36	1	0.017477235		3101	79.01
37	1	0.017266897		67	93.14
38	1	0.013366707		2675	79.49
39	1	0.0131321475		107	86.87
40	1	0.012486152		106	87.11
41	1	0.011992813		104	87.34
42	1	0.011346818		106	87.11
43	1	0.0074000987		107	86.87
44	1	0.0074000987		111	86.72
45	1	0.006459948		2655	79.96
46	1	0.0043869964		103	87.37
47	1	0.0041989665		85	92.04
48	1	0.0037763768		60	95.89
49	1	0.0037763768		61	95.82
50	1	0.0027720095		111	86.72
51	1	0.0019733596		3097	79.05
52	1	0.0018030171		104	87.34
53	1	0.001614987		66	95.47
54	1	0.001614987		3154	77.05
55	1	0.001614987		72	92.79
56	1	0.001614987		67	93.14
57	1	0.0014800198		142	83.17
58	1	0.0014800198		112	86.69
59	1	0.0012919897		3097	79.05
60	1	9.6899224E-4		145	83.14
61	1	9.6899224E-4		142	83.17
62	1	9.6899224E-4		112	86.69
63	1	6.4599485E-4		60	95.89
64	1	3.2299742E-4		106	87.11
65	1	3.2299742E-4		111	86.72
66	1	3.2299742E-4		103	87.37
67	1	3.2299742E-4		107	86.87
68	1	3.2299742E-4		112	86.69
69	1	0.0		115	84.61
70	1	0.0		112	86.69
71	1	0.0		58	97.32
72	1	0.0		94	87.92
73	1	0.0		2655	79.96
74	1	0.0		106	87.11
75	1	0.0		2655	79.96
76	1	0.0		61	95.82
77	1	0.0		89	88.34
78	1	0.0		66	95.47
79	1	0.0		115	84.61

