
Run no: 0
332		424		577		
113		397		524		
113		441		3975		
94		526		3975		
88		366		574		
88		343		578		
88		310		580		
88		330		555		
88		318		555		
69		296		555		
69		297		555		
69		371		555		
69		354		555		
69		339		560		
69		366		617		
69		467		617		
69		463		3767		
69		461		3767		
69		418		3767		
69		389		3470		
69		406		3470		
69		354		3433		
69		466		3508		
69		530		3508		
69		733		3508		
69		619		3508		
69		677		3508		
69		617		3438		
69		554		3438		
69		277		2977		
69		337		2977		

Run no: 1
337		422		586		
75		389		504		
75		414		3915		
75		499		3944		
75		620		3947		
75		725		3944		
75		780		3917		
75		1178		3917		
75		1796		3922		
75		1113		3884		
75		216		3910		
75		451		3910		
75		500		3910		
75		302		3809		
75		392		3809		
72		394		3809		
72		620		3809		
72		800		3809		
72		353		3809		
72		257		3805		
72		433		3805		
72		564		3805		
72		867		3805		
72		485		3805		
72		576		3805		
56		208		3563		
56		206		3563		
56		240		3380		
56		277		3380		
56		391		3380		
56		527		5072		

Run no: 2
332		417		569		
332		438		3635		
332		522		4458		
332		560		5261		
332		421		4503		
331		422		4503		
331		474		4503		
331		459		4444		
100		525		4444		
100		609		4515		
81		954		4516		
71		1041		4516		
71		1413		4515		
71		2034		4506		
71		1476		4532		
71		1613		4536		
71		1864		4532		
71		1448		4494		
71		961		4494		
71		898		4494		
71		994		4494		
71		846		4493		
71		976		4493		
71		793		4493		
71		1006		4493		
71		515		4393		
71		610		4262		
71		822		4262		
71		1287		4262		
71		481		4206		
71		575		4206		

Run no: 3
324		438		705		
324		458		4009		
101		487		4011		
101		592		5790		
101		846		5790		
80		800		4990		
80		682		4995		
80		1058		4995		
74		916		4990		
74		450		4523		
74		541		4523		
74		486		4523		
74		543		4523		
74		777		4525		
74		1160		4525		
74		1161		4525		
74		365		4483		
74		544		4483		
74		710		4493		
74		917		4493		
74		1007		4493		
74		733		4486		
72		876		4486		
72		1320		4486		
72		988		4472		
72		1039		4472		
72		488		4472		
72		736		4472		
72		265		4290		
72		309		4290		
72		195		4290		

Run no: 4
322		431		641		
80		397		519		
80		446		4248		
80		563		4249		
78		491		4113		
78		486		4113		
78		704		4115		
78		747		4113		
78		378		4059		
78		431		4160		
78		159		4160		
78		225		4160		
78		127		383		
78		134		383		
78		121		383		
78		127		383		
78		100		365		
74		103		376		
74		164		4376		
74		166		4119		
74		277		4119		
74		298		4119		
74		402		4119		
74		290		4073		
74		224		4073		
74		236		4073		
74		187		4015		
74		188		4015		
74		193		4015		
74		279		4015		
74		342		4015		

Run no: 5
312		429		705		
69		408		564		
69		444		4679		
69		488		4679		
69		463		4679		
69		475		4679		
69		605		4679		
69		998		4679		
69		825		4679		
69		770		4678		
69		691		4678		
69		1031		4679		
69		819		4679		
69		966		4679		
69		1399		4679		
69		1022		4679		
69		1526		4693		
69		681		4693		
69		560		4693		
69		444		4693		
69		631		4693		
69		712		4693		
69		812		4693		
69		387		4600		
69		503		4600		
69		773		4600		
69		513		4600		
69		628		4600		
69		452		4600		
69		678		4605		
69		890		4605		

Run no: 6
335		433		704		
335		458		3725		
335		631		3785		
99		857		3785		
82		850		3758		
82		1007		3714		
74		622		3714		
74		786		3714		
74		1137		3714		
74		2118		4200		
74		2613		4200		
74		2608		3707		
74		1674		3704		
74		339		3700		
74		556		3700		
74		742		3700		
74		481		3700		
74		522		3643		
74		748		3643		
74		1173		3643		
73		428		3643		
65		385		3643		
65		698		3672		
65		1187		3672		
65		1051		3672		
65		872		3672		
65		888		3638		
65		237		3196		
59		166		2859		
59		289		2859		
59		292		2859		

Run no: 7
341		435		588		
83		404		573		
83		439		3767		
83		463		3767		
83		518		3767		
83		667		3776		
83		779		3843		
83		625		3913		
83		455		3917		
83		325		3917		
83		187		3501		
83		199		3501		
83		219		3501		
82		212		3501		
82		243		3501		
82		245		3501		
82		266		3501		
61		314		3501		
61		385		3501		
61		467		3867		
61		367		3867		
61		294		3867		
61		375		3867		
61		453		3920		
61		152		289		
61		152		289		
61		161		289		
61		175		289		
61		160		304		
61		164		304		
61		246		306		

Run no: 8
336		422		594		
90		401		594		
90		387		616		
90		380		616		
90		362		447		
77		351		440		
77		346		481		
77		309		481		
77		208		489		
77		122		407		
77		123		407		
77		104		261		
77		88		152		
77		87		145		
77		88		145		
77		90		161		
77		94		161		
77		100		175		
77		104		172		
77		103		172		
77		105		172		
77		108		203		
77		110		203		
73		105		203		
73		110		203		
73		107		203		
73		109		203		
73		119		203		
73		120		203		
73		114		197		
73		112		197		

Run no: 9
321		425		659		
321		460		4761		
321		560		4761		
321		628		4761		
88		924		4761		
88		687		4761		
88		633		3566		
81		918		3643		
81		1500		5794		
76		2169		5794		
76		1402		5794		
76		1273		5794		
76		947		3560		
76		578		3536		
76		89		117		
76		88		117		
74		88		117		
74		84		93		
74		83		93		
74		83		93		
74		82		93		
74		78		93		
74		79		93		
74		79		93		
74		80		93		
74		80		93		
74		81		135		
74		84		155		
74		122		3020		
74		124		3020		
74		161		3020		

Run no: 10
350		438		618		
84		411		519		
84		387		485		
84		376		503		
84		410		4806		
73		440		4813		
73		593		4813		
73		486		5339		
73		471		5311		
73		592		5311		
73		674		5311		
73		1259		5311		
71		1756		5311		
71		2018		5311		
71		1568		4853		
71		899		4861		
71		1241		4861		
71		586		4861		
71		579		4787		
71		516		4787		
71		470		4787		
71		686		4787		
71		668		4594		
71		467		4594		
71		465		4594		
71		415		4594		
71		566		4594		
71		291		4390		
57		239		4390		
57		346		4390		
57		239		4341		

Run no: 11
345		430		671		
84		399		469		
84		374		468		
83		346		504		
83		301		469		
83		246		461		
83		232		390		
83		362		4524		
78		327		391		
78		353		4634		
78		377		386		
78		376		386		
78		376		386		
77		368		385		
77		368		385		
77		415		4454		
77		412		4454		
77		445		4454		
77		627		4454		
77		899		4455		
77		701		4490		
77		379		4089		
77		512		4411		
77		463		4411		
77		491		4411		
77		533		4411		
77		585		4411		
77		673		4411		
77		835		4361		
77		401		4241		
77		483		4241		

Run no: 12
332		424		630		
332		452		4402		
332		641		4402		
76		718		4402		
76		1298		4466		
76		1867		4402		
76		1754		5649		
76		737		5649		
76		1064		5690		
76		928		5673		
76		1009		5673		
76		1338		5673		
66		876		5690		
66		1413		5690		
66		1289		5690		
66		753		5457		
66		760		5457		
66		555		5457		
66		794		5457		
66		1054		5457		
66		877		5053		
66		567		5053		
66		411		5053		
66		645		5053		
66		855		5053		
66		725		5053		
66		894		5053		
66		849		4915		
66		1010		4915		
66		961		4915		
66		447		4857		

Run no: 13
341		426		698		
86		403		552		
86		373		519		
86		403		4997		
77		425		4998		
77		807		4998		
77		1545		5011		
77		746		4871		
77		507		4637		
77		318		4637		
77		182		4637		
77		238		4637		
77		204		3291		
77		162		3291		
77		235		3144		
73		158		3144		
73		195		3144		
73		237		3145		
73		350		3145		
73		462		3145		
73		425		3145		
73		186		2889		
73		221		2889		
73		290		2889		
73		286		2883		
73		417		2883		
73		550		2883		
73		280		2797		
73		368		2750		
73		431		2750		
73		591		2750		

Run no: 14
311		434		632		
106		402		586		
97		395		586		
79		381		580		
79		341		600		
70		286		392		
70		225		460		
70		127		234		
70		113		186		
70		104		186		
70		96		186		
70		92		186		
70		78		175		
70		80		175		
70		77		175		
70		79		175		
70		81		175		
70		76		100		
70		76		100		
70		78		100		
70		128		3989		
70		128		3989		
70		173		3989		
70		223		3989		
70		318		3989		
70		78		107		
70		80		107		
70		79		107		
70		81		107		
70		82		145		
70		85		145		

Run no: 15
337		433		616		
337		454		3259		
83		412		619		
83		460		4465		
83		469		4465		
83		809		4699		
83		907		4455		
83		1247		4450		
83		1865		4450		
83		1894		3715		
83		458		3482		
83		289		3479		
83		487		3479		
65		610		3479		
65		1045		3950		
65		1948		3950		
65		2738		4042		
65		2286		4042		
65		2123		4042		
65		2095		3963		
65		1268		3740		
65		743		4059		
65		227		3485		
65		267		3359		
65		265		3359		
65		375		3359		
65		412		3282		
65		304		3282		
65		142		2822		
65		146		2822		
65		135		2816		

Run no: 16
344		423		655		
79		395		509		
79		392		579		
79		451		4947		
79		441		4514		
79		417		4514		
79		411		4514		
79		524		4514		
79		510		4680		
79		371		3974		
79		355		3974		
79		388		3974		
79		416		3974		
79		314		3899		
79		334		3899		
79		374		3899		
79		458		3899		
79		242		548		
79		247		548		
79		291		2874		
79		298		2874		
79		297		2874		
79		319		4660		
79		372		4667		
79		306		4518		
79		308		4486		
79		356		4486		
79		500		4486		
79		469		4244		
79		609		4244		
79		628		4244		

Run no: 17
317		408		501		
96		379		501		
87		357		476		
87		341		607		
87		354		4054		
87		376		4961		
69		468		4961		
69		590		4961		
69		394		4961		
69		384		4961		
69		588		4965		
69		1120		4995		
69		2119		4995		
69		2846		6399		
69		1549		6399		
69		824		6399		
69		488		6362		
69		595		6362		
69		783		6362		
69		350		6320		
69		580		6320		
69		859		6320		
69		652		6320		
69		932		6320		
69		420		6196		
69		647		6196		
69		758		6196		
69		950		6196		
69		1326		6196		
69		775		6196		
69		864		6196		

Run no: 18
320		429		675		
75		407		623		
75		445		4233		
75		576		4233		
75		376		483		
75		372		562		
75		361		599		
67		342		597		
67		399		2877		
67		407		2877		
67		368		2877		
67		449		2877		
67		266		4306		
67		136		485		
67		147		485		
67		182		4366		
67		207		4366		
67		340		4366		
67		539		4366		
67		431		4032		
67		344		4032		
67		394		4032		
67		454		4032		
67		589		4032		
67		226		3589		
67		204		3537		
67		204		3537		
67		164		3244		
67		216		3244		
67		264		3244		
67		397		3244		

Run no: 19
336		419		558		
89		386		613		
89		421		4795		
89		518		4796		
89		654		4796		
89		792		4797		
89		1412		4796		
89		1137		4799		
89		337		3861		
89		436		3861		
89		562		3861		
89		530		3774		
89		508		3638		
89		619		3638		
89		543		3638		
89		575		3638		
69		362		3425		
69		389		3425		
69		374		3425		
69		265		3431		
69		350		3431		
69		275		3431		
69		409		3431		
69		626		3448		
69		772		3448		
69		1161		3449		
69		791		3449		
69		507		3449		
69		381		3449		
67		517		3449		
67		196		3467		

Run no: 20
321		434		589		
89		410		558		
89		403		744		
89		376		426		
89		368		426		
85		359		415		
85		349		420		
85		317		443		
85		286		4978		
85		302		4978		
85		151		4164		
85		205		4766		
80		259		4766		
80		288		4164		
80		85		95		
80		85		95		
80		85		95		
80		84		95		
80		125		3354		
68		125		3354		
68		166		3354		
68		207		3354		
68		123		3167		
68		163		3167		
68		162		3167		
68		201		3167		
68		239		3167		
68		354		3167		
68		468		3167		
68		543		3167		
68		654		3167		

Run no: 21
332		424		623		
94		394		505		
94		436		4498		
94		415		4508		
94		503		4508		
94		511		4363		
78		562		4063		
78		755		4063		
78		643		4063		
78		870		4069		
78		1156		4069		
78		873		4063		
72		515		3882		
72		637		3882		
72		463		3841		
72		490		3841		
72		718		3841		
72		745		3573		
72		667		3573		
72		512		3573		
72		657		3573		
72		653		3571		
72		878		3571		
72		761		3576		
72		648		3576		
72		725		3493		
72		733		3493		
72		914		3493		
72		763		3493		
72		621		3553		
72		724		3553		

Run no: 22
345		429		637		
345		436		3273		
69		389		490		
69		379		587		
69		379		486		
69		351		500		
69		321		500		
69		353		486		
69		339		507		
69		309		507		
69		225		499		
69		171		528		
69		233		528		
69		263		4104		
69		367		4104		
69		367		4104		
69		439		4104		
69		560		4104		
69		281		4037		
69		73		85		
69		73		85		
69		73		94		
69		74		94		
69		75		102		
69		75		102		
69		76		102		
69		75		94		
69		121		3725		
69		119		3725		
69		119		3725		
69		120		3725		

Run no: 23
337		423		563		
87		396		535		
87		437		5085		
87		367		509		
87		344		490		
87		362		497		
87		373		497		
87		373		507		
87		325		502		
87		368		502		
87		343		504		
87		371		599		
87		369		4434		
87		273		4409		
74		263		4409		
74		365		4409		
74		483		4409		
74		891		4409		
74		601		4345		
74		631		4352		
74		513		4170		
74		540		4170		
74		647		4170		
74		468		4165		
74		401		3979		
74		399		3979		
74		376		3979		
74		295		3979		
74		275		3597		
74		297		3597		
74		401		3597		

Run no: 24
321		431		624		
321		457		3798		
321		405		536		
321		411		536		
83		374		536		
80		357		586		
80		364		593		
80		384		512		
71		372		566		
71		378		566		
71		351		519		
71		292		519		
71		205		524		
71		129		533		
71		132		546		
71		171		546		
71		249		546		
71		357		546		
71		375		542		
71		365		542		
71		341		542		
71		324		542		
71		412		542		
71		423		542		
71		407		542		
71		391		551		
71		352		551		
71		317		551		
71		304		557		
71		275		557		
70		316		557		

Run no: 25
344		434		571		
344		449		4707		
94		484		4708		
81		372		432		
80		370		432		
79		361		438		
79		359		440		
79		318		440		
79		293		3542		
79		231		3542		
79		136		3542		
79		270		3542		
79		222		3533		
79		212		3605		
67		259		3605		
67		214		3605		
67		301		3605		
67		388		3605		
67		291		3529		
67		333		3529		
67		244		3529		
67		455		3529		
67		613		3529		
67		585		3529		
67		552		3529		
67		376		3489		
67		421		3455		
67		265		3455		
67		392		3455		
67		202		3076		
67		167		3009		

Run no: 26
332		421		640		
86		402		645		
76		378		605		
76		397		3526		
76		368		3683		
76		447		4114		
76		413		3683		
76		288		4404		
68		173		4404		
68		207		4404		
68		245		4404		
68		301		4404		
68		195		4402		
68		192		4402		
68		129		4262		
68		130		4262		
68		131		4262		
68		184		4262		
68		284		4262		
68		285		4262		
68		337		4262		
68		181		4259		
68		337		4377		
68		344		4377		
68		177		4132		
68		228		4132		
68		231		4132		
68		184		4132		
68		229		4132		
68		226		4132		
68		320		4132		

Run no: 27
327		435		721		
327		449		3596		
327		511		3596		
89		550		3596		
89		780		3812		
89		1011		3615		
89		1237		3615		
89		1550		5571		
75		2338		5571		
75		1836		5571		
75		1917		5571		
75		1613		5570		
75		2185		5570		
75		3690		5578		
75		3162		5515		
75		2937		5515		
75		2078		5515		
75		1366		5512		
75		1451		5512		
75		1577		5512		
75		952		5784		
70		784		5784		
70		1250		5784		
70		1411		5784		
70		1273		5784		
70		904		5538		
70		266		5538		
70		265		5538		
70		422		5503		
70		625		5503		
70		182		5503		

Run no: 28
336		447		677		
336		471		4421		
336		653		4428		
94		924		4428		
94		1069		6996		
94		1056		6996		
83		1321		6996		
83		2003		6996		
70		1590		7000		
70		1151		7000		
69		759		6994		
69		1037		6994		
69		384		4170		
69		394		4170		
69		396		4170		
69		271		4170		
69		319		4170		
69		162		4104		
69		162		4104		
69		162		4104		
69		179		4104		
69		227		4109		
69		184		4098		
69		192		4098		
69		197		4098		
69		354		4098		
69		516		4098		
69		393		4057		
69		264		3827		
69		340		3827		
69		316		3599		

Run no: 29
337		426		614		
73		397		495		
73		417		4219		
73		399		4219		
73		414		4219		
73		447		5938		
73		357		5938		
58		553		5938		
58		419		5938		
58		384		5937		
58		584		5937		
58		870		5937		
58		1295		5937		
58		302		3275		
58		413		3304		
58		217		3304		
58		288		3209		
58		360		3209		
58		400		3209		
58		483		3209		
58		607		3267		
58		607		3267		
58		577		3267		
58		496		3270		
58		538		3273		
58		409		3154		
58		448		3154		
58		594		3154		
58		664		3154		
58		735		3154		
58		728		3154		
