
Run no: 0
93.98	
93.98	
90.2	
90.2	
90.13	
88.44	
88.44	
84.05	
84.05	
84.05	
84.05	
84.05	
84.05	
82.55	
81.07	
81.07	
78.98	
78.98	
78.98	
78.98	
78.98	
78.98	
78.83	
78.83	
78.83	
78.83	
78.83	
78.83	
78.83	
78.57	
78.57	

Run no: 1
91.32	
91.32	
87.31	
87.24	
87.24	
81.61	
81.61	
81.61	
81.61	
81.61	
81.41	
81.41	
81.41	
81.41	
81.41	
81.41	
81.41	
81.41	
81.41	
79.9	
79.9	
79.9	
79.9	
79.9	
79.9	
79.0	
79.0	
78.81	
78.81	
78.81	
78.49	

Run no: 2
89.64	
89.64	
89.64	
89.64	
75.25	
75.25	
75.25	
74.47	
74.47	
74.47	
74.47	
74.47	
74.26	
74.23	
73.87	
73.87	
73.76	
73.66	
73.66	
73.66	
73.66	
73.66	
73.66	
73.66	
73.66	
73.66	
73.04	
73.04	
73.04	
72.93	
72.93	

Run no: 3
86.13	
86.13	
86.13	
86.13	
80.04	
80.04	
80.04	
80.04	
79.55	
79.55	
79.55	
79.55	
79.55	
79.53	
79.53	
79.53	
79.48	
79.48	
79.43	
79.43	
79.43	
79.13	
79.13	
79.13	
78.88	
78.88	
78.88	
78.88	
78.85	
78.85	
78.85	

Run no: 4
91.39	
91.39	
91.39	
89.8	
89.8	
88.43	
87.0	
86.78	
86.78	
86.39	
86.36	
86.36	
86.33	
86.33	
86.33	
86.33	
86.2	
86.01	
84.42	
84.42	
84.42	
84.42	
84.28	
84.28	
84.28	
83.7	
81.7	
81.7	
81.7	
81.7	
81.7	

Run no: 5
93.55	
93.55	
85.22	
85.22	
85.22	
85.22	
85.22	
85.22	
82.36	
82.36	
82.36	
82.3	
82.3	
82.3	
82.3	
82.3	
80.78	
80.78	
80.78	
80.78	
80.78	
80.78	
80.78	
80.75	
80.75	
80.75	
80.75	
80.75	
80.75	
80.72	
80.72	

Run no: 6
91.24	
88.51	
87.2	
87.2	
87.2	
87.13	
87.13	
84.67	
84.67	
84.67	
84.67	
84.67	
84.67	
83.64	
83.64	
83.64	
83.64	
83.64	
83.64	
83.64	
83.64	
83.64	
83.19	
82.08	
80.5	
80.5	
80.5	
79.75	
79.75	
79.75	
79.75	

Run no: 7
93.25	
93.25	
92.33	
92.1	
92.1	
92.1	
91.11	
91.03	
90.64	
90.64	
88.94	
88.94	
88.94	
88.94	
88.94	
88.94	
88.94	
88.94	
88.23	
86.95	
86.95	
86.95	
85.11	
85.11	
85.11	
85.11	
85.11	
85.11	
83.68	
83.68	
83.68	

Run no: 8
91.87	
88.35	
88.35	
88.35	
88.35	
87.83	
87.83	
84.57	
84.57	
84.57	
83.99	
83.99	
83.99	
82.69	
82.69	
81.47	
81.47	
78.45	
78.29	
78.29	
78.29	
78.08	
78.08	
78.08	
78.08	
78.08	
78.08	
78.08	
78.08	
78.08	
78.08	

Run no: 9
94.88	
91.61	
91.61	
89.18	
89.18	
89.13	
89.13	
87.4	
87.4	
87.4	
87.4	
86.58	
86.58	
86.58	
86.58	
86.58	
86.58	
84.13	
84.13	
84.13	
84.13	
84.13	
84.13	
84.13	
84.13	
84.13	
82.89	
81.75	
80.35	
80.35	
80.35	

Run no: 10
93.38	
93.38	
93.38	
91.45	
85.72	
85.72	
85.72	
82.7	
82.7	
82.7	
82.7	
82.45	
82.45	
82.45	
82.45	
82.35	
82.35	
82.35	
82.11	
82.11	
82.11	
81.39	
81.39	
81.39	
81.39	
81.39	
81.39	
81.3	
81.3	
81.3	
81.3	

Run no: 11
89.71	
89.71	
89.71	
89.56	
89.56	
89.56	
89.56	
88.85	
88.16	
88.06	
88.06	
88.06	
88.06	
88.06	
88.06	
85.6	
85.6	
85.6	
85.6	
85.15	
83.87	
83.87	
82.52	
82.52	
82.52	
82.52	
82.52	
82.52	
82.22	
82.22	
82.22	

Run no: 12
92.43	
87.14	
87.14	
87.05	
86.15	
85.0	
82.9	
82.9	
82.8	
82.8	
82.8	
82.8	
82.75	
82.22	
81.41	
81.41	
81.41	
81.41	
81.41	
81.41	
81.4	
81.4	
81.4	
81.4	
81.4	
81.4	
81.4	
81.31	
81.31	
81.31	
80.8	

Run no: 13
95.59	
88.21	
88.21	
87.64	
86.53	
81.15	
81.15	
81.15	
81.15	
81.15	
81.15	
81.15	
80.79	
80.79	
80.37	
80.37	
80.37	
79.92	
79.92	
79.92	
79.92	
79.54	
79.54	
79.54	
78.8	
78.8	
78.8	
78.8	
78.76	
78.76	
78.76	

Run no: 14
96.16	
90.64	
90.64	
86.46	
86.46	
86.42	
86.42	
81.48	
81.48	
81.48	
81.48	
81.03	
81.03	
81.03	
80.86	
80.86	
80.86	
80.6	
80.6	
80.6	
80.5	
80.5	
80.5	
80.5	
80.5	
80.5	
80.5	
80.5	
80.5	
80.45	
80.45	

Run no: 15
94.5	
94.28	
89.88	
89.45	
86.95	
85.3	
85.3	
85.3	
85.3	
85.07	
84.86	
84.64	
84.64	
84.64	
82.68	
82.68	
82.53	
82.53	
73.39	
73.39	
73.39	
73.39	
73.22	
73.22	
73.22	
73.22	
73.22	
73.22	
73.22	
73.22	
73.05	

Run no: 16
88.72	
88.72	
88.72	
88.72	
87.85	
87.85	
85.17	
85.17	
85.14	
85.14	
85.14	
85.14	
85.14	
84.35	
84.35	
84.35	
84.35	
83.38	
83.38	
80.93	
80.93	
80.93	
79.35	
79.33	
79.3	
79.3	
79.3	
79.3	
79.3	
79.3	
79.3	

Run no: 17
92.61	
92.61	
91.29	
91.29	
89.91	
85.34	
85.34	
85.34	
85.34	
85.34	
85.34	
84.89	
84.89	
81.77	
81.77	
81.77	
81.74	
81.74	
81.74	
81.69	
81.69	
81.69	
81.69	
81.69	
81.69	
81.69	
81.69	
81.69	
81.69	
81.69	
81.69	

Run no: 18
89.37	
89.37	
89.37	
89.2	
88.35	
88.35	
88.35	
87.02	
86.76	
86.76	
86.76	
85.74	
85.3	
85.04	
85.04	
81.11	
81.11	
81.11	
81.11	
81.05	
81.05	
81.05	
81.05	
78.17	
78.17	
78.17	
78.17	
78.13	
78.13	
78.13	
78.13	

Run no: 19
93.25	
93.25	
89.27	
89.27	
89.27	
89.27	
88.12	
88.12	
88.12	
88.12	
88.12	
88.12	
88.03	
87.9	
87.9	
87.9	
87.89	
87.89	
86.88	
86.39	
86.39	
86.39	
86.39	
86.31	
86.31	
85.69	
85.69	
85.69	
85.69	
85.69	
85.31	

Run no: 20
94.91	
92.25	
92.25	
92.25	
89.64	
87.09	
87.09	
86.94	
86.94	
86.94	
83.37	
83.37	
83.17	
83.17	
83.17	
83.17	
83.17	
83.17	
79.53	
79.53	
79.53	
79.53	
79.53	
79.53	
79.53	
79.53	
79.53	
79.53	
79.53	
79.53	
79.53	

Run no: 21
90.07	
89.94	
89.94	
89.15	
82.51	
81.65	
81.65	
81.65	
81.65	
81.65	
81.65	
81.65	
81.57	
81.57	
81.42	
81.42	
80.62	
80.62	
80.62	
80.62	
80.62	
80.49	
80.49	
80.29	
80.29	
80.11	
80.11	
80.11	
80.11	
78.63	
78.63	

Run no: 22
92.57	
92.57	
92.57	
89.41	
89.41	
89.41	
89.41	
89.41	
88.96	
88.96	
88.96	
88.86	
88.86	
87.48	
87.48	
87.48	
87.48	
87.48	
83.24	
83.24	
83.24	
83.03	
83.03	
82.85	
82.85	
82.85	
82.74	
80.25	
80.25	
80.25	
80.25	

Run no: 23
88.38	
88.38	
88.38	
88.38	
88.38	
88.13	
88.13	
86.87	
85.75	
85.75	
85.75	
85.55	
83.13	
82.97	
82.97	
82.97	
82.97	
82.93	
82.93	
82.9	
82.4	
82.4	
82.4	
82.4	
82.11	
82.11	
82.11	
82.11	
80.66	
80.66	
80.66	

Run no: 24
89.89	
89.89	
89.89	
89.89	
89.24	
89.24	
89.24	
89.24	
88.52	
88.51	
86.42	
86.42	
86.42	
86.42	
86.09	
86.09	
86.09	
86.0	
85.65	
85.65	
85.65	
85.65	
85.65	
85.65	
85.65	
85.48	
85.48	
85.48	
85.32	
85.32	
85.32	

Run no: 25
90.77	
90.76	
90.4	
87.95	
87.95	
87.04	
87.04	
86.83	
82.02	
82.02	
82.02	
78.99	
78.99	
76.88	
76.88	
76.88	
76.88	
76.88	
75.13	
75.13	
75.13	
75.13	
75.13	
75.13	
75.13	
75.13	
74.54	
74.54	
74.54	
73.88	
73.78	

Run no: 26
90.85	
88.94	
88.94	
88.94	
88.94	
88.94	
88.94	
80.29	
80.29	
80.29	
80.29	
80.29	
80.29	
80.29	
80.14	
80.14	
80.14	
80.14	
80.14	
80.14	
80.14	
79.93	
79.43	
79.43	
79.43	
79.43	
79.43	
79.43	
79.43	
79.43	
79.43	

Run no: 27
95.01	
89.7	
89.7	
89.7	
89.7	
86.89	
86.89	
81.88	
81.23	
81.23	
81.23	
81.23	
81.23	
80.48	
80.18	
80.18	
80.18	
79.88	
79.88	
79.88	
79.82	
79.82	
79.82	
79.82	
79.82	
78.96	
78.96	
78.54	
76.71	
76.71	
76.71	

Run no: 28
92.27	
91.29	
90.99	
90.63	
88.12	
88.12	
88.12	
88.12	
83.93	
83.93	
83.93	
83.43	
78.37	
78.37	
78.37	
78.37	
78.37	
78.34	
78.34	
78.34	
76.83	
76.78	
76.63	
76.63	
76.63	
76.63	
76.63	
76.06	
76.06	
76.06	
76.02	

Run no: 29
95.36	
94.32	
87.08	
87.08	
86.88	
82.98	
82.98	
82.98	
82.98	
82.83	
79.3	
79.3	
79.3	
79.3	
79.05	
79.05	
79.05	
79.05	
79.05	
79.05	
78.97	
78.97	
78.97	
78.49	
77.05	
77.05	
77.05	
77.05	
77.05	
77.05	
77.05	
