
Run no: 1
0.53	1.07	0.29	-1.76	0.86	-2.7	0.28	0.63	0.71	-2.79	-0.54	-0.62	0.83	-1.99	0.84	-1.31	-6.45	-4.55	0.37	-6.17	0.21	-3.39	-6.27	-4.58	-1.55	-2.56	0.78	0.79	0.59	0.44	-2.02	1.04	-0.74	0.76	-7.4	-0.26	0.87	-0.96	-1.25	-0.51	
0.63	0.39	0.12	0.11	-1.47	-2.55	1.74	0.25	-3.87	-37.24	-36.19	-3.81	-36.19	0.22	-2.24	-3.01	-2.33	1.73	1.69	0.14	0.34	1.62	-2.36	-2.18	1.3	0.12	0.12	1.61	1.63	-4.03	-4.11	-35.36	-4.87	-0.37	1.68	-39.27	-38.11	-4.33	-0.39	1.5	

Run no: 2
1.04	-0.88	0.64	-0.17	-4.09	-2.78	0.75	-5.44	-3.35	-2.47	1.46	-2.54	0.07	1.16	0.09	0.08	-2.26	0.78	-1.39	-6.63	-3.11	-3.57	1.36	-0.93	-1.16	-5.48	-0.01	-3.41	-3.49	0.85	0.49	-5.49	-0.57	-8.56	0.27	0.72	0.87	0.45	-0.64	-2.14	
1.72	1.76	1.53	1.85	1.54	1.7	1.32	1.67	1.54	1.7	1.51	1.76	1.81	1.69	-42.48	-1.27	1.23	-41.83	1.45	-42.32	1.21	1.8	1.69	1.73	-42.38	-41.85	1.76	1.71	1.51	-42.42	-41.91	1.74	1.74	-0.16	-42.0	-42.51	1.48	1.89	1.76	-40.45	

Run no: 3
-0.39	-8.91	-4.42	-3.05	-1.16	-3.99	0.62	1.1	1.25	1.28	1.21	0.5	1.11	-3.33	0.67	0.13	1.0	-6.64	-4.04	-1.13	0.46	0.5	-3.27	1.18	0.4	0.72	0.56	1.15	0.67	-5.67	-1.47	-5.04	-2.91	-0.32	0.61	-5.35	0.29	-0.25	-0.84	-1.63	
1.7	1.09	-1.32	1.68	-0.4	-37.73	1.29	-8.64	1.53	-8.25	-37.34	0.92	-1.2	0.35	0.14	-1.34	1.67	1.62	0.25	1.69	-0.03	1.25	1.44	-34.81	1.42	-35.34	1.05	0.82	-38.02	-8.65	-37.28	1.69	1.27	1.34	0.66	-39.42	1.71	1.71	-36.78	0.64	

Run no: 4
0.75	0.7	-0.74	-0.62	-2.05	0.54	-1.87	0.67	0.94	0.27	0.78	-3.76	0.34	-0.99	0.85	0.85	0.79	1.06	-4.79	1.12	-4.52	0.54	-1.31	-0.9	-5.01	-2.05	-0.09	-1.18	1.27	0.23	0.88	-5.91	-1.08	-6.68	-2.27	-4.3	-1.05	-1.59	-3.15	-1.05	
1.68	1.69	1.65	1.4	1.35	1.72	-35.07	0.28	-36.34	-1.76	-35.85	1.73	-0.05	-1.9	0.94	-48.69	-37.33	-3.08	-34.58	-0.42	-5.02	-34.44	-1.52	1.72	-34.34	1.68	-0.04	1.05	1.32	1.12	-0.45	1.63	-37.12	-37.14	-3.77	1.61	-2.08	-1.51	-0.77	-35.41	

Run no: 5
-0.34	-0.36	-3.17	-0.53	1.08	-0.95	-0.49	-2.52	-0.58	0.73	0.52	0.95	0.88	-0.06	-4.94	0.93	0.91	0.99	-5.58	-0.2	0.25	-4.63	-1.04	0.53	-2.63	-4.82	-2.01	-2.55	1.04	-4.88	0.87	-1.65	-2.26	0.48	-4.65	-1.5	-1.3	1.01	-1.01	-1.32	
1.64	1.6	1.62	1.46	1.56	1.4	1.44	-0.73	1.7	1.73	1.58	1.64	0.73	1.61	1.6	1.59	1.16	1.59	1.6	1.45	1.52	1.57	1.53	0.95	1.58	1.61	1.63	1.6	1.52	1.53	0.47	1.34	1.53	1.09	1.28	1.38	0.92	1.08	1.2	1.51	

Run no: 6
0.56	0.5	1.07	-0.78	-1.37	0.38	-2.04	0.2	-3.35	-1.3	-0.09	-7.51	0.17	-1.69	-4.11	0.78	0.57	0.77	-0.59	-6.05	-0.77	-1.54	-1.84	-1.79	0.9	1.19	0.68	-3.24	0.96	-0.7	0.5	-3.73	-3.95	-4.86	-3.25	0.57	0.41	-0.24	0.9	-3.03	
1.7	-0.03	0.46	0.77	0.45	0.34	-0.12	1.69	0.2	0.38	1.6	-36.56	1.33	1.7	-0.26	-35.14	-0.98	-1.58	-0.7	-1.97	-34.89	-37.77	-36.1	-1.7	-1.56	-1.26	0.05	-0.05	1.23	-41.66	-37.64	0.77	-36.16	-2.04	-37.07	1.6	1.64	-36.83	-1.75	1.65	

Run no: 7
-2.68	-3.74	0.72	-7.45	-0.1	0.46	1.12	-6.47	1.3	0.97	-7.82	0.75	0.6	-2.54	-2.88	-5.67	0.17	-1.23	0.95	-0.31	0.76	0.77	-0.15	-3.47	0.61	-3.21	0.57	1.12	-0.95	0.7	-0.73	-6.85	-2.14	0.76	-0.78	0.53	-5.54	-5.17	1.01	-2.48	
1.76	1.69	1.76	1.72	1.29	1.62	0.2	-0.03	1.39	1.69	1.27	1.49	1.43	1.75	1.74	-38.93	1.32	1.69	1.42	1.48	1.77	1.75	1.76	1.76	1.71	1.49	1.71	1.43	1.45	1.5	1.75	1.12	1.23	-0.17	1.49	1.37	1.71	1.55	1.48	1.04	

Run no: 8
-2.38	-0.25	-0.01	-5.57	-2.83	-1.77	0.62	0.3	-2.8	-2.53	0.37	-0.6	-6.82	-3.61	-2.03	0.86	0.38	-2.93	0.84	-0.14	-3.85	-1.08	0.67	-3.04	-4.83	0.46	-0.11	0.55	-1.61	-0.63	0.6	-1.64	1.06	-2.03	-5.21	-5.19	-1.37	-1.09	0.57	-7.23	
1.68	1.65	1.65	-0.32	-0.5	1.45	1.6	1.55	-0.56	-0.41	-0.43	-0.51	1.45	1.18	0.88	1.68	1.5	1.57	1.64	1.6	1.18	-0.34	0.87	-33.89	-34.67	1.68	1.35	-0.41	1.69	1.56	1.67	1.74	1.53	1.67	1.27	-34.73	1.02	1.67	1.48	1.73	

Run no: 9
-1.16	-5.66	-3.03	0.65	-1.36	-0.79	-5.58	-6.91	1.15	-0.71	0.55	0.01	0.7	0.69	-2.55	1.06	1.13	-0.14	-0.09	0.27	-4.63	-2.73	-4.92	0.91	-1.99	-0.35	0.67	1.19	-0.24	-1.07	1.01	-2.39	-0.3	-4.13	-0.23	0.04	-0.94	-5.95	0.44	-3.05	
1.75	1.69	1.69	-1.82	-5.67	-7.3	1.76	1.4	0.96	1.08	1.15	-35.91	-4.31	-37.35	-37.32	-8.37	-36.72	-37.38	-1.83	0.04	1.75	-9.55	1.69	-38.3	-38.53	-39.37	-38.82	1.12	-39.36	1.68	-38.62	-38.04	-37.52	1.47	-0.98	-3.37	-37.34	-39.51	1.79	-37.08	

Run no: 10
0.97	-7.07	0.48	-0.33	0.92	0.43	-3.57	-0.16	-1.48	-2.02	-1.49	0.77	0.94	0.33	0.73	0.34	0.66	1.02	-2.29	-1.8	-5.27	-0.54	0.72	-2.12	0.59	0.45	-3.89	-3.56	-1.61	-2.08	-9.65	0.05	0.32	-3.31	-3.79	0.93	1.15	-9.79	-0.63	-0.5	
-0.2	1.61	0.81	-10.39	0.6	0.45	-0.12	0.41	1.23	-0.34	0.38	-33.89	-35.36	0.09	-30.77	-0.09	-33.14	1.2	-29.9	-0.98	-1.0	-10.8	-1.16	-1.37	-1.27	-1.94	-35.98	0.38	-35.82	-0.21	-1.7	-1.61	1.61	-37.33	-2.04	-35.83	1.59	-10.62	1.52	1.52	

Run no: 11
-4.94	-0.74	-0.41	0.81	0.91	-5.03	0.84	0.84	-4.85	-2.37	0.14	-1.83	0.8	-3.97	0.71	-1.26	-4.16	-0.61	-5.35	0.55	-7.33	0.73	-0.76	0.79	-4.94	-3.53	-0.9	1.05	1.07	0.32	0.92	0.89	0.36	-2.79	-4.29	-0.26	0.99	1.1	0.37	0.83	
1.8	1.76	1.47	1.55	1.76	0.43	1.74	-41.44	1.74	0.67	-37.87	1.34	-42.19	0.13	-36.29	-38.92	-48.66	-31.9	-31.93	-40.04	1.05	1.55	1.15	1.35	1.18	1.83	-42.91	-42.2	-38.97	-0.64	-31.45	-1.12	-2.99	1.74	-37.47	-3.06	0.32	-37.87	-41.49	-38.3	

Run no: 12
-0.7	0.47	0.95	-2.68	-2.07	0.93	0.8	-3.33	-0.05	-4.57	-3.13	0.84	0.26	1.16	-5.16	-0.2	-0.29	0.24	-6.86	0.18	-0.74	0.98	1.12	-3.76	1.07	-0.5	-2.49	0.88	-1.15	-5.17	-2.96	1.01	-6.28	-5.51	0.84	1.25	0.74	0.68	-0.71	0.81	
1.8	1.78	1.72	1.74	-1.48	0.99	-2.1	1.38	0.91	0.91	-2.29	-1.38	-43.79	0.97	-43.32	1.76	0.97	1.72	-0.89	1.07	-2.17	1.67	-3.92	1.75	-46.31	1.8	1.01	1.7	-41.66	1.67	-46.37	-43.05	-0.77	-0.8	0.43	-0.1	0.35	-0.74	-0.5	1.79	

Run no: 13
0.39	0.68	-5.31	-4.31	-6.46	-5.58	-0.21	-4.22	0.6	1.12	-2.36	0.8	0.55	-4.53	-0.42	0.53	0.83	-2.81	-2.91	-2.63	0.02	-2.36	-3.67	1.01	-6.95	0.58	-1.27	-2.48	1.22	1.05	0.6	-1.63	0.26	0.32	0.09	0.94	1.02	0.56	-3.54	-4.65	
1.67	1.66	-1.55	-2.14	1.58	1.05	-1.53	0.58	1.37	1.56	-1.73	-2.25	1.51	1.58	-2.01	-36.28	-0.16	1.08	-1.54	-37.41	1.56	1.43	1.58	-36.62	-2.43	-2.16	-1.75	1.51	1.5	0.38	0.17	-36.47	1.19	1.34	1.5	1.52	1.57	-31.93	1.17	1.63	

Run no: 14
0.83	-1.65	0.79	0.32	0.51	-4.95	0.67	-2.88	-4.36	-7.64	-2.98	0.13	-1.7	-2.67	1.24	0.6	-0.57	1.22	0.82	-1.58	0.96	-3.85	0.59	0.77	-0.83	-2.3	0.6	1.0	0.89	0.24	1.01	0.61	0.72	-0.84	-4.97	0.1	-2.72	-0.8	-6.25	-0.88	
-6.95	-35.85	1.56	-32.57	-35.36	1.45	-31.93	1.61	1.63	1.42	1.46	-6.97	-32.32	1.63	-8.05	-34.46	-35.12	-8.38	-43.19	-43.89	-41.83	-42.93	1.21	1.13	1.2	0.72	0.14	0.56	1.03	0.18	0.83	-34.39	-34.82	1.63	0.78	0.67	1.03	-35.41	1.12	0.88	

Run no: 15
0.33	-1.94	0.99	-1.07	0.55	-4.62	0.86	-2.92	-6.12	0.17	0.87	-5.94	-2.11	-2.87	0.07	0.55	-1.19	-1.54	0.68	0.79	-7.04	-2.71	0.67	0.42	1.03	-2.66	0.55	0.87	-4.16	-6.77	-5.42	-5.52	-0.96	0.93	-1.61	-0.91	0.22	0.46	0.83	-3.6	
1.67	1.66	-40.53	-47.05	-39.71	1.66	1.52	-39.19	-37.58	-0.87	1.66	-46.38	1.73	0.16	1.43	1.21	1.06	0.98	1.21	-23.25	-0.77	-39.44	-39.72	1.52	-39.33	-38.03	-0.74	-37.96	-0.08	-0.49	1.06	-40.17	0.15	1.67	-41.27	-0.08	-38.5	-40.42	-42.1	-39.3	

Run no: 16
1.01	0.25	-9.52	0.68	-4.04	0.63	-4.41	-0.95	0.85	-3.71	-4.76	0.78	-5.45	0.96	-0.87	-6.63	0.55	0.42	-8.72	-3.09	0.93	0.83	0.77	0.92	0.09	0.11	-0.73	-0.81	-2.6	-5.41	-5.33	0.7	-1.01	1.1	-1.62	0.55	-4.43	-2.79	-1.74	0.09	
1.2	1.77	1.01	1.59	1.73	1.55	0.6	1.76	-0.04	0.81	-28.7	-28.11	-29.72	-30.74	1.45	1.0	1.77	1.78	-27.65	1.29	1.4	1.4	-31.15	-0.13	1.77	0.54	1.02	1.59	1.58	-31.54	1.74	1.13	0.85	1.57	-31.21	-28.72	-2.5	1.38	1.45	-30.99	

Run no: 17
-1.3	0.42	-2.56	0.73	0.17	-4.38	0.02	0.61	0.47	-5.6	0.5	-2.84	-2.88	-5.09	0.6	0.52	-0.03	-6.55	-2.31	0.87	0.35	-1.57	1.11	0.18	-4.02	0.57	0.6	-2.01	0.71	-3.04	-1.31	0.64	-2.72	0.74	0.53	-3.56	0.63	-4.61	0.53	0.63	
1.56	0.67	1.52	0.12	-31.54	1.56	-30.42	1.52	-7.72	1.44	-2.24	-2.37	1.56	-6.99	-13.99	-3.29	-31.98	0.44	-31.51	-7.0	-7.0	-31.53	-7.38	-14.0	-31.86	-31.75	1.56	0.36	-30.99	-32.09	-31.63	-31.46	-31.34	0.01	-31.55	-7.0	0.77	-13.7	-7.4	-2.76	

Run no: 18
-0.14	-1.12	0.46	-3.5	-0.34	0.76	0.34	-2.51	-2.2	-0.28	0.78	-2.32	1.05	0.88	1.06	-6.35	-2.99	-0.01	-4.16	-2.69	0.66	-0.14	0.55	1.15	-5.33	1.08	0.6	-4.8	0.91	0.6	-0.28	0.56	1.14	0.94	-3.04	0.42	-5.82	0.97	0.88	-0.48	
1.66	1.66	1.62	1.62	1.64	1.61	-42.49	-48.31	-41.26	-39.11	-41.05	-45.32	0.93	-39.04	-52.84	-41.31	1.35	1.36	-43.17	1.65	-41.22	1.65	1.41	-41.4	1.11	-39.75	-45.09	-45.33	1.64	-54.24	-39.11	-39.91	-54.69	1.36	-44.84	1.58	0.27	-54.69	-40.46	-45.66	

Run no: 19
-1.05	-0.63	-4.34	-0.48	-4.29	0.62	-1.13	-3.82	-4.99	0.82	-1.63	-3.24	-0.57	1.04	-2.62	-1.87	0.91	-8.89	0.74	0.58	-0.33	-6.55	1.23	0.48	0.26	-5.1	1.11	-0.86	0.96	-8.84	0.69	-3.76	-3.65	0.35	0.77	-1.11	1.31	0.96	-2.31	-0.34	
1.72	1.23	1.81	1.32	0.71	1.72	1.78	1.57	1.32	-11.1	-33.45	-43.9	0.26	1.46	-44.75	0.93	-34.75	-10.44	0.61	0.36	1.25	-10.61	1.47	-44.35	1.08	1.13	0.88	-11.32	1.36	1.06	-44.07	-44.22	0.92	-11.75	-10.35	0.29	-33.59	-33.2	-9.04	-9.5	

Run no: 20
0.24	0.79	0.58	0.06	0.67	-2.61	-0.68	0.77	1.18	-4.72	-4.76	-0.02	1.0	-4.28	1.01	-0.66	-0.8	0.11	-3.37	-5.52	-5.08	-4.5	0.45	-1.94	-0.09	1.08	0.49	-1.05	0.77	0.81	-6.17	1.25	0.99	1.01	-3.9	0.65	-5.65	0.42	-6.41	0.35	
1.66	1.07	1.69	1.37	1.64	1.39	1.14	1.37	1.74	-0.41	1.1	-33.06	1.32	-0.26	1.64	-0.35	-34.9	-1.22	-32.9	1.56	1.63	1.7	-34.87	1.28	-0.53	-35.01	-33.73	-34.23	1.77	1.69	1.29	0.73	-34.87	1.72	-34.48	1.71	1.7	-34.74	-35.16	-34.87	

Run no: 21
0.87	0.6	0.35	-5.04	-4.0	-6.82	0.71	-4.17	0.31	-0.83	0.22	0.34	0.23	-4.47	0.84	-1.77	1.15	-3.22	0.8	-5.02	-5.6	-1.79	-2.55	0.54	0.56	-2.27	-3.87	-0.3	-0.27	1.11	0.79	0.17	0.22	0.55	-3.02	0.82	0.57	0.49	-0.79	-4.3	
1.51	1.55	1.51	1.46	-1.43	-46.37	1.5	-35.05	-0.61	-44.21	1.44	-35.5	-35.5	-28.45	1.27	-5.42	1.17	-34.27	1.47	1.49	-43.87	-44.49	-43.81	-45.39	-36.21	-29.04	-1.16	1.54	1.36	1.52	-36.09	-44.9	-38.11	-43.4	-33.79	1.44	-38.83	-36.94	-44.7	-38.63	

Run no: 22
-1.25	-2.71	0.94	-4.18	-3.23	1.13	0.37	-4.94	0.71	-10.24	-0.06	0.81	-0.13	0.7	-1.28	-1.92	0.84	-1.08	0.84	0.8	0.03	-5.42	-4.4	-1.68	0.77	1.01	0.71	-5.07	-0.14	1.08	0.79	0.85	0.86	1.07	-4.44	0.05	-0.51	-5.52	0.64	0.68	
1.65	1.55	1.22	0.84	-34.67	-0.51	1.62	1.45	0.68	1.17	-35.69	-33.96	-35.06	-35.11	-35.97	1.12	-35.42	1.66	-35.63	-33.5	1.33	1.64	1.66	-33.12	0.81	-2.62	1.68	1.61	0.47	0.49	0.09	1.64	-0.07	-32.96	1.26	1.67	0.52	1.62	1.61	1.05	

Run no: 23
-4.53	0.47	-0.26	-5.43	0.62	-2.48	0.41	0.5	-0.43	0.92	0.34	-1.91	0.06	-0.85	0.79	1.09	-0.67	-6.64	-0.32	-0.53	-5.02	-0.9	0.22	-0.7	-0.1	0.83	-0.89	-0.36	-3.25	0.2	1.28	1.12	-5.53	0.78	0.76	0.54	-2.21	-7.65	0.85	0.54	
1.73	1.66	0.51	-32.17	-2.75	0.04	-39.14	-2.55	-29.39	1.25	-39.84	1.69	1.65	1.34	-39.93	-29.23	0.96	-38.59	-40.87	-2.08	-0.74	-1.1	-41.16	0.47	1.64	1.54	1.67	-39.72	-31.92	1.08	0.9	-2.41	1.64	1.63	1.21	1.43	0.93	-11.67	0.44	-12.08	

Run no: 24
-1.23	-1.84	0.86	0.31	-2.01	-2.61	0.8	0.55	-0.63	-4.02	0.96	-1.49	1.22	-5.34	-5.76	-1.98	0.44	1.11	-2.17	0.73	-3.76	-5.83	1.1	0.39	-3.46	0.76	-2.87	0.17	0.96	-0.81	-4.79	-0.73	-4.29	0.42	-0.76	0.56	0.9	-2.4	-4.46	-1.16	
1.66	-30.04	1.65	-38.26	1.52	-49.63	-46.61	-47.12	1.61	-5.49	-5.42	-8.32	-30.53	-43.05	-30.79	-29.8	-33.79	-29.95	-38.09	-31.91	-32.44	-34.28	-30.23	-29.96	-41.68	-41.7	-48.73	-40.72	-8.42	1.46	1.62	-49.31	-6.03	-46.64	-5.79	-5.92	1.61	1.43	-27.63	-27.22	

Run no: 25
0.95	-5.85	-2.27	0.26	1.02	0.5	-0.11	0.37	-4.1	0.13	1.06	-2.34	0.22	-4.34	-1.79	0.47	-0.47	-2.81	-3.44	0.92	-2.86	1.01	0.69	-4.81	0.88	-2.55	-8.15	-2.13	-5.13	0.93	1.19	-0.61	-0.46	0.2	-0.68	0.47	0.82	0.42	-0.65	-1.75	
1.55	1.48	1.55	1.43	-3.01	0.8	-32.45	1.23	-2.81	-3.61	-38.39	-3.46	-34.15	-38.77	-3.25	-33.19	-35.67	-2.65	-33.13	-3.61	1.46	1.36	1.4	1.0	-37.91	1.54	-37.95	-37.42	-2.65	1.13	1.36	-32.85	-5.23	-4.63	-38.27	-38.71	-37.91	1.54	0.09	-33.49	

Run no: 26
0.97	-0.27	-0.97	0.94	0.68	-1.53	0.75	0.54	0.08	0.59	0.82	-1.79	0.19	-1.52	0.52	-2.23	-1.72	0.52	0.28	-4.88	-3.84	-1.09	0.54	0.3	0.55	0.51	-0.6	0.46	-0.11	0.41	-4.44	0.8	-0.48	0.65	0.51	0.53	0.58	0.76	-1.39	-1.1	
1.48	1.49	-0.55	1.05	1.05	0.82	-0.83	-43.15	1.27	-1.31	-42.89	-42.8	-1.27	1.44	-48.59	-43.61	0.61	-0.56	-45.92	-42.67	-41.69	-41.78	-0.6	0.82	-42.71	-0.55	-43.57	-7.09	-47.42	-48.71	1.46	1.04	1.52	-36.17	-48.37	-46.43	-43.36	-45.64	-0.69	0.45	

Run no: 27
-1.75	-10.82	-1.23	-2.51	-1.16	-2.39	-0.8	0.48	1.11	-5.29	-4.35	0.99	-5.31	0.68	1.07	0.83	1.07	-3.59	0.95	-0.4	0.98	0.94	-3.63	-7.67	-0.02	-0.75	1.25	0.41	-4.23	-0.19	-6.04	-7.2	0.51	-1.24	0.94	0.14	-0.33	0.02	-4.95	0.81	
1.84	1.74	1.79	1.85	1.62	1.7	1.58	-47.65	-45.84	-45.48	1.44	0.38	-42.73	-44.46	-2.07	-46.64	-42.69	-47.79	-44.31	-45.72	1.81	1.61	1.69	1.73	1.59	1.61	-0.71	-43.2	-47.67	1.8	-1.27	1.8	-47.66	1.93	1.73	1.64	-46.57	-47.49	-43.2	-44.99	

Run no: 28
-7.27	0.61	1.11	-3.46	0.22	1.02	-4.62	-3.78	0.99	-3.27	-6.86	-4.1	-2.24	-2.0	-0.03	-4.58	1.09	-2.61	0.78	0.6	-6.98	-4.84	-3.03	-3.34	-2.06	0.31	-3.91	-3.22	-0.91	-8.25	-0.91	-6.47	-1.25	-1.85	1.07	-7.41	1.07	-6.23	-1.71	0.92	
1.87	1.87	1.8	1.75	1.74	-47.29	-53.23	1.83	-51.71	-49.68	-50.11	-51.73	-50.62	-52.09	-54.39	1.86	-53.9	1.85	-52.88	-49.49	1.86	1.81	1.66	-52.79	-52.45	1.87	-51.02	1.86	1.63	1.73	1.58	-51.8	-52.82	1.87	-0.59	-52.47	1.86	-42.21	1.52	-41.35	

Run no: 29
-0.1	1.19	-1.42	-3.64	-3.55	-3.88	0.53	-4.49	-8.4	-0.27	-1.03	0.51	-2.49	0.04	1.43	-2.28	-5.37	0.94	0.11	-2.32	0.04	0.93	-2.64	0.08	0.94	-6.01	-3.09	-1.13	-3.08	0.78	0.5	-3.2	-2.25	0.51	-3.11	-0.1	0.98	-4.56	-2.08	0.37	
1.7	1.7	1.68	1.02	1.26	1.44	1.06	1.28	1.0	1.68	0.89	1.46	1.28	1.72	1.6	1.65	1.72	1.27	1.59	1.53	1.7	1.5	-0.19	1.64	1.69	1.66	1.44	1.7	1.65	1.72	1.65	-43.13	1.63	0.96	1.66	-42.98	1.58	1.47	1.62	1.58	

Run no: 30
-1.83	-5.51	-6.91	0.51	1.16	-0.93	-5.7	-3.62	-0.09	-1.73	0.77	0.92	1.19	-2.73	-1.63	0.44	0.12	0.93	0.54	-4.9	0.53	-0.3	-0.28	-4.25	0.38	0.73	-0.53	0.6	-2.52	0.1	-1.61	0.3	-1.01	-1.38	0.65	-6.93	-1.78	0.83	0.9	0.87	
1.64	0.78	1.6	1.63	-0.04	-3.62	-29.17	-0.55	-25.61	-27.0	-27.37	1.6	-30.49	-0.8	0.16	-0.71	-27.68	-26.41	-30.25	1.61	1.58	-27.87	-25.97	-26.87	-0.82	-0.83	0.68	0.2	-26.74	1.33	0.07	-30.7	-0.18	-0.89	-27.69	-30.15	1.45	-45.63	-26.89	-30.35	
