
Run no: 1
301		363		431		
301		451		4421		
152		440		4421		
152		525		4423		
152		714		4423		
152		605		4423		
152		808		4423		
152		1100		4423		
152		1168		4423		
152		1049		4420		
152		1342		4411		
152		1336		4411		
152		1450		4411		
152		1552		4411		
152		1640		4367		
152		1338		4367		
152		924		4341		
152		918		4340		
152		903		4255		
152		805		4255		
152		805		4255		
152		713		4255		
152		895		4255		
152		993		4255		
152		984		4255		
152		1179		4255		
152		1186		4244		
152		1093		4239		
152		1094		4130		
152		1324		5023		
152		1276		4126		

Run no: 2
316		364		411		
228		351		409		
228		422		3552		
210		587		3606		
210		1025		5353		
210		968		3619		
204		1031		3619		
201		1187		3619		
201		1413		3619		
201		1637		3619		
201		1292		3619		
201		1284		3619		
201		1243		3488		
201		1178		4128		
201		981		4128		
201		832		4128		
201		832		4128		
201		1194		4128		
201		1424		4110		
201		1925		4110		
201		1940		4110		
201		1798		4110		
201		1743		4110		
201		1574		4110		
201		1869		4110		
201		1786		4110		
201		1720		4112		
201		1413		4112		
201		1218		4112		
201		1550		4112		
201		1503		4059		

Run no: 3
284		363		403		
284		458		4441		
284		440		3861		
284		600		3861		
172		762		3861		
172		1028		3867		
172		1282		3888		
172		1437		3865		
172		1334		3851		
172		1161		4101		
172		1150		4101		
172		1238		4298		
172		1506		4298		
172		1057		3910		
172		1380		3910		
172		1104		3910		
172		1011		3785		
172		1013		3785		
172		1086		3785		
172		1161		3776		
172		1338		3776		
172		1422		3807		
172		1250		3807		
172		1015		4906		
172		1094		4906		
172		1327		4906		
172		1164		4906		
172		1326		4906		
172		1268		4906		
172		1326		4906		
172		1435		4906		

Run no: 4
286		365		407		
249		352		399		
236		345		417		
224		336		417		
224		318		381		
224		423		4568		
224		523		4573		
224		764		5479		
224		755		5479		
224		853		5479		
224		1351		5479		
224		1878		5479		
224		1845		5479		
224		1946		5479		
224		1860		5479		
224		2265		5479		
224		2196		5479		
224		2318		5479		
224		2317		5384		
224		2170		5384		
224		2235		5384		
224		2093		5384		
224		2334		5384		
224		2475		5384		
224		2641		5384		
224		2618		5338		
224		2669		5338		
184		2698		5338		
184		2526		5338		
184		2428		5330		
184		2386		5330		

Run no: 5
298		364		430		
298		434		3922		
214		510		3922		
214		588		3922		
214		863		4378		
214		940		4378		
214		941		4378		
174		936		4378		
174		1193		4378		
174		1257		3923		
174		1509		3923		
174		1507		3923		
174		971		3896		
174		977		3896		
174		1067		3879		
174		708		3879		
174		784		3619		
174		870		3619		
174		769		3619		
174		608		3619		
174		613		3619		
174		518		3511		
174		340		3511		
174		341		3511		
174		430		3512		
174		520		3512		
174		591		3511		
174		581		3511		
174		579		3511		
174		588		3377		
174		521		3367		

Run no: 6
296		357		413		
296		428		3332		
296		424		3332		
218		419		3332		
218		408		3332		
218		411		3332		
218		413		3332		
218		401		3332		
218		410		3332		
218		474		3349		
218		473		3349		
218		461		3349		
218		614		3358		
218		623		3358		
218		548		3358		
218		709		4251		
218		896		4251		
218		932		4251		
218		1247		4251		
218		1277		4251		
218		1171		4251		
218		1157		4251		
218		1344		4250		
218		1252		4237		
218		967		4237		
218		793		4237		
218		703		4147		
218		888		4145		
218		999		4145		
218		1163		4155		
218		772		4145		

Run no: 7
284		354		412		
239		336		397		
239		398		3071		
165		393		3071		
165		374		3071		
165		363		3071		
165		352		3071		
165		356		3071		
165		363		3071		
165		285		393		
165		277		384		
165		288		385		
165		393		4292		
165		399		4292		
165		406		4292		
165		394		4292		
165		381		4292		
165		384		4292		
165		382		4292		
165		388		4292		
165		398		4292		
165		391		4292		
165		398		4292		
165		387		4292		
165		282		418		
164		281		418		
164		299		411		
164		306		411		
164		312		411		
164		309		415		
164		311		415		

Run no: 8
315		360		427		
245		354		444		
226		346		434		
214		331		434		
214		409		4291		
214		303		350		
214		303		350		
214		292		350		
214		297		350		
214		292		350		
214		282		350		
214		385		3961		
214		297		355		
214		288		355		
214		379		3895		
214		383		3895		
214		297		351		
214		294		356		
214		291		356		
214		292		356		
214		285		352		
214		279		352		
214		280		354		
214		283		354		
214		276		354		
214		369		3707		
214		453		3708		
214		451		3708		
214		539		3708		
214		537		3708		
214		530		3707		

Run no: 9
331		369		442		
288		361		420		
182		352		420		
182		339		412		
182		334		368		
182		421		4101		
182		687		4107		
182		968		4334		
182		1150		4334		
182		1206		4334		
182		1211		4334		
182		1035		4347		
182		1129		4347		
182		1307		4347		
182		1189		4289		
182		1208		4289		
182		1573		4305		
182		1448		4305		
182		1520		4305		
182		1511		4305		
182		1582		4305		
182		1669		4311		
182		1672		4311		
182		1527		4311		
182		1204		3993		
182		1183		3993		
182		1380		4014		
182		1468		4014		
182		1307		4014		
182		1528		5222		
182		1819		5222		

Run no: 10
302		359		412		
302		435		3700		
186		509		3734		
186		600		3895		
186		429		3981		
186		337		474		
186		320		474		
186		321		474		
186		323		474		
186		315		474		
186		305		377		
186		301		380		
186		297		377		
186		297		383		
186		302		384		
186		303		384		
186		296		442		
186		302		442		
186		297		442		
186		301		511		
186		297		511		
186		296		511		
186		310		511		
186		291		442		
186		298		442		
186		296		442		
186		299		396		
186		293		396		
186		297		411		
186		298		397		
186		296		397		

Run no: 11
304		358		418		
304		432		3436		
304		539		4855		
262		571		4858		
262		560		4858		
262		447		4855		
239		331		372		
239		327		372		
190		319		435		
190		317		435		
190		315		435		
190		413		4192		
190		517		4192		
190		422		4156		
190		515		4156		
190		524		4156		
190		515		4156		
190		603		4156		
190		687		4111		
190		694		4111		
190		594		4057		
190		667		4056		
190		572		3932		
190		575		3932		
190		654		3906		
190		740		3906		
190		814		3906		
190		551		3721		
190		557		3721		
190		625		3721		
190		617		3720		

Run no: 12
292		359		421		
292		426		3314		
209		414		3314		
209		484		3314		
206		544		3314		
206		600		3314		
206		840		3314		
206		1091		3314		
206		970		3314		
206		976		3322		
206		733		3322		
206		947		3322		
206		802		3291		
206		946		3291		
190		802		3291		
190		727		3262		
190		659		3262		
190		577		2955		
190		690		2989		
190		686		2989		
190		807		2989		
190		838		2989		
190		769		2989		
190		833		2989		
190		755		2989		
190		754		2989		
190		600		2989		
190		609		2890		
190		789		2890		
190		800		2889		
190		865		2889		

Run no: 13
292		357		435		
292		431		3803		
292		517		3818		
204		513		3818		
204		689		3819		
204		764		3819		
204		752		3803		
204		912		3803		
204		988		3802		
204		819		3802		
204		1141		3802		
204		1057		3802		
204		974		3815		
204		1065		3815		
204		895		3801		
204		982		3801		
204		893		3801		
204		817		3807		
204		306		398		
204		305		393		
204		311		394		
204		304		394		
204		303		436		
204		296		385		
204		286		384		
204		288		384		
204		283		387		
204		274		387		
204		378		4304		
204		376		4304		
204		378		4304		

Run no: 14
305		361		432		
305		435		3695		
262		521		3700		
262		684		3734		
262		764		3734		
262		691		3734		
262		606		3734		
262		761		3734		
262		1012		3734		
262		752		3680		
262		579		3334		
262		368		533		
262		363		534		
216		373		534		
216		339		534		
216		348		536		
216		356		539		
216		353		539		
216		353		539		
216		362		539		
216		354		539		
216		361		539		
216		355		531		
216		349		453		
216		355		453		
216		353		453		
216		352		453		
216		358		454		
216		355		454		
216		359		454		
216		377		454		

Run no: 15
295		362		426		
295		448		4022		
295		546		4722		
295		622		4722		
295		833		4722		
295		833		4722		
222		1036		4722		
222		1293		4668		
222		1685		4668		
222		1494		5454		
215		1224		5454		
214		1318		5460		
214		1348		5454		
214		1298		5454		
214		1083		5454		
214		1001		5454		
214		1167		5445		
214		831		3913		
214		601		3701		
214		651		3905		
214		650		3905		
214		737		3905		
214		820		3905		
214		886		3905		
214		794		3707		
214		703		3536		
214		844		3536		
214		1018		4549		
214		1056		3536		
214		910		3536		
214		1125		3535		

Run no: 16
283		356		444		
241		341		410		
241		429		4291		
241		620		4303		
241		620		4303		
226		712		4304		
226		1088		4303		
195		972		4303		
195		1228		4303		
195		737		3794		
195		736		3794		
195		811		3794		
195		811		3794		
195		716		3794		
195		793		3794		
195		795		3794		
195		794		3794		
195		957		3659		
195		955		3659		
195		801		3659		
195		790		3659		
195		950		3659		
195		861		3659		
195		692		3607		
195		691		3607		
195		768		3607		
194		758		3605		
194		669		3466		
194		823		3466		
194		593		3433		
194		665		3341		

Run no: 17
304		363		447		
264		355		404		
264		418		2935		
264		501		3752		
264		568		3752		
264		740		4380		
264		793		4380		
264		998		4380		
264		1152		4380		
264		1117		4193		
150		1104		4193		
150		1065		4199		
150		1342		4920		
150		1411		4920		
150		1400		4920		
150		1500		4920		
150		1716		4920		
150		1614		4919		
150		1762		4919		
150		1657		4919		
150		1902		4744		
150		1514		4744		
150		1283		4594		
150		1425		4594		
150		1378		4592		
150		1649		4592		
150		1701		4592		
150		1764		4592		
150		1622		4592		
150		1676		4592		
150		1620		4592		

Run no: 18
303		359		411		
303		428		3443		
303		425		3208		
303		516		4001		
165		594		4001		
165		786		4452		
165		881		4452		
165		969		4452		
165		1270		4456		
165		1415		4456		
165		1486		4456		
164		1446		4458		
164		1355		4409		
164		1162		4372		
164		1516		4372		
164		1395		4372		
164		1455		4372		
164		1677		4372		
164		1533		4438		
164		1910		4438		
164		2013		5027		
164		1841		4438		
164		1750		4438		
164		1772		4433		
164		1634		4433		
164		1721		4433		
164		1429		4433		
164		1352		4420		
164		1511		4420		
164		1429		4427		
164		1611		4421		

Run no: 19
310		359		453		
310		443		3845		
194		432		3845		
194		341		443		
194		331		481		
194		315		481		
194		312		481		
194		310		481		
194		372		3371		
174		507		3377		
174		483		3377		
174		695		3436		
174		765		3436		
174		843		3377		
174		1138		3377		
174		1126		3377		
174		1186		3377		
174		1160		3377		
174		1076		3377		
174		1218		3377		
174		1423		3377		
174		1338		3272		
174		1257		3272		
174		1185		3272		
174		1106		3272		
174		1308		3272		
174		1166		3272		
174		1188		3884		
174		956		3272		
174		1084		3272		
174		1064		3030		

Run no: 20
312		365		447		
312		459		4528		
312		750		4528		
312		622		4301		
312		766		4301		
312		927		4301		
312		1009		3713		
312		930		3657		
312		1171		3657		
252		1158		3657		
252		1385		3657		
252		1466		3657		
252		1612		3657		
252		1826		3592		
252		1916		3592		
252		1820		3592		
196		1416		3592		
196		1421		3592		
196		1326		3592		
196		1150		3592		
196		1008		3742		
196		1016		3748		
196		1167		3748		
196		1413		3748		
196		1531		3748		
196		1303		3748		
196		1386		3748		
196		1363		3653		
196		1110		3638		
196		938		3638		
196		927		3638		

Run no: 21
302		361		437		
236		349		437		
236		438		4046		
206		613		4046		
204		882		4049		
204		1140		4101		
204		1235		4106		
204		1280		4106		
204		1178		4106		
204		1172		4076		
204		1177		4029		
204		996		3906		
177		1339		3908		
177		1330		3908		
177		1148		3908		
177		1157		3927		
177		1402		3927		
177		1392		3927		
177		1304		3937		
177		1386		3937		
177		1050		3937		
177		853		3734		
177		1005		3734		
177		1005		3734		
177		999		3734		
177		1082		3734		
177		1080		3731		
176		1149		3731		
176		1064		3709		
176		1043		3661		
176		956		3661		

Run no: 22
289		360		411		
289		423		2955		
228		410		2955		
228		582		4721		
228		792		4734		
228		1136		4734		
228		1337		4752		
228		1363		4752		
228		1597		5713		
228		1305		5713		
228		1369		5713		
228		1678		5713		
228		1616		5713		
228		1715		5713		
228		1680		5677		
228		1269		5677		
228		1516		5677		
228		1735		5672		
228		1376		5672		
228		1265		5672		
228		1140		5658		
228		1194		5395		
228		1414		5425		
228		1893		5425		
228		1912		5432		
228		1849		5432		
228		1771		5707		
228		1768		5707		
228		1922		5707		
228		1617		5245		
228		1868		5245		

Run no: 23
300		357		420		
300		445		4157		
265		438		4157		
248		430		4157		
234		427		4157		
234		426		4157		
234		586		4157		
193		778		4202		
193		646		4132		
193		718		4132		
193		475		4030		
193		582		4385		
193		388		4404		
193		285		360		
193		286		365		
193		294		382		
193		295		383		
193		290		365		
193		368		3602		
193		286		370		
193		285		370		
193		275		359		
193		271		359		
193		278		379		
193		290		379		
193		291		360		
193		283		360		
193		285		360		
193		364		3919		
193		367		3919		
192		366		3919		

Run no: 24
303		362		428		
303		433		3501		
303		426		3501		
303		600		4469		
303		679		4469		
303		776		4469		
207		830		4469		
207		817		4469		
207		1097		4469		
207		1046		4470		
207		1128		4470		
207		833		4469		
207		829		4442		
207		932		4442		
169		710		4371		
169		513		4288		
169		513		4288		
168		508		4288		
168		514		4288		
168		513		4288		
168		514		4288		
168		508		4288		
168		495		4288		
168		392		4233		
168		395		4233		
168		392		4233		
168		292		429		
168		289		429		
168		290		494		
168		295		435		
168		304		435		

Run no: 25
288		367		439		
234		357		410		
234		353		503		
234		452		4224		
234		538		4224		
234		695		4240		
234		605		4240		
234		679		4240		
202		680		4240		
202		779		4240		
173		862		4240		
173		1125		4240		
173		1140		4240		
173		991		3825		
173		900		3825		
173		651		3825		
173		682		4050		
173		597		4050		
173		699		4050		
173		705		4057		
173		512		4057		
173		499		4057		
173		506		4057		
173		593		4057		
173		685		4057		
173		778		4057		
173		579		3824		
173		494		3824		
173		496		3824		
173		392		3824		
173		308		463		

Run no: 26
297		361		417		
297		445		4099		
214		438		4099		
214		435		4099		
214		326		397		
214		323		394		
214		422		4427		
214		518		4450		
214		617		4450		
214		606		4450		
214		717		4450		
214		1020		4450		
214		1351		5547		
214		1536		5547		
173		1512		5547		
173		1759		5547		
173		2050		5547		
173		1320		5547		
173		1206		5547		
173		1197		5547		
173		1359		5332		
173		907		5177		
173		1057		5177		
172		1250		5177		
172		1628		5181		
172		1384		5181		
172		1675		5177		
172		1850		5177		
172		1895		5183		
172		2062		5183		
172		2080		5183		

Run no: 27
299		360		455		
227		348		426		
227		442		4177		
227		352		490		
227		354		507		
227		347		435		
227		426		3865		
227		423		4110		
207		609		4280		
207		503		4111		
207		503		4111		
207		691		4112		
207		884		4143		
207		874		4143		
207		775		4143		
196		857		4143		
180		757		4143		
180		835		4143		
180		1112		4143		
180		1271		4143		
180		1147		3921		
180		1290		3921		
180		1525		3921		
180		1340		3921		
180		1338		3921		
180		1327		3921		
180		1632		4818		
180		1612		4818		
180		1520		4818		
180		1474		4818		
180		1834		4818		

Run no: 28
300		359		450		
300		425		3487		
205		341		450		
205		417		3546		
204		406		3546		
204		500		4440		
204		568		4065		
204		736		4065		
204		815		4065		
204		810		4065		
200		819		4066		
200		771		4067		
200		862		4067		
200		854		4067		
200		848		4067		
200		741		4067		
200		616		4063		
200		447		4004		
200		447		4004		
200		511		4004		
200		842		4004		
200		738		3934		
200		818		3899		
200		1134		3899		
200		1114		3899		
200		1103		3618		
200		1155		5093		
200		1248		5093		
200		1327		4983		
200		1278		3618		
200		1264		3576		

Run no: 29
304		369		446		
304		455		4063		
194		634		4063		
194		712		4066		
194		1074		4066		
194		1069		4066		
194		1702		4105		
194		1689		4105		
194		1667		4105		
194		1477		4071		
194		945		3946		
194		937		3899		
194		1027		3899		
194		931		3782		
194		1067		3782		
194		953		3782		
194		877		3773		
194		789		3676		
194		943		3707		
194		918		3707		
194		845		3671		
194		927		3671		
194		1047		3571		
194		949		3518		
194		845		3429		
194		1187		4691		
194		1109		4691		
194		1219		4691		
194		1210		4691		
194		1203		4691		
194		1383		4691		

Run no: 30
291		354		408		
291		450		4394		
224		551		4394		
224		750		4495		
224		1137		4495		
224		1096		4394		
176		1468		4394		
176		1641		4394		
176		1567		4285		
176		1652		4290		
176		1366		4290		
176		1444		4290		
176		1518		4290		
176		1708		4290		
176		1622		4290		
176		1866		4290		
176		1952		4296		
176		1392		4514		
176		1288		4514		
176		1405		4524		
176		1398		4524		
176		1306		4524		
176		1312		4524		
176		1584		4524		
176		1720		5692		
176		1795		5692		
176		1583		5692		
176		1430		5692		
176		1119		5692		
176		1196		5692		
176		1235		5692		
