
Run no: 1
59.56	
57.52	
57.52	
57.49	
57.49	
57.49	
55.99	
55.99	
55.99	
55.99	
55.82	
55.82	
55.67	
55.26	
55.26	
55.26	
55.16	
54.23	
54.23	
54.23	
54.23	
54.23	
54.1	
54.1	
54.1	
53.37	
53.32	
53.32	
52.95	
52.95	
52.95	

Run no: 2
67.32	
67.32	
60.28	
60.23	
57.97	
57.93	
57.93	
57.93	
57.93	
57.42	
57.42	
57.39	
57.39	
54.21	
54.21	
54.21	
54.21	
54.16	
54.09	
54.09	
54.09	
54.09	
54.09	
54.09	
54.09	
54.02	
54.01	
54.01	
54.01	
54.0	
53.76	

Run no: 3
66.14	
66.14	
62.74	
62.74	
62.74	
62.74	
62.6	
62.6	
62.13	
59.94	
59.57	
59.57	
59.57	
59.51	
59.5	
59.5	
59.5	
59.5	
59.5	
59.5	
58.29	
58.29	
58.29	
53.55	
53.55	
53.55	
53.55	
53.55	
53.55	
53.55	
53.55	

Run no: 4
62.12	
61.93	
61.93	
61.93	
61.93	
55.8	
55.8	
51.88	
51.88	
51.88	
51.88	
51.88	
51.88	
51.88	
51.88	
51.88	
51.88	
51.88	
51.88	
51.88	
51.88	
51.88	
51.88	
51.88	
51.88	
51.88	
51.88	
51.88	
51.55	
51.55	
51.55	

Run no: 5
67.27	
62.02	
62.02	
62.02	
62.02	
62.02	
62.02	
62.02	
62.02	
61.71	
61.71	
61.71	
61.38	
61.38	
61.38	
57.19	
57.19	
57.19	
57.19	
57.19	
55.28	
55.28	
55.28	
55.28	
55.28	
55.28	
55.28	
55.28	
55.28	
55.28	
55.28	

Run no: 6
64.77	
61.58	
61.58	
61.58	
61.58	
61.58	
61.58	
61.58	
61.13	
60.4	
60.4	
60.4	
60.4	
60.4	
60.4	
56.21	
56.18	
56.18	
56.18	
56.18	
56.03	
56.03	
56.03	
56.03	
52.8	
52.8	
52.8	
52.65	
52.56	
52.56	
52.48	

Run no: 7
59.76	
59.76	
59.64	
59.64	
59.64	
59.64	
59.64	
59.64	
58.41	
58.41	
58.41	
58.41	
56.68	
56.68	
56.68	
56.68	
56.68	
56.68	
56.68	
56.68	
55.68	
55.68	
55.68	
55.68	
55.68	
55.68	
55.68	
55.68	
55.68	
55.65	
55.65	

Run no: 8
61.6	
61.6	
61.6	
61.6	
61.55	
61.28	
59.47	
59.47	
59.47	
59.47	
59.47	
59.47	
59.47	
59.47	
59.47	
58.84	
58.74	
58.74	
58.74	
56.07	
56.07	
56.07	
56.07	
56.07	
56.07	
52.23	
52.23	
52.23	
52.23	
52.23	
52.23	

Run no: 9
65.84	
65.84	
65.84	
65.78	
64.49	
61.68	
59.3	
55.51	
55.43	
55.43	
55.43	
55.43	
55.43	
55.43	
55.43	
55.43	
55.17	
55.17	
55.17	
55.17	
55.17	
55.17	
55.17	
54.88	
54.73	
54.73	
54.47	
54.47	
54.47	
54.09	
54.09	

Run no: 10
61.78	
58.64	
58.27	
58.27	
58.27	
57.19	
57.19	
57.19	
57.12	
56.94	
56.94	
56.94	
56.94	
56.43	
56.43	
56.43	
55.55	
55.55	
55.55	
55.55	
55.55	
55.55	
55.55	
55.55	
55.55	
55.18	
54.25	
54.25	
54.25	
53.95	
53.95	

Run no: 11
63.32	
63.32	
63.32	
63.32	
63.32	
63.32	
63.32	
63.32	
60.8	
60.8	
60.8	
60.8	
60.11	
60.11	
60.11	
60.11	
60.11	
60.11	
60.02	
59.97	
59.97	
59.63	
56.82	
56.82	
55.03	
55.03	
54.92	
54.92	
54.48	
54.48	
54.48	

Run no: 12
65.04	
56.29	
56.29	
56.29	
56.29	
56.29	
56.29	
56.29	
56.29	
56.29	
56.29	
56.1	
56.1	
56.1	
55.82	
55.5	
55.5	
55.5	
54.68	
54.68	
54.68	
54.68	
54.68	
54.68	
54.68	
54.68	
54.68	
54.68	
54.62	
54.59	
54.59	

Run no: 13
62.75	
58.99	
58.99	
58.99	
58.99	
58.92	
58.92	
58.92	
58.92	
58.85	
58.85	
58.85	
58.24	
58.18	
58.18	
58.18	
57.3	
57.3	
57.06	
57.06	
56.91	
56.38	
56.38	
56.38	
56.38	
56.38	
55.77	
55.7	
55.55	
55.55	
55.55	

Run no: 14
64.28	
64.28	
64.28	
61.01	
60.96	
60.96	
59.75	
59.75	
59.67	
59.67	
58.85	
58.85	
55.6	
55.6	
54.82	
54.82	
54.82	
54.82	
54.82	
54.82	
54.82	
53.81	
53.03	
52.92	
52.83	
52.83	
52.83	
52.83	
52.83	
52.83	
52.83	

Run no: 15
63.33	
61.23	
60.91	
59.42	
59.42	
59.42	
59.42	
59.2	
59.2	
59.13	
59.05	
59.05	
59.05	
51.65	
51.65	
51.65	
51.65	
51.65	
51.65	
51.01	
51.01	
51.01	
51.01	
51.01	
51.01	
51.01	
51.01	
51.01	
51.01	
51.01	
50.98	

Run no: 16
61.39	
60.34	
59.02	
58.93	
58.93	
58.93	
51.3	
51.3	
51.3	
51.3	
51.3	
51.3	
51.3	
51.3	
51.3	
51.3	
51.3	
51.25	
51.25	
51.25	
51.25	
51.22	
51.22	
51.22	
51.22	
51.22	
50.62	
50.62	
50.62	
50.62	
50.34	

Run no: 17
63.88	
63.88	
61.81	
61.81	
61.81	
60.06	
59.13	
59.13	
56.69	
56.55	
56.55	
56.55	
51.06	
51.06	
51.06	
51.06	
51.06	
51.06	
50.85	
50.85	
50.5	
50.5	
50.35	
50.26	
50.26	
50.26	
50.26	
50.26	
50.26	
50.26	
50.26	

Run no: 18
64.13	
64.13	
61.03	
61.03	
61.03	
61.03	
61.03	
61.03	
60.86	
60.86	
60.82	
58.88	
58.88	
58.88	
58.88	
58.88	
58.88	
58.88	
55.91	
54.65	
54.65	
54.65	
54.65	
54.65	
54.65	
54.65	
54.44	
54.44	
54.44	
54.44	
54.44	

Run no: 19
64.5	
64.5	
64.5	
64.5	
64.5	
64.5	
63.53	
63.53	
55.93	
55.43	
55.43	
55.43	
55.43	
55.43	
55.43	
55.43	
55.43	
55.43	
55.43	
55.43	
55.43	
55.3	
55.2	
55.2	
55.2	
55.2	
55.2	
55.2	
55.02	
55.02	
55.02	

Run no: 20
63.6	
63.6	
54.88	
54.88	
54.88	
54.86	
54.32	
54.32	
54.32	
54.32	
54.32	
54.32	
54.32	
54.26	
54.26	
54.26	
54.26	
54.26	
54.26	
54.0	
51.58	
51.58	
51.58	
51.55	
51.54	
51.54	
51.43	
51.3	
51.18	
51.18	
51.18	

Run no: 21
64.44	
64.44	
57.22	
57.22	
57.12	
57.12	
55.56	
55.56	
55.56	
55.56	
55.56	
55.56	
55.5	
54.51	
54.51	
54.51	
54.51	
54.51	
54.47	
54.47	
54.45	
54.45	
54.45	
54.45	
54.45	
53.95	
53.95	
53.95	
53.75	
53.75	
53.31	

Run no: 22
64.0	
63.27	
63.27	
59.06	
58.56	
58.56	
58.56	
58.56	
55.99	
55.99	
55.99	
55.77	
55.77	
55.75	
55.75	
55.75	
55.75	
55.75	
55.75	
55.38	
55.38	
55.38	
55.16	
55.16	
54.57	
54.57	
54.34	
54.34	
49.72	
49.72	
49.72	

Run no: 23
64.93	
64.31	
64.31	
64.31	
64.31	
64.31	
63.56	
63.56	
60.31	
60.31	
60.31	
60.31	
60.27	
60.27	
57.97	
57.97	
57.97	
57.77	
57.77	
57.77	
57.77	
57.77	
57.77	
57.77	
57.77	
57.18	
57.18	
57.18	
56.9	
56.9	
56.88	

Run no: 24
63.16	
61.34	
61.34	
58.66	
58.66	
58.66	
58.66	
58.66	
58.66	
58.66	
58.57	
56.4	
56.4	
56.4	
55.7	
55.28	
55.28	
55.28	
55.28	
55.28	
55.28	
55.28	
55.28	
55.28	
55.28	
55.28	
55.28	
55.28	
55.28	
55.25	
55.25	

Run no: 25
62.48	
62.48	
62.48	
60.8	
60.8	
60.66	
60.66	
60.66	
60.66	
60.55	
60.55	
60.55	
59.7	
59.7	
58.57	
58.57	
58.57	
58.52	
57.82	
57.82	
57.82	
57.82	
57.82	
57.82	
54.82	
54.82	
54.82	
54.82	
54.82	
54.82	
53.51	

Run no: 26
64.87	
64.87	
64.87	
63.9	
63.9	
63.9	
61.29	
61.29	
61.19	
61.19	
61.19	
61.19	
57.65	
57.65	
57.65	
57.65	
57.65	
57.65	
53.42	
53.42	
51.68	
51.68	
51.68	
51.62	
51.62	
51.62	
51.62	
51.62	
51.62	
51.62	
51.62	

Run no: 27
64.91	
64.91	
64.87	
62.67	
62.57	
62.57	
60.61	
53.38	
53.38	
53.38	
53.38	
53.25	
53.25	
53.14	
53.14	
53.14	
53.14	
53.14	
53.01	
53.01	
53.01	
53.01	
53.01	
53.01	
53.01	
53.01	
49.85	
49.85	
49.85	
49.85	
49.82	

Run no: 28
65.96	
65.96	
65.96	
65.83	
65.83	
65.83	
65.55	
65.55	
65.55	
65.55	
65.55	
65.39	
65.39	
65.39	
65.28	
65.15	
65.0	
65.0	
65.0	
64.33	
60.42	
60.42	
60.42	
60.42	
58.53	
56.26	
56.26	
56.26	
55.81	
55.81	
55.81	

Run no: 29
66.02	
60.53	
59.88	
59.65	
59.65	
59.65	
59.15	
57.28	
57.28	
57.28	
57.28	
57.28	
57.28	
57.28	
57.28	
55.6	
55.6	
55.6	
55.6	
54.05	
54.05	
53.99	
53.92	
53.87	
53.87	
52.98	
52.98	
52.92	
52.92	
52.92	
52.4	

Run no: 30
68.78	
60.05	
60.05	
60.05	
60.05	
60.05	
59.88	
59.88	
59.88	
59.7	
59.7	
59.61	
59.61	
59.61	
59.61	
59.61	
59.61	
57.55	
57.55	
57.02	
57.02	
57.02	
57.02	
57.02	
55.87	
55.87	
55.87	
55.87	
55.87	
55.87	
55.87	
