
Run no: 0
0	1	1000.0		135	78.81
1	1	1000.0		135	78.81
2	1	1000.0		62	99.05
3	1	0.0		62	99.05
4	1	0.70152014		79	96.0
5	1	0.41214332		88	92.06
6	1	0.0		91	84.55
7	1	0.25623342		116	79.22
8	1	0.3179517		88	92.06
9	1	0.0		62	99.05
10	1	0.0		122	79.01
11	1	0.0		62	99.05
12	1	0.0		103	81.95
13	1	0.1369863		106	79.76
14	1	0.0		98	84.4
15	1	0.0		103	81.95
16	1	0.0		106	79.76
17	1	0.0		91	84.55
18	1	0.09589041		98	84.4
19	1	0.009881423		122	79.01
20	1	0.0		98	84.4
21	1	0.0		103	81.95
22	1	0.10820158		106	79.76
23	1	0.0		91	84.55
24	1	0.0		106	79.76
25	1	0.0		122	79.01
26	1	0.0		122	79.01
27	1	0.0074110674		91	84.55
28	1	1000.0		62	99.05
29	1	0.1506917		62	99.05
30	1	0.18796362		135	78.81
31	1	0.067775734		106	79.76
32	1	0.0		103	81.95
33	1	0.07590422		98	84.4
34	1	0.10820158		103	81.95
35	1	0.0		91	84.55
36	1	0.0		98	84.4
37	1	0.0		98	84.4
38	1	0.04109589		103	81.95
39	1	0.0		103	81.95
40	1	0.04109589		91	84.55
41	1	0.0		122	79.01
42	1	0.12104743		98	84.4
43	1	0.0		62	99.05
44	1	0.0		91	84.55
45	1	0.0		62	99.05
46	1	0.0		122	79.01
47	1	0.0		98	84.4
48	1	0.06849315		103	81.95
49	1	0.0		91	84.55
50	1	0.0		62	99.05
51	1	0.1780822		122	79.01
52	1	0.09256727		122	79.01
53	1	0.0		91	84.55
54	1	0.0		62	99.05
55	1	0.23287672		62	99.05
56	1	0.0		103	81.95
57	1	0.0		98	84.4
58	1	0.12104743		103	81.95
59	1	0.46693784		91	84.55


Run no: 1
0	1	1000.00085		77	102.01
1	1	1000.0		3481	79.55
2	1	1000.0		77	102.01
3	1	1000.0		3481	79.55
4	1	0.8775154		387	81.34
5	1	0.87573445		3368	80.63
6	1	0.49684674		103	93.91
7	1	0.49332145		358	82.83
8	1	0.18610863		85	98.91
9	1	0.18610863		86	94.73
10	1	0.11277785		80	101.41
11	1	0.11277785		85	98.91
12	1	0.08128173		3481	79.55
13	1	0.07491187		358	82.83
14	1	0.07491187		103	93.91
15	1	0.07190352		362	81.38
16	1	0.065734304		358	82.83
17	1	0.048085485		3368	80.63
18	1	0.041503474		91	94.46
19	1	0.038956054		387	81.34
20	1	0.03319624		3368	80.63
21	1	0.031611755		3368	80.63
22	1	0.02671416		77	102.01
23	1	0.02671416		80	101.41
24	1	0.024487978		103	93.91
25	1	0.012021371		86	94.73
26	1	0.001780944		362	81.38
27	1	0.0014688602		86	94.73
28	1	0.0011750881		362	81.38
29	1	8.813161E-4		80	101.41
30	1	2.9377203E-4		85	98.91
31	1	2.9377203E-4		86	94.73
32	1	0.0		77	102.01
33	1	0.0		85	98.91
34	1	0.0		103	93.91
35	1	0.0		362	81.38
36	1	0.0		358	82.83
37	1	0.0		3368	80.63
38	1	0.0		80	101.41
39	1	0.0		77	102.01
40	1	0.0		103	93.91
41	1	0.0		362	81.38
42	1	0.0		103	93.91
43	1	0.0		86	94.73
44	1	0.0		362	81.38
45	1	0.0		80	101.41
46	1	0.0		77	102.01
47	1	0.0		86	94.73
48	1	0.0		86	94.73
49	1	0.0		103	93.91
50	1	0.0		80	101.41
51	1	0.0		85	98.91
52	1	0.0		362	81.38
53	1	0.0		103	93.91
54	1	0.0		85	98.91
55	1	0.0		77	102.01
56	1	0.0		77	102.01
57	1	0.0		86	94.73
58	1	0.0		86	94.73
59	1	0.0		77	102.01


Run no: 2
0	1	2000.0		3699	81.18
1	1	1000.0003		73	97.64
2	1	1000.0		73	97.64
3	1	1.1628481		3189	82.01
4	1	0.9224368		113	86.39
5	1	0.3657351		74	97.19
6	1	0.3657351		77	91.17
7	1	0.27327007		113	86.39
8	1	0.19107613		3206	81.29
9	1	0.14264536		3699	81.18
10	1	0.14165515		87	87.61
11	1	0.08466697		77	91.17
12	1	0.08383961		80	89.79
13	1	0.059538275		84	88.59
14	1	0.048602674		81	88.99
15	1	0.048602674		80	89.79
16	1	0.027339004		74	97.19
17	1	0.027339004		73	97.64
18	1	0.024577122		81	88.99
19	1	0.024301337		84	88.59
20	1	8.27358E-4		80	89.79
21	1	8.27358E-4		77	91.17
22	1	8.27358E-4		74	97.19
23	1	8.27358E-4		84	88.59
24	1	8.27358E-4		84	88.59
25	1	8.27358E-4		81	88.99
26	1	2.7578598E-4		74	97.19
27	1	2.7578598E-4		80	89.79
28	1	0.0		73	97.64
29	1	0.0		77	91.17
30	1	0.0		77	91.17
31	1	0.0		81	88.99
32	1	0.0		74	97.19
33	1	0.0		73	97.64
34	1	0.0		84	88.59
35	1	0.0		84	88.59
36	1	0.0		84	88.59
37	1	0.0		77	91.17
38	1	0.0		81	88.99
39	1	0.0		80	89.79
40	1	0.0		74	97.19
41	1	0.0		73	97.64
42	1	0.0		77	91.17
43	1	0.0		80	89.79
44	1	0.0		84	88.59
45	1	0.0		80	89.79
46	1	0.0		81	88.99
47	1	0.0		81	88.99
48	1	0.0		81	88.99
49	1	0.0		73	97.64
50	1	0.0		73	97.64
51	1	0.0		74	97.19
52	1	0.0		73	97.64
53	1	0.0		74	97.19
54	1	0.0		80	89.79
55	1	0.0		81	88.99
56	1	0.0		74	97.19
57	1	0.0		73	97.64
58	1	0.0		77	91.17
59	1	0.0		81	88.99


Run no: 3
0	1	2000.0		5055	83.27
1	1	0.34160724		274	87.79
2	1	0.0		93	88.35
3	1	0.5642105		2813	84.63
4	1	6.0204696E-4		2810	84.67
5	1	0.0039138943		2810	84.67
6	1	0.05479452		93	88.35
7	1	0.0		93	88.35
8	1	0.0		2810	84.67
9	1	0.0		2810	84.67
10	1	0.0		93	88.35
11	1	0.5089304		2810	84.67
12	1	1000.0		72	93.49
13	1	0.0042143287		93	88.35
14	1	0.0		72	93.49
15	1	1000.0		72	93.49
16	1	0.5029354		72	93.49
17	1	0.5830022		5051	83.5
18	1	0.0		2810	84.67
19	1	0.0042143287		72	93.49
20	1	0.0		2810	84.67
21	1	0.0		2810	84.67
22	1	0.30528376		2810	84.67
23	1	0.56372494		274	87.79
24	1	0.0		93	88.35
25	1	0.5392589		93	88.35
26	6	2000.0		84	99.9
27	6	NaN		84	99.9
28	6	NaN		84	99.9
29	6	NaN		84	99.9
30	6	NaN		84	99.9
31	6	NaN		84	99.9
32	6	NaN		84	99.9
33	6	NaN		84	99.9
34	6	NaN		84	99.9
35	6	NaN		84	99.9
36	6	NaN		84	99.9
37	6	NaN		84	99.9
38	6	NaN		84	99.9
39	6	NaN		84	99.9
40	6	NaN		84	99.9
41	6	NaN		84	99.9
42	6	NaN		84	99.9
43	6	NaN		84	99.9
44	6	NaN		84	99.9
45	6	NaN		84	99.9
46	6	NaN		84	99.9
47	6	NaN		84	99.9
48	6	NaN		84	99.9
49	6	NaN		84	99.9
50	6	NaN		84	99.9
51	6	NaN		84	99.9
52	6	NaN		84	99.9
53	6	NaN		84	99.9
54	6	NaN		84	99.9
55	6	NaN		84	99.9
56	6	NaN		84	99.9
57	6	NaN		84	99.9
58	6	NaN		84	99.9
59	6	NaN		84	99.9


Run no: 4
0	1	2000.0		2073	81.99
1	1	1000.0		67	89.86
2	1	0.0		67	89.86
3	1	0.26937738		76	84.11
4	1	0.0		68	88.36
5	1	0.003988036		76	84.11
6	1	0.0		76	84.11
7	1	0.0		67	89.86
8	1	0.0		68	88.36
9	1	0.5400254		68	88.36
10	1	0.0		68	88.36
11	1	0.0		67	89.86
12	1	0.0		76	84.11
13	1	0.0		68	88.36
14	1	0.0		67	89.86
15	1	0.003988036		68	88.36
16	1	0.0		67	89.86
17	1	0.1905972		67	89.86
18	1	0.0		68	88.36
19	1	1.5355388		76	84.11
20	1	0.0		67	89.86
21	1	0.0		68	88.36
22	1	0.0		68	88.36
23	1	0.0		67	89.86
24	1	0.0		67	89.86
25	1	0.0		68	88.36
26	1	0.0		67	89.86
27	1	0.19109571		68	88.36
28	1	0.0		67	89.86
29	1	0.0		67	89.86
30	1	0.0		67	89.86
31	1	0.0		67	89.86
32	1	0.0		67	89.86
33	1	0.0		67	89.86
34	1	0.0		67	89.86
35	1	0.0		67	89.86
36	1	0.0		67	89.86
37	1	0.0		67	89.86
38	1	0.0		67	89.86
39	1	0.0		67	89.86
40	1	0.0		67	89.86
41	1	0.0		67	89.86
42	1	0.0		67	89.86
43	1	0.0		67	89.86
44	1	0.0		67	89.86
45	1	0.0		67	89.86
46	1	0.0		67	89.86
47	1	0.0		67	89.86
48	1	0.0		67	89.86
49	1	0.0		67	89.86
50	1	0.0		67	89.86
51	1	0.0		67	89.86
52	1	0.0		67	89.86
53	1	0.0		67	89.86
54	1	0.0		67	89.86
55	1	0.0		67	89.86
56	1	0.0		67	89.86
57	1	0.0		67	89.86
58	1	0.0		67	89.86
59	1	1000.0005		67	89.86


Run no: 5
0	1	0.0022805016		2963	78.91
1	1	0.0		134	86.14
2	1	0.054253194		2801	81.06
3	1	0.0		134	86.14
4	1	0.0		134	86.14
5	1	0.0		134	86.14
6	1	0.0		134	86.14
7	1	0.012070144		72	87.49
8	1	1000.0		4457	78.89
9	1	0.0		134	86.14
10	1	0.12542759		72	87.49
11	1	1000.0		4457	78.89
12	1	0.0		4457	78.89
13	1	0.02026873		2963	78.91
14	1	0.0		4457	78.89
15	1	0.0		134	86.14
16	1	0.73401827		152	85.86
17	1	0.28204757		2874	80.73
18	1	0.3402414		2963	78.91
19	1	0.002049647		134	86.14
20	1	1000.0		66	87.66
21	1	0.040576413		125	86.39
22	1	0.01368301		2589	84.29
23	1	0.0		134	86.14
24	1	0.3402414		4457	78.89
25	1	0.020750696		72	87.49
26	1	0.1976924		2801	81.06
27	1	0.031927023		134	86.14
28	1	0.0		4457	78.89
29	1	0.0		134	86.14
30	1	0.0		134	86.14
31	1	0.12747724		125	86.39
32	1	1000.0		66	87.66
33	1	0.0		134	86.14
34	1	0.2188892		2699	84.17
35	1	0.0		134	86.14
36	1	0.036026318		152	85.86
37	1	0.0		4457	78.89
38	1	0.0		134	86.14
39	1	0.0		134	86.14
40	1	0.0		125	86.39
41	1	0.0		134	86.14
42	1	0.0022805016		4457	78.89
43	1	0.020750696		66	87.66
44	1	0.73401827		2589	84.29
45	1	0.0		134	86.14
46	1	0.20752566		2963	78.91
47	1	0.025051242		2589	84.29
48	1	0.37784734		2714	82.62
49	1	0.0		134	86.14
50	1	0.0		134	86.14
51	1	0.032605566		134	86.14
52	2	2000.0		2913	80.79
53	3	2000.0		2809	81.55
54	4	1000.02673		2684	84.32
55	4	1000.0179		2684	84.32
56	4	1000.0446		66	87.68
57	4	1000.0042		66	87.68
58	4	1.9554049		77	87.53
59	4	1.9511554		2614	84.38


Run no: 6
0	1	2000.0		5810	76.95
1	1	1000.0		78	91.63
2	1	0.7043345		3128	80.3
3	1	0.6154102		5067	77.34
4	1	0.1854772		3481	80.05
5	1	0.43108863		657	83.18
6	1	0.19618529		657	83.18
7	1	0.19577172		405	83.36
8	1	0.0024424284		86	91.2
9	1	0.15618993		5802	76.96
10	1	0.0		100	88.91
11	1	0.0		347	85.26
12	1	0.0		101	88.41
13	1	6.978367E-4		105	87.11
14	1	0.07861406		3476	80.06
15	1	0.04569024		135	85.92
16	1	0.00209351		123	87.01
17	1	0.08489269		135	85.92
18	1	0.04396371		657	83.18
19	1	0.026343336		196	85.28
20	1	0.036502372		100	88.91
21	1	0.034234405		101	88.41
22	1	0.0		86	91.2
23	1	0.0		347	85.26
24	1	0.0013623978		196	85.28
25	1	0.026251115		84	91.57
26	1	0.0		657	83.18
27	1	0.05423874		196	85.28
28	1	0.15577114		347	85.26
29	1	3.4891834E-4		121	87.08
30	1	3.4891834E-4		123	87.01
31	1	1000.0		78	91.63
32	1	0.0		84	91.57
33	1	0.08855586		105	87.11
34	1	0.007559739		121	87.08
35	1	0.0		123	87.01
36	1	0.0		105	87.11
37	1	0.27737343		3481	80.05
38	1	0.0		347	85.26
39	1	3.4891834E-4		84	91.57
40	1	0.0040871934		78	91.63
41	1	0.0		105	87.11
42	1	0.0		101	88.41
43	1	0.07425068		123	87.01
44	1	0.0040871934		84	91.57
45	1	0.0		78	91.63
46	1	0.012261581		657	83.18
47	1	0.025553279		86	91.2
48	1	0.0		100	88.91
49	1	0.0		347	85.26
50	1	0.0048349435		105	87.11
51	1	0.0		123	87.01
52	1	0.089253694		101	88.41
53	1	0.011481031		347	85.26
54	1	0.15599455		86	91.2
55	1	0.0		84	91.57
56	1	0.0047683925		123	87.01
57	1	0.001046755		78	91.63
58	1	0.0020435967		121	87.08
59	1	0.15616901		100	88.91


Run no: 7
0	1	1000.028		3178	80.51
1	1	1000.08386		3178	80.51
2	1	1000.0		71	86.47
3	1	0.0		71	86.47
4	1	1.4499966		3091	81.01
5	1	1.4024415		242	83.52
6	1	0.038453437		73	85.18
7	1	0.0		71	86.47
8	1	0.13935679		132	84.03
9	1	0.09076765		95	84.72
10	1	0.08426199		83	84.97
11	1	0.07885906		120	84.5
12	1	0.04824622		162	83.75
13	1	0.0		162	83.75
14	1	0.21708666		73	85.18
15	1	0.03691275		120	84.5
16	1	0.02574831		162	83.75
17	1	0.0		120	84.5
18	1	0.0		120	84.5
19	1	0.0		71	86.47
20	1	0.0		71	86.47
21	1	0.0		120	84.5
22	1	0.0		71	86.47
23	1	0.0		120	84.5
24	1	0.21644296		71	86.47
25	1	0.0		120	84.5
26	1	0.0		71	86.47
27	1	0.0		120	84.5
28	1	0.0		120	84.5
29	1	0.0		71	86.47
30	1	0.0		120	84.5
31	1	0.0		71	86.47
32	1	0.0		71	86.47
33	1	0.0		71	86.47
34	1	0.0		120	84.5
35	1	0.0038622466		120	84.5
36	1	0.008046347		120	84.5
37	1	0.0		120	84.5
38	1	0.0		120	84.5
39	1	0.0		71	86.47
40	1	0.0		71	86.47
41	1	0.0		71	86.47
42	1	0.0		120	84.5
43	1	0.0		120	84.5
44	1	0.0		71	86.47
45	1	0.0		120	84.5
46	1	0.0		120	84.5
47	1	0.0		120	84.5
48	1	0.0		120	84.5
49	1	0.0		71	86.47
50	1	0.0		71	86.47
51	1	0.0		71	86.47
52	1	0.0		71	86.47
53	1	0.0		71	86.47
54	1	0.0		71	86.47
55	1	0.0		120	84.5
56	1	0.0		120	84.5
57	1	0.046979867		162	83.75
58	1	0.0		71	86.47
59	1	1000.0007		71	86.47


Run no: 8
0	1	2000.0		163	83.43
1	1	1000.0119		79	101.54
2	1	1000.0		79	101.54
3	1	0.53892875		79	101.54
4	1	0.53892875		80	91.78
5	1	0.47619048		123	84.67
6	1	0.458547		95	90.48
7	1	0.32723963		104	88.65
8	1	0.32691094		104	88.65
9	1	0.22619048		123	84.67
10	1	0.21976808		123	84.67
11	1	0.17857143		80	91.78
12	1	0.07178354		80	91.78
13	1	0.068470456		123	84.67
14	1	0.011904762		80	91.78
15	1	0.0		79	101.54
16	1	0.0		79	101.54
17	1	0.0		104	88.65
18	1	0.0		104	88.65
19	1	0.0		80	91.78
20	1	0.0		79	101.54
21	1	0.0		79	101.54
22	1	0.0		104	88.65
23	1	0.0		80	91.78
24	1	0.0		80	91.78
25	1	0.0		80	91.78
26	1	0.0		79	101.54
27	1	0.0		79	101.54
28	1	0.0		80	91.78
29	1	0.0		79	101.54
30	1	0.0		79	101.54
31	1	0.0		80	91.78
32	1	0.0		79	101.54
33	1	0.0		80	91.78
34	1	0.0		80	91.78
35	1	0.0		79	101.54
36	1	0.0		79	101.54
37	1	0.0		80	91.78
38	1	0.0		79	101.54
39	1	0.0		79	101.54
40	1	0.0		80	91.78
41	1	0.0		79	101.54
42	1	0.0		80	91.78
43	1	0.0		79	101.54
44	1	0.0		80	91.78
45	1	0.0		79	101.54
46	1	0.0		80	91.78
47	1	0.0		80	91.78
48	1	0.0		79	101.54
49	1	0.0		79	101.54
50	1	0.0		80	91.78
51	1	0.0		79	101.54
52	1	0.0		80	91.78
53	1	0.0		80	91.78
54	1	0.0		80	91.78
55	1	0.0		80	91.78
56	1	0.0		79	101.54
57	1	0.0		80	91.78
58	1	0.0		79	101.54
59	1	0.0		79	101.54


Run no: 9
0	1	1000.0		77	99.88
1	1	0.0		77	99.88
2	1	1000.913		3481	84.11
3	1	0.0		3481	84.11
4	1	0.088142045		373	85.21
5	1	0.0		3481	84.11
6	1	0.0		81	92.83
7	1	0.0		81	92.83
8	1	0.0		81	92.83
9	1	0.44822645		81	92.83
10	1	1000.0		77	99.88
11	1	0.3950539		81	92.83
12	1	0.0		81	92.83
13	1	0.0		81	92.83
14	1	0.0		81	92.83
15	1	0.56897736		82	86.6
16	1	0.0		77	99.88
17	1	0.0		81	92.83
18	1	0.44822645		77	99.88
19	1	0.15524036		373	85.21
20	1	2.9377203E-4		81	92.83
21	1	0.9130435		373	85.21
22	1	1000.06976		3481	84.11
23	2	1000.41815		202	88.79
24	2	1000.3111		202	88.79
25	2	1000.1259		92	90.14
26	2	1000.0		92	90.14
27	2	1.4070708		156	89.21
28	2	0.67777777		101	89.45
29	2	0.28653198		98	89.62
30	2	0.25925925		95	89.97
31	2	0.15319866		95	89.97
32	2	0.15319866		98	89.62
33	2	0.12592593		101	89.45
34	2	0.027272727		101	89.45
35	2	0.027272727		95	89.97
36	2	0.027272727		92	90.14
37	2	0.0		92	90.14
38	2	0.0		98	89.62
39	2	0.0		95	89.97
40	2	0.0		92	90.14
41	2	0.0		98	89.62
42	2	0.0		98	89.62
43	2	0.0		92	90.14
44	2	0.0		98	89.62
45	2	0.0		95	89.97
46	2	0.0		92	90.14
47	2	0.0		95	89.97
48	2	0.0		95	89.97
49	2	0.0		98	89.62
50	2	0.0		95	89.97
51	2	0.0		92	90.14
52	2	0.0		95	89.97
53	2	0.0		92	90.14
54	2	0.0		95	89.97
55	2	0.0		92	90.14
56	2	0.0		92	90.14
57	2	0.0		92	90.14
58	2	0.0		95	89.97
59	2	0.0		92	90.14


Run no: 10
0	1	1000.01733		3587	83.65
1	1	1000.0619		3587	83.65
2	1	1000.0		73	101.43
3	1	1000.0		73	101.43
4	1	1.23415		244	86.67
5	1	1.1211913		3526	84.75
6	1	0.4178987		86	97.63
7	1	0.0070337323		87	90.92
8	1	0.20464598		126	89.49
9	1	0.0		83	98.33
10	1	0.083069295		100	89.58
11	1	0.06861642		93	90.8
12	1	0.0		73	101.43
13	1	0.015185602		83	98.33
14	1	0.0		87	90.92
15	1	0.0		93	90.8
16	1	0.001992032		93	90.8
17	1	0.0		87	90.92
18	1	0.0		87	90.92
19	1	0.0		73	101.43
20	1	0.0		87	90.92
21	1	0.0		83	98.33
22	1	0.1591676		73	101.43
23	1	0.0017074558		93	90.8
24	1	0.0		93	90.8
25	1	0.040223807		83	98.33
26	1	0.0011383039		83	98.33
27	1	0.0		87	90.92
28	1	0.0		73	101.43
29	1	0.0		87	90.92
30	1	0.0		93	90.8
31	1	0.0		73	101.43
32	1	0.0		73	101.43
33	1	0.0		87	90.92
34	1	0.0		73	101.43
35	1	0.0		87	90.92
36	1	0.0017074558		87	90.92
37	1	0.0		73	101.43
38	1	0.0		73	101.43
39	1	0.0		87	90.92
40	1	0.0		73	101.43
41	1	0.0		87	90.92
42	1	0.0		73	101.43
43	1	0.0		73	101.43
44	1	0.0		73	101.43
45	1	0.0		73	101.43
46	1	0.0		87	90.92
47	1	0.0		73	101.43
48	1	0.0		93	90.8
49	1	0.0067491564		93	90.8
50	1	0.0017074558		73	101.43
51	1	0.0		87	90.92
52	1	0.37739033		87	90.92
53	1	0.17719896		79	98.6
54	2	2000.0		79	100.25
55	2	NaN		79	100.25
56	2	NaN		79	100.25
57	2	NaN		79	100.25
58	2	NaN		79	100.25
59	2	NaN		79	100.25


Run no: 11
0	1	2000.0		3039	80.57
1	1	1000.0		66	91.15
2	1	0.0		66	91.15
3	1	0.16902564		2985	83.66
4	1	0.019495562		122	83.82
5	1	0.02489418		94	85.77
6	1	0.0		79	90.51
7	1	0.31022397		3007	81.95
8	1	0.97812325		2985	83.66
9	1	0.010460878		106	85.46
10	1	0.02268431		109	84.06
11	1	0.0043726875		79	90.51
12	1	0.0		66	91.15
13	1	0.9856847		122	83.82
14	1	0.0043726875		109	84.06
15	1	0.0		94	85.77
16	1	0.0026908845		102	85.56
17	1	0.0		102	85.56
18	1	0.0013454423		106	85.46
19	1	0.0		94	85.77
20	1	0.0		79	90.51
21	1	0.0		79	90.51
22	1	0.0		109	84.06
23	1	1000.0		66	91.15
24	1	0.0		102	85.56
25	1	0.009451796		102	85.56
26	1	0.13232514		106	85.46
27	1	0.0010090817		109	84.06
28	1	0.0		94	85.77
29	1	0.060491495		79	90.51
30	1	0.0		79	90.51
31	1	0.0		66	91.15
32	1	0.0		94	85.77
33	1	0.0		102	85.56
34	1	0.0		94	85.77
35	1	0.0		79	90.51
36	1	0.13232514		109	84.06
37	1	0.0		66	91.15
38	1	0.0		102	85.56
39	1	0.06486418		66	91.15
40	1	0.44801512		79	90.51
41	1	0.0		102	85.56
42	1	0.0		94	85.77
43	1	0.0		102	85.56
44	1	0.0		79	90.51
45	1	0.0		102	85.56
46	1	0.0		94	85.77
47	1	0.0		94	85.77
48	1	0.0013454423		102	85.56
49	1	0.0		94	85.77
50	1	0.0		79	90.51
51	1	0.0		94	85.77
52	1	0.0		94	85.77
53	1	0.019848771		102	85.56
54	1	0.0		94	85.77
55	1	0.0		94	85.77
56	1	0.0		94	85.77
57	1	0.0		94	85.77
58	1	0.005045409		79	90.51
59	1	0.450706		94	85.77


Run no: 12
0	1	1000.0		67	100.57
1	1	1000.0		67	100.57
2	1	1000.0		3988	78.4
3	1	1000.0		3988	78.4
4	1	1.1098278		3203	88.76
5	1	0.76511097		203	89.18
6	1	0.3342075		3520	83.33
7	1	0.18951249		3980	82.07
8	1	0.18048508		108	90.37
9	1	0.17461923		102	94.23
10	1	0.17036574		77	100.01
11	1	0.16553901		3988	78.4
12	1	0.13847542		93	96.94
13	1	0.10249553		3546	83.29
14	1	0.10219459		96	96.89
15	1	0.10193956		97	94.63
16	1	0.07165504		3886	82.35
17	1	0.06834991		3814	82.72
18	1	0.057250798		179	89.88
19	1	0.037695087		203	89.18
20	1	0.02780973		67	100.57
21	1	0.025710419		3814	82.72
22	1	0.01894452		203	89.18
23	1	0.018362662		3814	82.72
24	1	0.01700327		100	94.59
25	1	0.01668922		3814	82.72
26	1	0.01623816		102	94.23
27	1	0.015397125		133	90.31
28	1	0.014669975		3980	82.07
29	1	0.010374379		143	90.11
30	1	0.009181331		143	90.11
31	1	0.0090212		143	90.11
32	1	0.0040805917		93	96.94
33	1	0.003020411		96	96.89
34	1	0.003020411		93	96.94
35	1	0.0027063598		133	90.31
36	1	0.0027063598		108	90.37
37	1	0.0025503698		143	90.11
38	1	0.0025503698		133	90.31
39	1	0.002059277		97	94.63
40	1	0.0020402959		3988	78.4
41	1	0.0018042399		100	94.59
42	1	0.0015302219		102	94.23
43	1	0.0015302219		108	90.37
44	1	7.6511095E-4		97	94.63
45	1	5.1007397E-4		100	94.59
46	1	0.0		203	89.18
47	1	0.0		108	90.37
48	1	0.0		3980	82.07
49	1	0.0		3814	82.72
50	1	0.0		3814	82.72
51	1	0.0		3980	82.07
52	1	0.0		133	90.31
53	1	0.0		108	90.37
54	1	0.0		100	94.59
55	1	0.0		97	94.63
56	1	0.0		102	94.23
57	1	0.0		93	96.94
58	1	0.0		100	94.59
59	1	0.0		102	94.23


Run no: 13
0	1	1000.0439		3237	78.71
1	1	1000.0494		3237	78.71
2	1	1000.0		70	89.65
3	1	0.0		70	89.65
4	1	1.0678351		2850	81.84
5	1	0.7926835		494	82.32
6	1	0.2699335		2990	79.26
7	1	0.044291016		163	85.01
8	1	0.15447898		436	83.32
9	1	0.0		92	89.08
10	1	0.0		93	87.08
11	1	0.08346182		3098	79.25
12	1	0.09320177		454	82.87
13	1	0.013195378		139	85.48
14	1	0.0		103	86.33
15	1	0.0031575623		103	86.33
16	1	3.1575625E-4		93	87.08
17	1	0.004570384		493	82.37
18	1	0.0		70	89.65
19	1	0.052102376		92	89.08
20	1	0.050539758		153	85.46
21	1	0.045119952		2990	79.26
22	1	0.24068043		163	85.01
23	1	0.044804197		3098	79.25
24	1	0.032657392		441	83.21
25	1	0.077696525		103	86.33
26	1	0.08620145		436	83.32
27	1	0.010054844		441	83.21
28	1	0.0		92	89.08
29	1	0.0		493	82.37
30	1	0.077696525		139	85.48
31	1	0.0041048313		441	83.21
32	1	0.0		103	86.33
33	1	0.06855576		93	87.08
34	1	0.0044205873		139	85.48
35	1	0.0015787812		436	83.32
36	1	3.1575625E-4		493	82.37
37	1	0.189762		92	89.08
38	1	0.0		93	87.08
39	1	0.052102376		70	89.65
40	1	0.0		493	82.37
41	1	0.0		92	89.08
42	1	0.0		93	87.08
43	1	0.010054844		436	83.32
44	1	0.011367224		103	86.33
45	1	0.0		93	87.08
46	1	0.0		70	89.65
47	1	0.0		92	89.08
48	1	0.012314493		493	82.37
49	1	0.0		441	83.21
50	1	0.04570384		493	82.37
51	1	0.06855576		103	86.33
52	1	0.0		92	89.08
53	1	1000.00696		70	89.65
54	1	0.0		93	87.08
55	1	0.0		92	89.08
56	1	0.0		93	87.08
57	1	0.0		93	87.08
58	1	3.1575625E-4		92	89.08
59	1	0.18597291		93	87.08


Run no: 14
0	1	1000.1103		3678	80.35
1	1	1000.0		3678	80.35
2	1	1000.0		69	98.2
3	1	0.0		69	98.2
4	1	1.0873353		110	89.09
5	1	0.8806248		3272	88.05
6	1	0.5380019		3280	80.43
7	1	0.4232402		3277	87.97
8	1	0.0		106	91.8
9	1	0.19439776		70	97.82
10	1	0.0		79	92.7
11	1	0.05964873		3272	88.05
12	1	0.09437657		79	92.7
13	1	0.020728292		103	92.17
14	1	8.312552E-4		103	92.17
15	1	0.021288516		70	97.82
16	1	0.0		69	98.2
17	1	0.0		106	91.8
18	1	0.0		79	92.7
19	1	0.004481793		3678	80.35
20	1	0.0		3277	87.97
21	1	0.0		3277	87.97
22	1	8.312552E-4		106	91.8
23	1	0.15182073		106	91.8
24	1	0.029691877		103	92.17
25	1	0.0		3277	87.97
26	1	0.0		70	97.82
27	1	1000.0		69	98.2
28	1	0.021288516		69	98.2
29	1	5.541701E-4		70	97.82
30	1	0.006650042		103	92.17
31	1	0.0013854253		3277	87.97
32	1	0.006650042		79	92.7
33	1	2.7708506E-4		70	97.82
34	1	0.0		69	98.2
35	1	0.0		106	91.8
36	1	0.029691877		79	92.7
37	1	0.004481793		3277	87.97
38	1	0.0		106	91.8
39	1	0.0011083402		106	91.8
40	1	0.0		70	97.82
41	1	0.0		69	98.2
42	1	0.0		70	97.82
43	1	0.0		70	97.82
44	1	0.020728292		106	91.8
45	1	0.0		69	98.2
46	1	2.7708506E-4		69	98.2
47	1	0.2893285		72	94.35
48	2	1001.0		72	95.85
49	2	1000.0		72	95.85
50	2	1000.0		73	94.35
51	2	1000.0		73	94.35
52	2	2.0		73	94.35
53	2	1.0		72	95.85
54	2	0.0		72	95.85
55	2	0.0		73	94.35
56	2	0.0		73	94.35
57	2	0.0		72	95.85
58	2	0.0		72	95.85
59	2	0.0		72	95.85


Run no: 15
0	1	2000.0		534	83.13
1	1	0.7050781		441	90.23
2	1	0.6983301		125	90.46
3	1	0.26916978		94	91.95
4	1	0.18923327		493	84.5
5	1	0.09595503		470	86.82
6	1	0.20050518		91	94.25
7	1	0.07660019		456	87.39
8	1	0.11330316		453	88.89
9	1	0.10604115		523	83.36
10	1	0.01601677		84	95.22
11	1	0.11115263		443	90.2
12	1	0.2193408		470	86.82
13	1	0.122349106		453	88.89
14	1	0.068515494		494	84.4
15	1	0.017204301		102	91.24
16	1	0.0668105		91	94.25
17	1	0.016313214		501	83.56
18	1	0.023655914		125	90.46
19	1	0.047311828		501	83.56
20	1	0.062509425		85	94.99
21	1	0.12880072		456	87.39
22	1	0.052723255		114	90.91
23	1	0.03166342		85	94.99
24	1	0.026916802		102	91.24
25	1	0.0		114	90.91
26	1	0.0		534	83.13
27	1	0.03670473		114	90.91
28	1	0.023952357		443	90.2
29	1	0.023655914		114	90.91
30	1	0.025806451		102	91.24
31	1	0.015053763		501	83.56
32	1	0.04241611		534	83.13
33	1	0.03670473		125	90.46
34	1	0.032258064		84	95.22
35	1	0.0		91	94.25
36	1	0.068515494		501	83.56
37	1	0.021505376		453	88.89
38	1	0.015053763		494	84.4
39	1	0.010307144		493	84.5
40	1	0.049462367		493	84.5
41	1	0.010307144		494	84.4
42	1	0.018760195		84	95.22
43	1	0.0		84	95.22
44	1	0.0		85	94.99
45	1	0.05791191		102	91.24
46	1	2000.0		69	95.39
47	2	2000.0		75	99.13
48	2	1000.125		83	96.72
49	2	1000.0		83	96.72
50	2	1.5134854		76	99.08
51	2	0.8884855		82	97.24
52	2	0.75		82	97.24
53	2	0.21576764		82	97.24
54	2	0.21576764		83	96.72
55	2	0.14574689		75	99.13
56	2	0.125		76	99.08
57	2	0.020746889		76	99.08
58	2	0.0		75	99.13
59	2	0.0		83	96.72


Run no: 16
0	1	2000.0		3088	86.28
1	1	2000.0		74	95.11
2	1	1.0545063		109	86.62
3	1	1.0268927		3034	86.6
4	1	0.81739277		75	87.91
5	1	0.81540203		74	95.11
6	1	0.075603396		81	87.26
7	1	0.07361268		75	87.91
8	1	0.07248018		81	87.26
9	1	0.00928998		81	87.26
10	1	3.31785E-4		75	87.91
11	1	3.31785E-4		74	95.11
12	1	0.0		74	95.11
13	1	0.0		74	95.11
14	1	0.0		75	87.91
15	1	0.0		75	87.91
16	1	0.0		74	95.11
17	1	0.0		75	87.91
18	1	0.0		75	87.91
19	1	0.0		75	87.91
20	1	0.0		74	95.11
21	1	0.0		75	87.91
22	1	0.0		74	95.11
23	1	0.0		74	95.11
24	1	0.0		75	87.91
25	1	0.0		75	87.91
26	1	0.0		74	95.11
27	1	0.0		74	95.11
28	1	0.0		74	95.11
29	1	0.0		74	95.11
30	1	0.0		74	95.11
31	1	0.0		74	95.11
32	1	0.0		74	95.11
33	1	0.0		74	95.11
34	1	0.0		74	95.11
35	1	0.0		74	95.11
36	1	0.0		74	95.11
37	1	0.0		74	95.11
38	1	0.0		74	95.11
39	1	0.0		74	95.11
40	1	0.0		74	95.11
41	1	0.0		74	95.11
42	1	0.0		74	95.11
43	1	0.0		74	95.11
44	1	0.0		74	95.11
45	1	0.0		74	95.11
46	1	0.0		74	95.11
47	1	0.0		74	95.11
48	1	0.0		74	95.11
49	1	0.0		74	95.11
50	1	0.0		74	95.11
51	1	0.0		74	95.11
52	1	0.0		74	95.11
53	1	0.0		74	95.11
54	1	0.0		74	95.11
55	1	0.0		74	95.11
56	1	0.0		74	95.11
57	1	0.0		74	95.11
58	1	0.0		74	95.11
59	1	0.0		74	95.11


Run no: 17
0	1	2000.0		3353	80.15
1	1	1000.20026		66	95.73
2	1	0.0		66	95.73
3	1	1.3886597		3192	80.25
4	1	0.5346598		567	88.58
5	1	0.028597506		567	88.58
6	1	0.20025674		67	92.61
7	1	1000.0		66	95.73
8	1	0.16007628		473	90.51
9	1	0.02010878		382	91.62
10	1	0.08183754		113	91.65
11	1	0.0		427	91.52
12	1	0.0018253727		433	90.82
13	1	0.004055147		113	91.65
14	1	0.032092426		106	92.15
15	1	0.0033465165		95	92.23
16	1	3.0422877E-4		94	92.5
17	1	0.02010878		427	91.52
18	1	0.08183754		382	91.62
19	1	0.006418485		444	90.62
20	1	0.0		436	90.72
21	1	0.008280959		467	90.6
22	1	0.0073645627		67	92.61
23	1	0.01732991		94	92.5
24	1	0.0076020095		467	90.6
25	1	0.0		67	92.61
26	1	0.008214177		94	92.5
27	1	0.0018253727		427	91.52
28	1	0.04584208		433	90.82
29	1	0.0073311715		436	90.72
30	1	0.0		106	92.15
31	1	3.0422877E-4		95	92.23
32	1	0.0051347883		95	92.23
33	1	0.0		106	92.15
34	1	0.008280959		444	90.62
35	1	0.0		106	92.15
36	1	0.0		113	91.65
37	1	0.0019255456		382	91.62
38	1	0.032092426		113	91.65
39	1	0.0		427	91.52
40	1	0.006418485		433	90.82
41	1	0.0024338302		444	90.62
42	1	0.0		433	90.82
43	1	0.0024338302		436	90.72
44	1	0.01732991		95	92.23
45	1	0.0		94	92.5
46	1	3.0422877E-4		66	95.73
47	1	0.9224773		567	88.58
48	1	0.0		433	90.82
49	1	0.0033465165		106	92.15
50	1	0.0		94	92.5
51	1	0.0		95	92.23
52	1	0.0070603336		94	92.5
53	1	0.044929396		427	91.52
54	1	0.008214177		67	92.61
55	1	0.0		436	90.72
56	1	0.0		433	90.82
57	1	0.0		436	90.72
58	1	0.006418485		436	90.72
59	1	0.0072643897		106	92.15


Run no: 18
0	1	1000.0		4898	77.4
1	1	1000.0		81	95.54
2	1	0.2905182		81	95.54
3	1	0.0		600	82.57
4	1	0.5547021		3272	81.82
5	1	0.33698916		3551	81.42
6	1	1000.0		81	95.54
7	1	0.0		82	90.27
8	1	0.065257214		4800	80.24
9	1	6.2279426E-4		95	87.94
10	1	0.2353914		102	83.67
11	1	0.14498346		4801	80.03
12	1	0.020137014		4898	77.4
13	1	0.0		571	83.54
14	1	0.0014531866		102	83.67
15	1	4.1519618E-4		92	89.67
16	1	0.09536935		95	87.94
17	1	0.27086663		4800	80.24
18	1	0.012127894		3274	81.6
19	1	0.054777972		3506	81.48
20	1	0.012127894		3272	81.82
21	1	0.09536935		92	89.67
22	1	0.0		90	90.15
23	1	0.5960472		600	82.57
24	1	0.025916573		596	83.01
25	1	0.02116974		587	83.47
26	1	1000.14496		4898	77.4
27	1	0.0		4801	80.03
28	1	0.015442482		588	83.22
29	1	0.0		588	83.22
30	1	8.3039235E-4		596	83.01
31	1	0.0		3506	81.48
32	1	0.04176029		3272	81.82
33	1	2.0759809E-4		4801	80.03
34	1	0.0		571	83.54
35	1	0.0		102	83.67
36	1	0.007030411		90	90.15
37	1	0.04816276		3274	81.6
38	1	2.0759809E-4		82	90.27
39	1	0.012649522		3506	81.48
40	1	0.007180445		571	83.54
41	1	0.0973635		571	83.54
42	1	0.02646086		90	90.15
43	1	0.2905182		82	90.27
44	1	0.104529984		102	83.67
45	1	0.025086181		600	82.57
46	1	0.011576626		596	83.01
47	1	0.23684458		95	87.94
48	1	0.0		92	89.67
49	1	0.007030411		3274	81.6
50	1	0.0016607847		90	90.15
51	1	0.0		82	90.27
52	1	0.011784225		588	83.22
53	1	2.0759809E-4		81	95.54
54	1	0.020137014		4801	80.03
55	1	0.008276		82	90.27
56	1	0.0		95	87.94
57	1	0.011576626		4801	80.03
58	1	0.007166483		571	83.54
59	1	0.027083654		92	89.67


Run no: 19
0	1	1000.0		5642	79.14
1	1	1000.0		71	98.63
2	1	1000.0		71	98.63
3	1	0.16589925		3407	82.01
4	1	0.011619857		3628	80.71
5	1	0.0		71	98.63
6	1	0.021829125		3576	81.18
7	1	0.03722007		3524	81.68
8	1	0.020315293		3523	81.72
9	1	0.008209338		3609	80.87
10	1	0.0		3488	81.95
11	1	0.0		3609	80.87
12	1	0.011800923		3488	81.95
13	1	0.01453958		3488	81.95
14	1	0.0		3609	80.87
15	1	0.003078502		3488	81.95
16	1	0.0		71	98.63
17	1	0.0		71	98.63
18	1	0.0		3609	80.87
19	1	0.0062825345		3488	81.95
20	1	0.0		71	98.63
21	1	0.70192385		74	84.96
22	1	0.0		71	98.63
23	1	0.0		71	98.63
24	1	0.41429415		3628	80.71
25	1	0.6013553		3407	82.01
26	1	0.0		71	98.63
27	1	0.0		3488	81.95
28	1	0.7013853		71	98.63
29	1	0.0059235324		3609	80.87
30	1	0.0		71	98.63
31	1	0.0		71	98.63
32	1	0.0		71	98.63
33	1	0.0		71	98.63
34	1	1000.0		5642	79.14
35	1	0.0		3609	80.87
36	1	0.0		71	98.63
37	1	0.0		71	98.63
38	1	0.034988232		3576	81.18
39	1	0.4420691		5533	79.3
40	1	0.0		71	98.63
41	1	0.0		3609	80.87
42	1	5.3850294E-4		71	98.63
43	1	0.027774947		5642	79.14
44	1	0.7496365		74	84.96
45	1	0.01931611		3609	80.87
46	2	2000.0		5600	79.93
47	2	1.0		5600	79.93
48	2	0.0		5600	79.93
49	2	0.0		5600	79.93
50	2	1.0		5600	79.93
51	2	2000.0		5541	79.94
52	3	2000.0		80	96.2
53	3	2000.0		3424	82.4
54	3	1.1637751		584	86.74
55	3	0.3867147		82	92.48
56	3	0.3217556		168	87.94
57	3	0.2701633		80	96.2
58	3	0.24430604		101	90.95
59	3	0.23815183		109	89.22


Run no: 20
0	1	1000.2581		77	93.0
1	1	2000.0		2792	83.12
2	1	0.00874397		2792	83.12
3	1	1000.0		77	93.0
4	1	0.06781376		627	85.51
5	1	0.6593423		2233	84.84
6	1	0.08603239		79	90.45
7	1	0.20019199		2328	84.69
8	1	0.1855429		2466	83.71
9	1	0.0		92	88.1
10	1	0.15182187		89	89.6
11	1	0.12383482		2769	83.34
12	1	0.050172977		2233	84.84
13	1	0.07917179		415	85.75
14	1	0.10184013		2498	83.36
15	1	0.2617804		79	90.45
16	1	0.0		89	89.6
17	1	0.06082157		100	86.75
18	1	0.078084715		627	85.51
19	1	0.0011049723		92	88.1
20	1	0.0		97	87.34
21	1	0.099339776		415	85.75
22	1	0.61582005		627	85.51
23	1	0.0		97	87.34
24	1	0.03340081		196	86.04
25	1	0.0		266	85.96
26	1	0.0047882134		181	86.37
27	1	0.033143207		168	86.67
28	1	0.035152584		168	86.67
29	1	0.03892567		181	86.37
30	1	0.03552389		2491	83.45
31	1	0.021255061		266	85.96
32	1	0.02578269		266	85.96
33	1	0.0050607286		2782	83.17
34	1	0.0116875805		2491	83.45
35	1	0.013622028		196	86.04
36	1	0.0116875805		2498	83.36
37	1	0.0047882134		2782	83.17
38	1	0.025046041		100	86.75
39	1	0.06297746		266	85.96
40	1	0.030364372		181	86.37
41	1	7.366483E-4		79	90.45
42	1	0.08603239		89	89.6
43	1	0.07692308		92	88.1
44	1	0.0787647		97	87.34
45	1	0.0036832413		89	89.6
46	1	0.0		97	87.34
47	1	0.15366349		92	88.1
48	1	0.0		79	90.45
49	1	0.0		77	93.0
50	1	7.366483E-4		77	93.0
51	1	0.0		627	85.51
52	1	0.0011049723		89	89.6
53	1	0.008097166		100	86.75
54	1	0.0		627	85.51
55	1	0.06082157		97	87.34
56	1	0.0		627	85.51
57	1	0.0		196	86.04
58	1	0.02578269		196	86.04
59	1	0.02088972		2782	83.17


Run no: 21
0	1	1000.01416		3614	78.02
1	1	1000.0		83	99.21
2	1	0.0		83	99.21
3	1	1.120972		3388	78.57
4	1	0.25719678		542	84.02
5	1	0.0		93	91.34
6	1	0.0		86	98.46
7	1	0.0		542	84.02
8	1	0.1447857		377	87.5
9	1	0.07163773		376	89.0
10	1	0.093818		373	90.97
11	1	0.0		373	90.97
12	1	0.01934875		384	85.98
13	1	0.093251586		376	89.0
14	1	0.06636146		3542	78.27
15	1	0.095334396		504	85.57
16	1	0.0014160294		509	84.27
17	1	0.0		86	98.46
18	1	0.0		83	99.21
19	1	0.07371439		384	85.98
20	1	0.01934875		504	85.57
21	1	1000.00946		3614	78.02
22	1	0.0014160294		504	85.57
23	1	0.33799		93	91.34
24	1	0.033984706		384	85.98
25	1	0.07929765		373	90.97
26	1	0.015668944		3564	78.22
27	1	0.016519899		3564	78.22
28	1	0.0		509	84.27
29	1	0.0		542	84.02
30	1	0.0		509	84.27
31	1	0.009345794		542	84.02
32	1	0.03624367		86	98.46
33	1	0.011798018		509	84.27
34	1	0.0		373	90.97
35	1	0.0		86	98.46
36	1	0.0		376	89.0
37	1	0.0		83	99.21
38	1	0.0		542	84.02
39	1	0.0		373	90.97
40	1	0.017461067		373	90.97
41	1	1000.0		83	99.21
42	1	0.0		509	84.27
43	1	0.33600757		86	98.46
44	1	0.0		542	84.02
45	1	0.0		373	90.97
46	1	0.0		83	99.21
47	1	0.0		83	99.21
48	1	0.0		83	99.21
49	1	0.0		373	90.97
50	1	0.035394054		83	99.21
51	1	0.096758716		93	91.34
52	1	0.817802		542	84.02
53	1	0.0		373	90.97
54	1	8.4961765E-4		83	99.21
55	1	0.0		86	98.46
56	1	0.0		384	85.98
57	1	0.0		509	84.27
58	1	0.0019824412		86	98.46
59	1	0.07069549		509	84.27


Run no: 22
0	1	2000.0		3704	77.95
1	1	1000.0037		70	99.54
2	1	1000.0		70	99.54
3	1	1.1302167		476	83.02
4	1	0.2849948		94	89.25
5	1	0.2744762		83	98.25
6	1	0.274201		84	92.33
7	1	0.19638722		416	85.01
8	1	0.13756369		94	89.25
9	1	0.13756369		89	92.22
10	1	0.088607594		416	85.01
11	1	0.045840923		439	84.08
12	1	0.04446503		467	83.12
13	1	0.042947404		421	84.97
14	1	0.040745974		434	84.12
15	1	0.034738306		81	98.71
16	1	0.034738306		80	99.46
17	1	0.012317792		81	98.71
18	1	0.012042613		82	98.45
19	1	0.009263548		83	98.25
20	1	0.009263548		82	98.45
21	1	0.007705008		439	84.08
22	1	0.007705008		467	83.12
23	1	0.007108384		467	83.12
24	1	0.005430035		434	84.12
25	1	0.0050949515		89	92.22
26	1	0.0050949515		84	92.33
27	1	0.003980598		80	99.46
28	1	0.0027517886		80	99.46
29	1	0.0027517886		70	99.54
30	1	0.0018527096		416	85.01
31	1	0.0018527096		439	84.08
32	1	0.0018527096		421	84.97
33	1	0.0013758943		94	89.25
34	1	0.0013758943		89	92.22
35	1	0.0013758943		416	85.01
36	1	0.0013758943		89	92.22
37	1	0.0013758943		421	84.97
38	1	0.0013758943		84	92.33
39	1	2.7517887E-4		84	92.33
40	1	2.7517887E-4		82	98.45
41	1	2.7517887E-4		83	98.25
42	1	2.7517887E-4		81	98.71
43	1	2.7517887E-4		82	98.45
44	1	0.0		70	99.54
45	1	0.0		434	84.12
46	1	0.0		421	84.97
47	1	0.0		80	99.46
48	1	0.0		70	99.54
49	1	0.0		89	92.22
50	1	0.0		83	98.25
51	1	0.0		434	84.12
52	1	0.0		84	92.33
53	1	0.0		416	85.01
54	1	0.0		434	84.12
55	1	0.0		81	98.71
56	1	0.0		434	84.12
57	1	0.0		83	98.25
58	1	0.0		89	92.22
59	1	0.0		94	89.25


Run no: 23
0	1	1000.0		4141	77.43
1	1	0.01077903		4141	77.43
2	1	0.8730261		709	79.3
3	1	0.09281437		4069	78.8
4	1	0.35830447		703	79.37
5	1	0.34984857		493	82.36
6	1	0.21479775		445	86.2
7	1	0.12441506		493	82.36
8	1	0.039584722		474	83.56
9	1	0.12723646		447	84.93
10	1	0.8231259		4069	78.8
11	1	0.008455896		449	83.98
12	1	0.09530033		447	84.93
13	1	0.0086104125		4096	77.87
14	1	0.016194949		442	87.07
15	1	0.05493618		4097	77.85
16	1	0.016194949		437	87.22
17	1	0.008455896		709	79.3
18	1	0.056514606		4069	78.8
19	1	0.12441506		474	83.56
20	1	0.0		4141	77.43
21	1	0.03640001		455	83.91
22	1	1000.04193		4141	77.43
23	1	0.08756128		442	87.07
24	1	0.093059346		4096	77.87
25	1	0.115555756		437	87.22
26	1	0.004654581		455	83.91
27	1	0.09530033		449	83.98
28	1	0.0		455	83.91
29	1	0.006986028		455	83.91
30	1	2000.0		59	87.45
31	2	2000.0		431	87.79
32	2	1000.0		62	101.81
33	2	1000.0		62	101.81
34	2	0.90175086		88	91.79
35	2	0.7357028		355	90.77
36	2	0.4219659		71	96.12
37	2	0.4029957		70	101.77
38	2	0.21797162		78	93.33
39	2	0.20171146		71	96.12
40	2	0.19313098		369	89.27
41	2	0.16816665		425	89.04
42	2	0.11626055		87	93.23
43	2	0.10541851		425	89.04
44	2	0.086303346		355	90.77
45	2	0.06162509		366	89.85
46	2	0.057629634		366	89.85
47	2	0.05349501		360	90.6
48	2	0.028385697		360	90.6
49	2	0.024535216		369	89.27
50	2	0.021680217		70	101.77
51	2	0.021680217		62	101.81
52	2	0.017116468		82	93.28
53	2	0.014406443		78	93.33
54	2	0.014406443		82	93.28
55	2	0.013550135		360	90.6
56	2	0.006276361		87	93.23
57	2	0.0055630943		70	101.77
58	2	0.0028530671		62	101.81
59	2	0.0		425	89.04


Run no: 24
0	1	1000.08		132	83.02
1	1	1000.0		132	83.02
2	1	1000.0		72	90.02
3	1	1000.0		72	90.02
4	1	0.5566667		114	83.58
5	1	0.50809526		88	87.38
6	1	0.4757143		98	86.87
7	1	0.32380953		108	85.41
8	1	0.3		132	83.02
9	1	0.28		82	88.56
10	1	0.18		79	89.82
11	1	0.16857143		82	88.56
12	1	0.16		113	84.7
13	1	0.13904762		106	86.15
14	1	0.13333334		106	86.15
15	1	0.11809524		113	84.7
16	1	0.11666667		79	89.82
17	1	0.11666667		72	90.02
18	1	0.10285714		106	86.15
19	1	0.083333336		113	84.7
20	1	0.05		82	88.56
21	1	0.05		79	89.82
22	1	0.028571429		72	90.02
23	1	0.028571429		79	89.82
24	1	0.0		72	90.02
25	1	0.0		82	88.56
26	1	0.0		79	89.82
27	1	0.0		82	88.56
28	1	0.0		72	90.02
29	1	0.0		106	86.15
30	1	0.0		79	89.82
31	1	0.0		106	86.15
32	1	0.0		79	89.82
33	1	0.0		72	90.02
34	1	0.0		113	84.7
35	1	0.0		106	86.15
36	1	0.0		82	88.56
37	1	0.0		79	89.82
38	1	0.0		82	88.56
39	1	0.0		79	89.82
40	1	0.0		82	88.56
41	1	0.0		72	90.02
42	1	0.0		82	88.56
43	1	0.0		72	90.02
44	1	0.0		72	90.02
45	1	0.0		82	88.56
46	1	0.0		79	89.82
47	1	0.0		72	90.02
48	1	0.0		82	88.56
49	1	0.0		79	89.82
50	1	0.0		79	89.82
51	1	0.0		72	90.02
52	1	0.0		72	90.02
53	1	0.0		79	89.82
54	1	0.0		72	90.02
55	1	0.0		82	88.56
56	1	0.0		82	88.56
57	1	0.0		82	88.56
58	1	0.0		79	89.82
59	1	0.0		79	89.82


Run no: 25
0	1	2000.0		3820	88.61
1	1	1000.1703		62	100.94
2	1	0.0		62	100.94
3	1	0.01297648		468	91.08
4	1	0.0		71	98.84
5	1	0.0		74	93.98
6	1	0.0		62	100.94
7	1	0.3941606		71	98.84
8	1	0.1221867		403	91.24
9	1	0.0		401	92.74
10	1	0.0		90	93.13
11	1	0.07160739		200	93.03
12	1	0.0		399	92.8
13	1	0.03738119		200	93.03
14	1	0.0		76	93.53
15	1	0.0		74	93.98
16	1	5.32198E-4		76	93.53
17	1	0.030272914		403	91.24
18	1	0.18896998		468	91.08
19	1	0.80122405		468	91.08
20	1	0.01865369		399	92.8
21	1	0.0324412		90	93.13
22	1	0.00486618		399	92.8
23	1	0.0		401	92.74
24	1	0.03649635		76	93.53
25	1	0.0037253858		90	93.13
26	1	0.0023948909		71	98.84
27	1	0.39495888		74	93.98
28	1	0.17031631		71	98.84
29	1	0.0		74	93.98
30	1	0.052953698		399	92.8
31	1	0.00486618		401	92.74
32	1	0.1221867		401	92.74
33	1	0.0		62	100.94
34	1	0.03649635		74	93.98
35	1	0.0		71	98.84
36	1	0.0		401	92.74
37	1	5.32198E-4		399	92.8
38	1	0.0		76	93.53
39	1	0.03738119		90	93.13
40	1	0.0		76	93.53
41	1	0.0		468	91.08
42	1	0.0		401	92.74
43	1	0.0		71	98.84
44	1	1000.0024		62	100.94
45	1	0.0		71	98.84
46	1	0.0324412		76	93.53
47	1	0.0		401	92.74
48	1	0.0		401	92.74
49	1	0.017296433		468	91.08
50	1	7.9829694E-4		71	98.84
51	1	5.32198E-4		74	93.98
52	1	0.0037253858		76	93.53
53	1	5.32198E-4		401	92.74
54	1	1.0922883		3479	88.75
55	2	2000.0		3567	90.78
56	2	1001.0		3813	90.18
57	2	1001.0		3813	90.18
58	2	2.0		3567	90.78
59	2	0.0		3813	90.18


Run no: 26
0	1	2000.0		3608	80.22
1	1	1000.0		80	94.7
2	1	1000.0		80	94.7
3	1	1.006881		141	86.53
4	1	0.43860796		141	86.53
5	1	0.41280803		94	93.87
6	1	0.4088398		113	87.95
7	1	0.06270593		94	93.87
8	1	0.057320442		80	94.7
9	1	0.035220996		130	87.39
10	1	0.035220996		131	86.88
11	1	0.02417127		131	86.88
12	1	0.02417127		113	87.95
13	1	0.02417127		123	87.6
14	1	0.014502763		130	87.39
15	1	0.014502763		123	87.6
16	1	0.0053854873		113	87.95
17	1	0.003968254		80	94.7
18	1	0.0028344672		113	87.95
19	1	0.0028344672		123	87.6
20	1	0.0028344672		131	86.88
21	1	0.001984127		123	87.6
22	1	0.001984127		130	87.39
23	1	2.8344672E-4		130	87.39
24	1	2.8344672E-4		131	86.88
25	1	0.0		94	93.87
26	1	0.0		94	93.87
27	1	0.0		80	94.7
28	1	0.0		130	87.39
29	1	0.0		131	86.88
30	1	0.0		123	87.6
31	1	0.0		130	87.39
32	1	0.0		123	87.6
33	1	0.0		94	93.87
34	1	0.0		80	94.7
35	1	0.0		113	87.95
36	1	0.0		131	86.88
37	1	0.0		130	87.39
38	1	0.0		123	87.6
39	1	0.0		80	94.7
40	1	0.0		94	93.87
41	1	0.0		113	87.95
42	1	0.0		80	94.7
43	1	0.0		113	87.95
44	1	0.0		123	87.6
45	1	0.0		123	87.6
46	1	0.0		113	87.95
47	1	0.0		94	93.87
48	1	0.0		123	87.6
49	1	0.0		131	86.88
50	1	0.0		94	93.87
51	1	0.0		80	94.7
52	1	0.0		131	86.88
53	1	0.0		113	87.95
54	1	0.0		113	87.95
55	1	0.0		80	94.7
56	1	0.0		113	87.95
57	1	0.0		123	87.6
58	1	0.0		94	93.87
59	1	0.0		130	87.39


Run no: 27
0	1	2000.0		74	99.66
1	1	1000.0123		5029	78.86
2	1	0.66155106		120	88.72
3	1	0.6599089		3131	88.43
4	1	0.4047155		4968	79.36
5	1	0.0		80	91.33
6	1	0.0		74	99.66
7	1	0.2347124		3805	82.14
8	1	0.28580058		3520	83.68
9	1	0.2685744		3353	88.17
10	1	0.02320888		3805	82.14
11	1	0.10642417		3690	83.64
12	1	0.0		80	91.33
13	1	0.0		91	89.58
14	1	0.008428743		3316	88.41
15	1	0.0		5029	78.86
16	1	0.035096154		96	89.45
17	1	0.025131958		3690	83.64
18	1	0.13365385		3805	82.14
19	1	0.048874486		3316	88.41
20	1	0.0		91	89.58
21	1	0.004843592		96	89.45
22	1	0.0010090817		96	89.45
23	1	0.001210898		80	91.33
24	1	0.40048078		74	99.66
25	1	0.00625		91	89.58
26	1	0.0		5029	78.86
27	1	1000.02405		5029	78.86
28	1	0.0		80	91.33
29	1	0.072115384		3805	82.14
30	1	0.0		80	91.33
31	1	0.00221998		91	89.58
32	1	0.0		96	89.45
33	1	0.0		91	89.58
34	1	0.0		80	91.33
35	1	0.0		91	89.58
36	1	0.00625		96	89.45
37	1	0.0		91	89.58
38	1	0.001210898		74	99.66
39	1	0.0		91	89.58
40	1	0.0		91	89.58
41	1	0.0		91	89.58
42	1	0.40048078		80	91.33
43	1	0.084134616		80	91.33
44	1	0.0		91	89.58
45	1	0.0		91	89.58
46	1	0.0		80	91.33
47	1	0.0		80	91.33
48	1	0.0		80	91.33
49	1	0.0		91	89.58
50	1	0.0		91	89.58
51	1	0.0		91	89.58
52	1	0.0		80	91.33
53	1	0.0		80	91.33
54	1	0.0		80	91.33
55	1	0.0		80	91.33
56	1	0.0		91	89.58
57	1	0.0		80	91.33
58	1	0.00221998		80	91.33
59	1	0.0851437		91	89.58


Run no: 28
0	1	2000.0		65	100.38
1	1	1000.0		3459	84.25
2	1	0.0		3459	84.25
3	1	1.0610689		202	86.91
4	1	0.8837409		3193	86.84
5	1	0.015670957		74	92.08
6	1	0.2285089		3371	84.29
7	1	0.1685685		79	89.59
8	1	0.0		3220	86.8
9	1	0.0		78	91.87
10	1	0.0		82	89.17
11	1	0.20010094		3220	86.8
12	1	0.026038438		82	89.17
13	1	0.1754681		82	89.17
14	1	1000.0		3459	84.25
15	1	0.0		78	91.87
16	1	0.0		74	92.08
17	1	0.012294955		3193	86.84
18	1	0.0		3220	86.8
19	1	0.0		74	92.08
20	1	0.010435066		3220	86.8
21	1	0.025928108		3459	84.25
22	1	0.0		78	91.87
23	1	0.0		74	92.08
24	1	0.0		3459	84.25
25	1	0.14164616		78	91.87
26	1	8.839128E-4		82	89.17
27	1	0.0		78	91.87
28	1	0.0		74	92.08
29	1	0.0		3459	84.25
30	1	0.0		74	92.08
31	1	0.0		74	92.08
32	1	0.0		78	91.87
33	1	0.0		78	91.87
34	1	0.0		74	92.08
35	1	0.0024798512		3459	84.25
36	1	0.01419777		78	91.87
37	1	0.0		74	92.08
38	1	0.0		74	92.08
39	1	0.0		74	92.08
40	1	0.0		74	92.08
41	1	0.0		74	92.08
42	1	0.0		74	92.08
43	1	0.0		74	92.08
44	1	0.0		74	92.08
45	1	0.0		74	92.08
46	1	0.0		74	92.08
47	1	0.0		74	92.08
48	1	0.0		74	92.08
49	1	0.0		74	92.08
50	1	0.0		74	92.08
51	1	0.0		74	92.08
52	1	0.0		74	92.08
53	1	0.0		74	92.08
54	1	0.0		74	92.08
55	1	0.0		74	92.08
56	1	0.0		74	92.08
57	1	0.0		74	92.08
58	1	0.0		74	92.08
59	1	0.51574767		74	92.08


Run no: 29
0	1	1000.01263		3242	76.27
1	1	1000.01624		3242	76.27
2	1	1000.0		75	89.83
3	1	0.042035397		75	89.83
4	1	1.1273334		180	82.3
5	1	0.0		2767	78.09
6	1	0.37947357		167	83.5
7	1	0.37536874		139	88.59
8	1	0.06415929		2767	78.09
9	1	0.084776826		2996	77.22
10	1	0.0950205		82	89.26
11	1	0.09733675		167	83.5
12	1	0.092600405		180	82.3
13	1	0.03410377		3101	76.52
14	1	0.13646747		2996	77.22
15	1	0.072308175		2767	78.09
16	1	1.1273334		2767	78.09
17	1	0.028854439		3202	76.49
18	1	0.012946006		98	88.64
19	1	0.0		75	89.83
20	1	0.084776826		3101	76.52
21	1	0.0		139	88.59
22	1	0.0036873156		98	88.64
23	1	0.0		3202	76.49
24	1	0.0		139	88.59
25	1	0.0		98	88.64
26	1	0.0		98	88.64
27	1	0.03410377		3202	76.49
28	1	0.0		75	89.83
29	1	0.0		75	89.83
30	1	0.012946006		139	88.59
31	1	0.0		98	88.64
32	1	0.0		75	89.83
33	1	0.0		98	88.64
34	1	0.0		139	88.59
35	1	0.0		139	88.59
36	1	0.0		75	89.83
37	1	0.0		139	88.59
38	1	0.0		75	89.83
39	1	0.050774813		98	88.64
40	1	0.0		139	88.59
41	1	0.0		139	88.59
42	1	0.0		75	89.83
43	1	0.0		75	89.83
44	1	0.0		75	89.83
45	1	0.008841175		139	88.59
46	1	0.0		75	89.83
47	1	0.0		75	89.83
48	1	0.0		139	88.59
49	1	0.0		75	89.83
50	1	0.0		139	88.59
51	1	0.0		139	88.59
52	1	0.0036873156		139	88.59
53	1	0.0		75	89.83
54	1	0.0		75	89.83
55	1	0.0		75	89.83
56	1	0.0		75	89.83
57	1	0.0		75	89.83
58	1	0.0		75	89.83
59	1	1000.0022		75	89.83

