
Run no: 0
322		427		547		
95		399		572		
91		369		562		
75		332		531		
75		313		524		
75		340		4907		
75		192		4907		
75		93		158		
75		91		158		
75		89		158		
75		87		100		
75		86		100		
69		84		114		
69		82		114		
69		84		114		
69		85		114		
69		85		114		
69		88		114		
69		90		123		
69		90		141		
69		89		122		
69		89		122		
62		88		122		
62		94		144		
62		94		144		
62		98		144		
62		95		144		
62		92		135		
62		93		135		
62		94		135		
62		96		135		

Run no: 1
352		436		606		
352		477		4291		
77		543		4291		
77		649		4291		
77		849		4291		
77		322		464		
77		266		423		
77		220		397		
77		138		397		
77		115		403		
77		131		403		
77		173		403		
77		200		403		
77		279		4236		
77		242		4236		
77		324		4236		
77		390		4236		
77		599		4236		
77		686		4236		
77		980		4236		
77		804		4236		
77		981		4236		
77		569		4009		
77		463		4009		
77		394		3980		
77		263		3561		
77		264		3481		
77		326		3481		
77		391		3481		
77		401		3481		
77		589		3481		

Run no: 2
336		437		579		
336		412		563		
78		392		533		
77		374		440		
77		357		453		
77		348		435		
77		323		435		
77		294		477		
77		187		477		
77		78		80		
77		78		92		
73		78		92		
73		79		108		
73		79		115		
73		78		115		
73		80		115		
73		82		115		
73		83		115		
73		148		3826		
73		202		3826		
73		201		3733		
73		386		3736		
73		449		3736		
73		449		3736		
73		506		3736		
73		804		3736		
73		200		3740		
73		253		3740		
73		373		3740		
73		242		3699		
73		304		3699		

Run no: 3
314		420		599		
314		451		4072		
94		435		4072		
94		466		4072		
94		642		4072		
84		760		4072		
84		1120		4217		
84		1990		4217		
84		1690		4078		
84		357		4015		
84		353		4015		
84		164		3631		
84		229		3631		
84		177		3534		
84		244		3534		
84		244		3534		
84		330		3534		
84		441		3534		
84		614		3534		
84		670		3534		
84		589		3466		
84		173		3029		
84		175		3011		
84		175		3011		
84		310		3011		
84		205		3004		
84		279		3004		
84		258		5107		
84		433		5107		
72		443		5055		
72		710		5055		

Run no: 4
343		420		589		
343		396		504		
67		369		454		
67		351		415		
67		338		423		
67		328		423		
67		311		471		
67		265		471		
67		287		415		
67		242		415		
67		166		2534		
67		178		2534		
67		203		2534		
67		213		2361		
67		263		2361		
67		212		2361		
67		273		2361		
67		296		2361		
67		248		2278		
67		108		2278		
67		109		2278		
67		112		2267		
67		106		2267		
67		110		2267		
67		115		2267		
67		103		2267		
67		137		2267		
67		204		2267		
67		241		2267		
67		101		2073		
67		101		2073		

Run no: 5
345		436		697		
345		401		550		
345		470		4879		
345		607		4879		
345		445		4870		
80		437		4870		
80		422		4870		
80		555		4873		
80		844		4873		
80		1340		4873		
80		2325		5061		
78		2328		5092		
74		644		4868		
74		563		4868		
74		88		137		
74		144		3555		
74		204		3555		
74		321		3555		
74		436		3555		
74		142		3176		
74		144		3176		
74		198		3176		
74		191		3176		
74		186		2999		
74		283		2999		
74		326		2999		
66		362		2963		
66		567		4457		
66		1046		4457		
66		1582		4458		
66		1449		4457		

Run no: 6
335		440		625		
335		411		597		
83		403		601		
83		362		471		
83		338		433		
83		347		428		
83		392		3433		
83		427		3619		
83		438		3619		
83		407		3619		
83		594		6036		
83		255		6036		
83		356		6036		
83		647		6036		
83		501		5981		
83		442		5981		
83		547		5975		
83		761		5975		
83		1033		5975		
83		947		5933		
78		1064		5933		
78		977		5888		
78		453		5888		
78		715		5888		
78		808		5892		
78		758		5804		
78		689		5804		
78		945		5802		
78		455		5802		
78		629		5810		
78		674		5810		

Run no: 7
331		425		644		
331		478		4368		
331		476		4368		
107		518		4368		
86		553		4368		
86		884		5982		
86		1130		4430		
86		854		4430		
86		911		4410		
86		365		4225		
86		465		4225		
86		506		4255		
86		623		4255		
71		945		4225		
71		1487		4225		
71		2773		4232		
71		3418		4232		
71		3212		4232		
71		2033		4232		
71		406		4173		
71		473		4154		
71		741		4175		
71		601		4113		
71		1197		4113		
71		1660		4113		
71		1202		4113		
71		1263		4113		
71		736		4094		
71		1195		4094		
71		266		4092		
71		254		3178		

Run no: 8
339		419		585		
339		448		2940		
97		479		2956		
97		506		2956		
88		701		3028		
88		822		3028		
88		945		3028		
88		919		3142		
81		498		2950		
79		531		2950		
79		704		2950		
79		935		2950		
79		856		2950		
79		972		4102		
79		356		4102		
79		94		135		
79		94		135		
79		93		135		
79		95		135		
79		95		135		
79		91		135		
79		83		154		
79		85		154		
79		90		154		
79		93		154		
79		96		154		
79		94		163		
79		96		163		
79		89		163		
79		83		163		
79		86		163		

Run no: 9
337		434		615		
337		399		560		
337		452		4324		
337		487		4324		
337		516		3760		
337		648		3762		
92		501		3682		
92		715		3682		
92		966		3682		
92		1935		3682		
92		1934		3684		
92		1660		3573		
92		2105		3575		
92		827		3575		
92		551		4016		
92		712		4016		
92		572		3977		
92		709		3977		
92		933		3977		
92		1118		3977		
92		1212		3977		
92		956		3977		
92		854		3879		
81		603		3879		
80		784		3879		
80		652		3583		
77		226		3583		
77		293		3583		
77		177		3481		
77		295		3481		
77		335		3481		

Run no: 10
323		426		712		
323		406		607		
323		451		4538		
323		445		4537		
88		359		401		
73		349		384		
73		356		384		
73		420		4165		
73		536		4165		
73		651		4165		
73		1049		4166		
73		1120		4166		
73		437		4166		
73		409		4112		
73		143		3956		
73		136		3877		
73		137		3877		
73		201		3877		
73		201		3877		
73		265		3877		
73		392		3877		
73		139		3857		
73		140		3857		
73		269		3857		
73		215		4443		
73		282		4440		
73		411		4440		
73		537		4440		
73		857		4440		
73		266		3587		
73		259		3587		

Run no: 11
322		438		606		
82		404		536		
82		395		460		
82		386		459		
82		382		466		
82		366		444		
82		404		3459		
82		397		3459		
82		596		3481		
82		282		3452		
82		279		3452		
82		432		3452		
82		86		107		
82		86		102		
75		86		102		
75		88		102		
75		88		102		
75		89		102		
75		153		3910		
75		153		3910		
75		217		3910		
75		593		3910		
75		213		3988		
75		319		3988		
75		370		3731		
66		310		3586		
66		312		3586		
66		361		3586		
66		475		3586		
66		584		3586		
66		286		3039		

Run no: 12
326		426		617		
326		469		4142		
93		517		4142		
93		647		4142		
93		919		4221		
93		1214		4174		
93		1881		6190		
82		2289		6190		
82		2191		4236		
82		509		4236		
82		446		4236		
82		569		4236		
82		1042		4238		
82		1445		4238		
82		1436		4238		
82		1902		4238		
81		1525		4238		
81		1241		4189		
81		1106		4190		
81		1154		4190		
81		1270		4190		
67		1404		4190		
67		810		4146		
67		947		4146		
67		1130		4146		
67		667		3988		
67		727		3988		
67		729		3988		
67		614		3988		
67		797		3988		
67		1229		3988		

Run no: 13
329		428		586		
329		401		596		
329		468		4593		
88		495		4593		
88		477		4276		
88		524		4276		
88		410		4276		
88		425		4276		
88		551		4276		
88		231		4224		
88		359		4224		
88		615		4224		
70		618		4221		
70		820		4221		
70		492		4221		
70		487		4210		
70		751		4210		
70		366		3588		
70		369		3588		
70		447		3517		
70		508		3517		
70		706		3517		
70		451		3517		
70		650		3517		
70		739		3517		
70		363		3293		
70		670		3293		
70		881		3293		
70		915		3293		
70		519		3237		
70		543		3237		

Run no: 14
315		419		539		
105		386		502		
105		354		463		
79		312		463		
79		303		510		
69		317		348		
69		341		348		
69		341		348		
69		333		357		
69		317		359		
69		294		378		
69		277		378		
69		218		378		
69		169		388		
69		288		4197		
69		352		4197		
69		366		4197		
69		407		4197		
69		609		4197		
69		342		4011		
69		353		4025		
69		554		4025		
69		744		4025		
69		414		3992		
69		503		3918		
69		933		3918		
69		803		3918		
69		1176		3918		
69		988		3918		
69		687		3678		
69		740		3678		

Run no: 15
354		426		738		
354		399		543		
354		378		442		
354		371		442		
354		374		442		
85		373		442		
85		382		470		
85		389		481		
85		490		5443		
85		562		5443		
85		389		505		
75		384		505		
75		373		505		
75		369		505		
75		340		505		
75		316		505		
75		264		508		
75		282		508		
75		290		508		
75		265		508		
75		271		508		
75		288		508		
75		290		508		
75		212		494		
75		226		494		
75		213		501		
75		232		501		
75		248		501		
75		238		534		
75		229		534		
69		248		534		

Run no: 16
339		423		585		
77		398		558		
77		369		492		
77		357		556		
77		312		409		
77		259		410		
77		193		439		
77		108		439		
77		122		439		
77		122		428		
77		147		438		
77		155		438		
77		101		438		
74		107		451		
74		144		451		
74		204		451		
74		277		3351		
74		311		3351		
74		326		3252		
74		346		3095		
74		442		3100		
74		472		3095		
74		485		3089		
74		587		3096		
74		857		3119		
74		633		3141		
74		372		3141		
74		424		3096		
74		326		3096		
74		174		3088		
74		174		3088		

Run no: 17
340		428		569		
340		395		510		
77		383		442		
77		378		444		
77		365		498		
77		368		444		
77		363		444		
77		385		444		
77		342		502		
77		284		502		
77		340		3870		
77		265		3904		
77		340		3904		
77		475		3908		
77		165		3809		
77		229		3809		
77		291		3809		
77		366		3817		
77		614		3817		
77		395		3817		
77		428		3811		
77		459		3811		
77		394		3811		
77		519		3765		
66		726		3765		
66		920		3765		
66		399		3650		
66		329		3353		
66		315		3353		
66		332		3353		
66		368		3353		

Run no: 18
339		431		599		
339		395		471		
339		393		471		
339		388		553		
339		367		555		
124		355		555		
82		363		563		
82		358		563		
82		392		3677		
82		503		3677		
82		623		3677		
82		684		3677		
82		819		3677		
82		974		3677		
82		355		3552		
81		366		3552		
81		371		3552		
81		380		3552		
81		467		3552		
81		601		3552		
81		787		3552		
81		822		3552		
81		968		4955		
81		1146		4955		
81		1290		4955		
81		1264		4955		
81		1504		4955		
81		1591		4898		
81		1017		4898		
81		1448		4898		
81		1550		4898		

Run no: 19
348		433		622		
101		414		629		
101		468		4333		
101		380		433		
101		401		456		
101		447		3974		
101		433		3868		
84		484		3868		
84		876		3868		
76		988		3868		
76		511		3826		
76		434		3743		
76		406		3742		
76		410		3742		
76		511		6032		
76		669		6032		
76		571		5740		
76		808		5740		
76		942		5740		
76		926		5740		
76		835		5735		
76		701		5735		
76		711		5735		
76		642		5735		
76		716		5735		
71		928		5741		
71		1016		5642		
71		979		5642		
71		1557		5642		
71		1313		5642		
71		2335		5642		

Run no: 20
325		430		656		
325		409		557		
325		387		493		
89		399		514		
89		449		3388		
89		509		3388		
89		637		3392		
89		1011		3392		
89		1196		3388		
89		203		3160		
89		260		3160		
89		457		3160		
89		363		3081		
89		415		3081		
89		508		3081		
89		593		3081		
89		737		3081		
89		658		3081		
89		649		3077		
77		811		3077		
77		489		3077		
77		333		2975		
77		465		2975		
77		628		2900		
77		457		2804		
77		672		2804		
77		680		2804		
77		628		2804		
77		578		2804		
77		506		2792		
77		757		2792		

Run no: 21
338		423		582		
338		457		3369		
86		442		3369		
86		520		3369		
86		440		3368		
86		418		3368		
86		349		474		
86		355		482		
86		404		5158		
86		297		490		
83		284		488		
83		399		488		
83		401		488		
83		399		488		
83		388		488		
83		445		4224		
83		425		4224		
83		406		4224		
83		392		4224		
83		291		501		
83		293		501		
83		301		501		
83		299		501		
83		257		501		
83		277		506		
83		364		3611		
83		409		3611		
83		569		3614		
83		584		3614		
83		847		3614		
83		637		3614		

Run no: 22
354		432		707		
354		480		4548		
82		538		4548		
82		430		3922		
82		492		4066		
82		365		428		
82		370		428		
82		365		428		
82		345		428		
82		327		428		
82		344		428		
82		334		428		
82		318		428		
70		263		428		
70		315		434		
70		289		434		
70		282		434		
70		158		434		
70		174		434		
70		187		434		
70		207		434		
70		228		434		
70		246		434		
70		231		434		
70		237		434		
70		238		434		
70		167		434		
70		190		467		
70		208		467		
70		206		476		
70		272		3704		

Run no: 23
325		424		632		
325		404		545		
325		413		578		
325		408		599		
325		413		4159		
325		489		4160		
62		543		4159		
62		474		4194		
62		740		5227		
62		1277		5227		
62		922		5277		
62		1303		5277		
62		525		4171		
62		665		4171		
62		438		4171		
62		578		4171		
62		610		4171		
62		741		4179		
62		846		4179		
62		834		4179		
62		1273		4179		
62		680		4157		
62		980		4157		
62		767		4157		
62		853		4157		
62		1089		4158		
62		886		4158		
62		681		4141		
62		817		4141		
62		1075		4141		
59		952		4141		

Run no: 24
312		439		629		
312		416		629		
84		379		580		
84		368		445		
84		342		481		
80		313		481		
80		286		486		
72		217		489		
72		87		144		
72		88		144		
72		86		120		
72		88		120		
72		90		120		
72		89		117		
72		89		117		
72		87		117		
72		86		117		
72		83		117		
72		81		117		
72		83		117		
72		84		117		
72		87		117		
72		89		117		
72		89		117		
72		90		117		
72		90		117		
72		90		117		
72		89		117		
72		83		132		
72		84		132		
72		87		132		

Run no: 25
356		425		635		
356		448		3915		
100		374		402		
100		363		402		
100		336		396		
100		314		396		
100		286		399		
100		295		409		
100		283		409		
100		282		656		
71		301		656		
71		385		656		
71		387		656		
71		360		465		
71		354		507		
71		367		507		
71		367		507		
71		372		507		
71		356		507		
71		347		518		
71		408		3941		
71		424		3941		
71		434		3941		
71		426		3941		
71		389		3941		
62		548		3941		
62		309		3813		
62		279		3813		
62		331		3813		
62		557		3820		
62		620		3820		

Run no: 26
338		420		653		
338		458		3981		
80		564		3981		
80		914		3981		
80		355		510		
80		331		510		
80		286		486		
80		281		407		
80		268		407		
80		273		407		
80		249		422		
80		226		422		
80		287		3475		
80		347		3475		
80		289		3475		
80		285		3475		
80		222		3465		
80		90		113		
80		89		113		
80		90		113		
80		93		113		
80		92		113		
80		96		155		
80		106		155		
80		109		132		
80		108		131		
80		108		131		
80		167		3672		
80		229		3672		
80		169		3608		
80		170		3608		

Run no: 27
352		436		597		
352		465		3410		
352		679		4955		
74		1050		4955		
74		1383		5823		
74		1303		5823		
74		1050		5823		
74		1568		5828		
74		967		5828		
74		1218		5828		
74		1772		5828		
74		81		131		
74		81		131		
74		82		131		
74		154		4242		
74		144		4242		
74		146		4242		
74		147		4242		
74		290		4242		
74		424		4242		
74		140		3851		
74		267		3851		
74		393		3851		
74		268		3845		
74		461		3845		
74		453		3845		
74		385		3845		
74		443		3845		
74		342		5029		
74		692		5029		
74		1135		5029		

Run no: 28
332		425		548		
88		407		528		
87		388		603		
87		389		603		
87		371		603		
87		349		608		
83		360		612		
79		357		612		
74		383		605		
74		476		4192		
74		541		4192		
74		479		4190		
74		556		4190		
74		568		4190		
74		505		4085		
74		500		4021		
74		533		4021		
74		704		4021		
74		976		4021		
74		143		3528		
74		146		3528		
74		207		3528		
74		266		3528		
74		328		3528		
74		393		3528		
74		597		3528		
74		197		3459		
74		306		3459		
74		425		3459		
65		736		3459		
65		840		3459		

Run no: 29
352		441		582		
352		405		518		
352		383		432		
352		376		419		
352		375		430		
86		377		430		
75		368		430		
75		435		3281		
75		420		3281		
75		462		3281		
75		459		3326		
75		456		3326		
75		578		3326		
75		661		3326		
75		808		3326		
75		592		3244		
75		715		3244		
75		839		3244		
75		824		3244		
75		555		3242		
75		499		3238		
75		566		3238		
75		758		3238		
75		670		3241		
75		756		3241		
75		1065		3241		
75		878		3200		
75		607		3244		
75		632		3244		
75		537		3242		
75		738		3242		
