
Run no: 0
95.75	
95.75	
84.85	
84.85	
84.85	
84.65	
84.65	
84.65	
84.65	
84.65	
84.4	
84.4	
79.76	
79.76	
79.76	
79.76	
79.76	
79.76	
79.31	
79.01	
79.01	
79.01	
79.01	
78.95	
78.95	
78.95	
78.95	
78.81	
78.81	
78.81	
78.81	

Run no: 1
84.84	
84.84	
84.84	
84.84	
84.84	
84.84	
84.82	
84.78	
84.78	
84.75	
84.75	
84.75	
84.75	
80.95	
80.95	
80.95	
80.95	
80.95	
80.95	
80.95	
80.95	
80.95	
80.6	
79.55	
79.55	
79.55	
79.55	
79.55	
79.55	
79.55	
79.55	

Run no: 2
91.99	
91.99	
91.99	
91.17	
91.17	
90.77	
90.77	
90.77	
90.77	
90.77	
88.62	
88.62	
88.62	
88.58	
88.58	
88.58	
88.58	
88.58	
85.86	
85.86	
85.36	
81.48	
81.48	
81.48	
81.48	
81.48	
81.33	
81.33	
81.33	
81.18	
81.18	

Run no: 3
95.88	
92.83	
92.83	
92.83	
92.83	
92.26	
92.26	
92.26	
91.82	
91.82	
89.21	
89.21	
86.43	
86.43	
86.43	
86.43	
86.43	
86.43	
86.43	
86.43	
85.94	
85.79	
84.67	
84.67	
84.67	
84.67	
84.67	
83.27	
83.27	
83.27	
83.27	

Run no: 4
89.64	
89.64	
89.64	
87.7	
87.7	
87.7	
87.7	
87.7	
87.7	
87.7	
82.19	
82.19	
82.19	
82.19	
82.19	
82.19	
82.19	
82.19	
82.18	
82.18	
82.18	
81.99	
81.99	
81.99	
81.99	
81.99	
81.99	
81.99	
81.99	
81.99	
81.99	

Run no: 5
94.7	
94.7	
94.7	
94.7	
88.11	
88.11	
88.11	
88.09	
88.09	
88.09	
86.61	
86.61	
86.61	
86.61	
86.14	
80.17	
80.17	
80.17	
80.17	
79.02	
79.02	
79.02	
79.02	
79.02	
79.02	
79.02	
78.91	
78.89	
78.89	
78.89	
78.89	

Run no: 6
89.72	
89.72	
89.72	
89.72	
88.91	
88.91	
83.89	
83.82	
83.82	
83.82	
80.3	
80.3	
80.3	
80.3	
78.76	
78.76	
78.76	
78.76	
78.76	
78.01	
78.01	
77.87	
77.87	
77.87	
77.17	
76.96	
76.96	
76.96	
76.96	
76.95	
76.95	

Run no: 7
92.97	
85.49	
85.49	
85.49	
85.49	
85.39	
85.04	
85.04	
83.95	
83.95	
83.95	
83.95	
83.95	
83.95	
83.95	
83.72	
83.72	
83.72	
83.72	
83.72	
83.72	
83.65	
83.62	
83.62	
83.62	
83.62	
80.51	
80.51	
80.51	
80.51	
80.51	

Run no: 8
91.5	
90.62	
90.62	
90.62	
90.62	
90.62	
89.12	
88.96	
88.96	
88.96	
88.96	
88.96	
88.96	
87.65	
87.65	
85.04	
85.04	
85.04	
85.04	
85.04	
85.04	
84.96	
84.96	
84.96	
84.96	
84.96	
83.43	
83.43	
83.43	
83.43	
83.43	

Run no: 9
92.41	
92.41	
91.99	
89.51	
89.51	
89.51	
89.51	
87.99	
87.99	
87.99	
87.99	
87.99	
87.49	
87.49	
85.51	
85.51	
84.79	
84.79	
84.79	
84.79	
84.79	
84.79	
84.79	
84.79	
84.79	
84.22	
84.22	
84.22	
84.11	
84.11	
84.11	

Run no: 10
93.67	
93.67	
93.67	
93.54	
93.54	
92.17	
92.17	
87.41	
87.41	
87.41	
86.86	
86.86	
86.86	
86.86	
84.41	
84.38	
84.38	
84.38	
84.36	
84.36	
84.36	
84.36	
84.36	
84.36	
84.32	
84.32	
84.32	
84.32	
84.32	
83.65	
83.65	

Run no: 11
95.77	
95.77	
95.77	
95.04	
93.43	
93.19	
88.15	
88.09	
88.0	
86.6	
85.77	
85.77	
85.77	
85.56	
85.56	
85.56	
85.56	
85.56	
83.72	
83.72	
83.72	
83.19	
82.61	
82.61	
80.83	
80.83	
80.83	
80.83	
80.83	
80.83	
80.57	

Run no: 12
95.07	
83.72	
83.72	
83.72	
83.72	
83.6	
82.36	
82.36	
81.47	
81.47	
81.47	
81.47	
80.31	
80.31	
80.31	
80.31	
80.31	
80.31	
78.4	
78.4	
78.4	
78.4	
78.4	
78.4	
78.4	
78.4	
78.4	
78.4	
78.4	
78.4	
78.4	

Run no: 13
95.32	
95.32	
94.48	
89.83	
89.83	
89.08	
87.08	
87.08	
79.41	
79.41	
79.41	
79.41	
79.41	
79.41	
79.41	
79.41	
79.41	
79.17	
79.17	
79.17	
79.17	
79.17	
79.17	
79.17	
79.17	
78.86	
78.86	
78.86	
78.86	
78.71	
78.71	

Run no: 14
96.72	
96.64	
96.64	
94.87	
94.87	
94.87	
94.87	
94.87	
92.79	
90.87	
90.85	
90.85	
90.85	
90.84	
81.88	
81.88	
81.88	
81.88	
81.88	
81.18	
80.43	
80.43	
80.43	
80.43	
80.35	
80.35	
80.35	
80.35	
80.35	
80.35	
80.35	

Run no: 15
90.81	
90.81	
90.81	
90.81	
90.81	
90.81	
89.88	
89.88	
86.61	
86.61	
86.53	
86.53	
86.53	
86.53	
86.53	
86.53	
85.52	
85.52	
85.52	
85.52	
85.52	
85.52	
84.4	
84.4	
84.4	
83.56	
83.56	
83.56	
83.13	
83.13	
83.13	

Run no: 16
95.37	
95.37	
95.37	
95.37	
94.97	
94.84	
94.67	
94.67	
94.67	
93.52	
93.42	
93.42	
93.42	
93.19	
93.19	
93.19	
93.07	
93.07	
88.96	
88.65	
88.65	
87.81	
87.81	
86.6	
86.6	
86.6	
86.6	
86.6	
86.6	
86.28	
86.28	

Run no: 17
93.19	
92.82	
92.82	
92.75	
92.75	
92.75	
92.75	
92.75	
92.06	
92.06	
83.42	
83.15	
83.15	
82.65	
81.05	
81.05	
81.05	
80.53	
80.53	
80.53	
80.48	
80.48	
80.48	
80.48	
80.48	
80.48	
80.15	
80.15	
80.15	
80.15	
80.15	

Run no: 18
93.59	
93.59	
93.59	
85.22	
85.22	
85.22	
85.01	
85.01	
81.79	
81.79	
81.79	
81.79	
81.79	
81.42	
81.42	
81.42	
81.42	
81.42	
81.42	
81.42	
81.42	
81.42	
79.88	
79.88	
79.88	
79.88	
79.88	
77.4	
77.4	
77.4	
77.4	

Run no: 19
91.27	
91.27	
91.27	
91.27	
88.73	
83.36	
83.13	
83.13	
83.13	
83.13	
83.13	
83.13	
83.13	
83.13	
79.4	
79.4	
79.39	
79.39	
79.39	
79.39	
79.39	
79.39	
79.39	
79.39	
79.39	
79.14	
79.14	
79.14	
79.14	
79.14	
79.14	

Run no: 20
90.05	
90.05	
90.05	
89.6	
85.55	
85.55	
85.55	
84.89	
84.89	
84.05	
84.05	
84.05	
84.05	
84.05	
84.05	
84.05	
84.05	
83.12	
83.12	
83.12	
83.12	
83.12	
83.12	
83.12	
83.12	
83.12	
83.12	
83.12	
83.12	
83.12	
83.12	

Run no: 21
92.36	
92.36	
92.36	
92.36	
89.39	
89.39	
89.39	
89.24	
88.86	
88.56	
88.31	
88.31	
88.31	
88.31	
88.31	
87.75	
87.75	
87.75	
87.75	
86.26	
86.26	
86.26	
86.26	
86.26	
86.22	
78.27	
78.27	
78.02	
78.02	
78.02	
78.02	

Run no: 22
92.58	
92.58	
92.58	
91.45	
91.01	
86.58	
86.58	
86.58	
85.01	
85.01	
85.01	
85.01	
85.01	
85.01	
84.12	
84.12	
84.12	
84.12	
84.12	
84.12	
84.12	
84.12	
84.12	
84.12	
84.12	
84.12	
84.12	
83.12	
83.12	
83.02	
77.95	

Run no: 23
91.96	
91.96	
91.96	
91.96	
85.88	
85.88	
85.88	
84.61	
80.32	
80.32	
79.73	
79.73	
78.45	
78.45	
78.45	
78.45	
78.45	
78.2	
78.2	
78.2	
78.2	
77.48	
77.48	
77.48	
77.48	
77.46	
77.46	
77.43	
77.43	
77.43	
77.43	

Run no: 24
92.25	
91.53	
89.62	
89.62	
89.43	
89.27	
87.23	
87.23	
87.23	
87.23	
83.65	
83.65	
83.65	
83.58	
83.58	
83.58	
83.58	
83.58	
83.58	
83.58	
83.58	
83.58	
83.58	
83.58	
83.58	
83.58	
83.58	
83.58	
83.02	
83.02	
83.02	

Run no: 25
93.04	
93.04	
93.04	
93.04	
93.04	
93.04	
93.0	
92.95	
92.95	
92.41	
92.41	
92.41	
92.41	
91.24	
91.19	
91.19	
91.19	
91.19	
91.19	
91.17	
90.19	
90.19	
90.19	
90.19	
90.19	
90.19	
90.18	
90.18	
90.18	
88.61	
88.61	

Run no: 26
92.41	
92.41	
92.41	
92.41	
92.41	
92.41	
91.37	
91.37	
91.37	
91.37	
90.97	
90.97	
90.68	
90.68	
90.61	
87.95	
87.95	
87.95	
87.95	
87.95	
87.95	
87.95	
87.29	
87.29	
87.29	
86.88	
86.88	
80.4	
80.4	
80.22	
80.22	

Run no: 27
94.13	
92.94	
92.03	
92.03	
90.79	
90.79	
90.79	
90.4	
89.58	
89.58	
89.58	
89.48	
89.48	
89.48	
88.96	
88.96	
88.96	
88.96	
88.96	
88.96	
88.64	
88.64	
88.64	
82.14	
82.14	
82.14	
82.14	
82.14	
78.86	
78.86	
78.86	

Run no: 28
90.03	
90.03	
90.03	
90.03	
90.03	
89.96	
89.73	
89.71	
89.71	
88.69	
88.69	
88.69	
88.69	
88.69	
86.05	
85.95	
85.95	
85.95	
84.34	
84.34	
84.34	
84.34	
84.34	
84.34	
84.34	
84.34	
84.25	
84.25	
84.25	
84.25	
84.25	

Run no: 29
87.15	
86.59	
86.59	
86.59	
86.49	
86.49	
86.49	
78.3	
78.3	
78.3	
77.98	
77.98	
77.98	
77.98	
77.98	
77.53	
77.53	
77.53	
77.53	
76.97	
76.97	
76.97	
76.97	
76.52	
76.52	
76.52	
76.52	
76.27	
76.27	
76.27	
76.27	
