
Run no: 1
93.83	
93.77	
93.16	
89.96	
89.96	
89.96	
89.96	
89.96	
89.27	
89.27	
89.27	
88.65	
87.58	
87.58	
87.58	
84.13	
83.51	
83.51	
83.51	
83.51	
83.51	
83.51	
82.17	
82.17	
82.17	
82.17	
82.17	
82.17	
81.96	
81.44	
81.44	

Run no: 2
96.59	
96.59	
94.27	
83.06	
83.06	
83.06	
83.06	
83.06	
83.06	
83.06	
81.27	
81.27	
81.27	
81.27	
81.27	
81.27	
81.27	
81.27	
81.27	
81.27	
80.42	
80.42	
80.42	
80.42	
80.0	
80.0	
79.9	
79.9	
79.9	
79.9	
79.9	

Run no: 3
94.03	
93.81	
91.3	
86.38	
86.38	
86.38	
86.38	
86.38	
86.38	
86.28	
86.28	
81.74	
81.74	
81.74	
81.74	
80.34	
80.34	
80.34	
80.34	
80.34	
80.34	
80.34	
80.34	
80.34	
80.14	
78.56	
78.56	
78.56	
78.56	
78.56	
78.53	

Run no: 4
95.05	
95.05	
94.92	
94.92	
94.92	
94.49	
94.49	
94.38	
94.38	
92.93	
92.93	
92.93	
92.93	
92.08	
91.51	
91.51	
91.51	
91.51	
91.24	
91.24	
87.19	
87.19	
87.19	
86.91	
86.91	
86.91	
82.21	
82.21	
82.21	
82.21	
82.21	

Run no: 5
91.5	
91.5	
91.35	
90.32	
90.32	
90.11	
90.11	
90.11	
89.72	
89.72	
87.43	
87.43	
85.88	
85.88	
85.88	
85.88	
85.88	
85.88	
85.88	
85.88	
85.88	
85.88	
85.88	
84.81	
84.81	
84.81	
84.81	
84.81	
84.81	
84.81	
84.81	

Run no: 6
94.65	
94.65	
94.65	
94.65	
94.65	
94.65	
88.77	
88.77	
88.37	
87.85	
87.85	
87.85	
87.85	
87.85	
87.85	
87.85	
87.85	
87.28	
87.28	
84.92	
84.86	
84.62	
84.62	
84.62	
84.62	
84.62	
83.97	
83.97	
83.97	
83.97	
83.97	

Run no: 7
94.78	
92.16	
92.16	
92.16	
91.19	
91.19	
91.19	
91.19	
91.19	
91.19	
91.0	
91.0	
85.08	
85.08	
85.08	
85.08	
85.08	
85.08	
85.08	
85.08	
85.08	
84.95	
84.95	
84.88	
84.77	
84.77	
84.77	
84.77	
84.64	
84.64	
84.64	

Run no: 8
94.01	
92.39	
92.39	
92.36	
88.74	
88.74	
88.74	
88.74	
87.48	
87.48	
87.48	
87.48	
87.48	
86.32	
86.32	
85.77	
85.77	
85.09	
85.03	
85.03	
85.03	
85.03	
84.54	
84.47	
84.47	
84.47	
84.25	
84.25	
84.25	
84.25	
84.25	

Run no: 9
95.17	
95.17	
92.85	
90.25	
90.17	
90.17	
89.89	
89.89	
89.89	
89.89	
89.89	
89.89	
89.89	
89.89	
89.46	
89.46	
89.32	
89.32	
85.17	
85.17	
85.17	
85.17	
82.07	
82.07	
82.07	
82.07	
82.07	
81.98	
81.98	
81.77	
81.77	

Run no: 10
94.57	
92.07	
90.93	
90.93	
90.93	
90.93	
88.74	
88.74	
88.74	
88.67	
88.08	
87.33	
86.01	
86.01	
86.01	
85.39	
85.39	
85.37	
85.26	
85.26	
85.26	
85.17	
85.14	
85.14	
84.01	
84.01	
82.33	
82.33	
82.33	
82.33	
82.33	

Run no: 11
95.69	
95.69	
95.69	
91.49	
91.49	
91.49	
91.49	
89.43	
86.52	
86.52	
86.52	
83.5	
83.5	
83.5	
83.25	
83.25	
83.25	
83.2	
83.2	
83.2	
83.2	
83.2	
82.95	
82.95	
82.95	
82.95	
82.95	
82.95	
82.68	
82.68	
82.62	

Run no: 12
95.26	
95.26	
90.54	
90.5	
90.41	
90.41	
90.3	
90.3	
90.3	
84.98	
84.73	
84.67	
84.67	
84.67	
84.67	
84.67	
84.67	
84.67	
84.12	
84.12	
84.12	
84.12	
84.12	
82.3	
82.3	
82.3	
82.3	
82.3	
82.3	
82.3	
82.3	

Run no: 13
93.46	
93.46	
92.44	
91.47	
89.23	
89.23	
89.15	
89.15	
89.15	
89.15	
89.15	
89.15	
89.15	
89.15	
89.15	
85.9	
85.9	
85.9	
85.9	
85.9	
83.35	
83.35	
81.98	
81.98	
81.98	
81.98	
81.96	
81.96	
81.96	
81.96	
81.04	

Run no: 14
92.82	
92.82	
92.11	
92.11	
92.11	
92.11	
91.74	
89.63	
89.02	
89.02	
89.02	
89.02	
89.02	
89.02	
89.02	
89.02	
84.02	
84.02	
83.84	
83.84	
83.84	
83.84	
83.84	
83.84	
83.84	
83.84	
83.84	
83.7	
83.67	
82.99	
81.07	

Run no: 15
93.33	
93.33	
93.33	
93.2	
92.73	
92.73	
92.31	
92.31	
89.7	
88.07	
88.07	
88.07	
88.07	
88.01	
88.01	
87.71	
87.71	
87.71	
87.71	
87.71	
87.71	
87.71	
87.71	
87.71	
85.21	
85.21	
84.86	
84.86	
84.86	
84.86	
84.86	

Run no: 16
89.42	
89.42	
89.42	
89.42	
89.42	
86.87	
86.87	
86.87	
86.87	
86.87	
86.87	
86.87	
86.87	
86.87	
85.76	
85.76	
85.76	
84.96	
84.96	
84.96	
84.96	
84.74	
82.14	
82.14	
82.14	
82.14	
81.64	
81.34	
81.34	
81.34	
81.34	

Run no: 17
93.72	
93.72	
93.72	
93.32	
93.32	
91.55	
91.45	
91.45	
91.45	
87.28	
87.28	
85.28	
85.13	
85.13	
84.54	
84.54	
84.54	
84.54	
84.54	
84.54	
84.54	
84.54	
84.54	
84.54	
84.54	
84.54	
84.54	
82.02	
82.02	
82.02	
82.02	

Run no: 18
92.17	
92.17	
92.17	
92.17	
90.16	
86.79	
85.19	
85.19	
85.19	
85.19	
85.14	
84.43	
84.43	
84.43	
84.43	
84.43	
84.43	
84.43	
84.43	
84.33	
84.33	
84.33	
84.33	
84.33	
83.81	
83.81	
83.81	
83.81	
83.81	
83.72	
83.72	

Run no: 19
93.32	
93.32	
92.47	
92.47	
92.47	
92.47	
92.4	
92.25	
92.25	
92.25	
84.32	
84.32	
84.32	
83.19	
83.19	
83.19	
81.56	
81.56	
81.56	
81.56	
81.56	
81.56	
80.99	
80.83	
80.63	
80.63	
80.63	
80.1	
79.84	
79.84	
79.84	

Run no: 20
94.52	
94.52	
94.52	
92.9	
92.9	
92.9	
92.9	
88.66	
88.66	
82.66	
82.66	
82.66	
82.66	
82.66	
82.1	
82.1	
82.1	
82.1	
82.1	
82.1	
82.1	
82.1	
82.1	
81.97	
81.97	
81.97	
81.97	
81.8	
81.8	
81.65	
81.65	

Run no: 21
96.25	
96.25	
95.96	
95.96	
95.22	
95.22	
92.31	
87.04	
87.04	
87.04	
87.04	
87.04	
87.04	
87.04	
87.04	
87.04	
87.04	
84.76	
84.76	
82.61	
82.35	
82.35	
82.35	
82.23	
82.23	
80.77	
80.77	
80.69	
80.69	
80.59	
80.37	

Run no: 22
88.89	
88.89	
88.89	
88.89	
88.89	
80.92	
80.92	
80.85	
80.81	
80.81	
80.81	
80.81	
79.52	
79.52	
79.52	
79.52	
79.52	
78.8	
78.8	
78.8	
77.86	
77.86	
77.86	
77.86	
77.86	
77.48	
77.48	
77.07	
77.07	
77.07	
77.07	

Run no: 23
96.48	
91.79	
91.79	
90.38	
90.38	
90.15	
90.15	
90.15	
90.15	
90.15	
88.15	
85.21	
85.21	
85.21	
85.15	
85.15	
85.15	
85.15	
85.06	
85.06	
85.06	
84.92	
84.92	
84.9	
83.4	
83.4	
83.4	
83.4	
83.4	
83.4	
83.4	

Run no: 24
94.07	
93.19	
93.19	
93.19	
92.18	
89.78	
88.36	
88.28	
88.28	
88.28	
88.19	
87.7	
87.7	
87.02	
87.02	
86.75	
86.0	
86.0	
86.0	
86.0	
84.86	
84.86	
84.04	
84.04	
84.04	
84.04	
84.04	
84.04	
84.04	
83.3	
83.3	

Run no: 25
88.16	
87.63	
87.63	
87.06	
87.06	
86.99	
86.99	
86.93	
86.93	
85.19	
85.19	
85.19	
85.19	
85.16	
85.16	
85.13	
85.13	
85.01	
83.34	
83.34	
83.34	
83.34	
83.34	
83.06	
82.84	
82.21	
82.21	
82.21	
82.21	
82.21	
82.21	

Run no: 26
94.04	
94.04	
94.04	
93.28	
93.28	
90.48	
90.48	
90.48	
90.48	
90.33	
90.33	
89.61	
89.61	
88.63	
87.86	
87.86	
87.86	
87.86	
87.86	
87.86	
87.86	
86.99	
86.99	
86.99	
86.99	
86.99	
86.99	
86.99	
86.99	
83.91	
83.91	

Run no: 27
89.92	
89.92	
89.92	
89.92	
89.92	
89.92	
87.57	
87.57	
86.4	
86.4	
86.4	
86.4	
86.22	
85.81	
84.23	
84.23	
84.23	
84.23	
84.23	
84.23	
84.23	
84.23	
84.23	
84.23	
83.46	
83.46	
83.46	
83.15	
83.15	
83.15	
83.15	

Run no: 28
96.92	
96.92	
93.77	
93.77	
93.04	
93.04	
92.02	
92.02	
92.02	
89.63	
89.63	
89.63	
89.63	
89.53	
89.53	
86.11	
84.49	
84.49	
84.49	
83.95	
82.59	
82.52	
82.02	
82.02	
82.02	
82.02	
81.94	
81.84	
81.84	
81.84	
81.39	

Run no: 29
91.46	
91.46	
86.57	
86.57	
86.08	
86.08	
86.08	
86.08	
86.08	
86.08	
84.88	
84.88	
84.88	
84.88	
83.85	
83.85	
83.85	
83.85	
83.85	
83.85	
83.85	
83.85	
82.78	
82.23	
82.23	
82.23	
82.23	
82.23	
82.23	
82.23	
82.23	

Run no: 30
94.96	
90.85	
90.85	
90.62	
88.41	
88.41	
82.0	
82.0	
81.42	
81.42	
81.42	
81.42	
79.87	
79.87	
79.87	
79.87	
79.87	
79.72	
79.72	
79.72	
79.63	
79.63	
79.63	
79.63	
79.63	
79.63	
79.63	
79.1	
79.1	
79.1	
79.1	
