
Run no: 1
52.25	
52.25	
52.25	
52.25	
52.25	
52.0	
49.8	
49.8	
49.8	
49.8	
49.8	
49.8	
49.7	
49.7	
49.7	
49.42	
49.42	
49.42	
49.42	
49.42	
49.42	
49.42	
49.42	
49.17	
49.17	
49.17	
49.02	
49.02	
49.02	
49.02	
49.02	

Run no: 2
53.87	
53.87	
53.44	
53.44	
53.44	
52.66	
52.66	
52.66	
52.66	
52.35	
52.35	
52.35	
52.16	
52.16	
52.16	
52.16	
52.16	
51.74	
51.74	
51.74	
51.74	
51.74	
51.74	
51.74	
51.71	
51.71	
51.71	
51.63	
50.81	
50.81	
50.81	

Run no: 3
54.84	
54.84	
54.84	
51.91	
51.91	
51.91	
51.91	
51.91	
51.91	
51.91	
51.91	
51.91	
51.85	
51.53	
51.37	
51.16	
51.16	
50.63	
50.63	
50.63	
50.63	
50.63	
50.63	
50.63	
50.63	
50.63	
50.63	
50.43	
50.43	
50.43	
50.12	

Run no: 4
53.97	
53.97	
52.43	
52.43	
52.43	
52.43	
50.84	
50.84	
50.84	
50.84	
50.84	
50.84	
50.84	
50.84	
50.84	
50.84	
50.84	
50.19	
50.19	
50.19	
50.19	
50.19	
50.19	
50.19	
50.19	
50.19	
49.57	
49.57	
49.57	
49.57	
49.57	

Run no: 5
50.34	
50.34	
50.34	
50.34	
50.34	
50.34	
50.26	
50.26	
50.05	
50.05	
50.05	
50.05	
50.05	
49.87	
49.87	
49.83	
49.83	
49.83	
49.75	
49.75	
49.58	
49.58	
49.37	
49.12	
48.97	
48.97	
48.87	
48.87	
48.42	
48.42	
48.42	

Run no: 6
54.05	
54.05	
54.05	
54.05	
54.05	
54.05	
54.05	
53.97	
53.92	
53.85	
53.68	
53.68	
53.68	
52.12	
52.12	
52.12	
51.69	
51.69	
51.69	
51.69	
51.51	
51.51	
51.51	
51.51	
51.51	
51.51	
51.51	
51.51	
50.84	
50.84	
50.84	

Run no: 7
53.19	
53.19	
53.19	
53.09	
51.65	
51.51	
51.02	
51.02	
51.02	
51.02	
51.02	
51.02	
50.49	
50.49	
50.49	
50.49	
50.49	
50.49	
50.38	
50.38	
50.38	
50.38	
50.38	
50.38	
50.38	
49.53	
49.53	
49.53	
49.53	
49.53	
49.53	

Run no: 8
51.94	
51.94	
51.94	
51.94	
51.94	
51.94	
51.94	
51.94	
51.94	
51.94	
51.94	
51.94	
51.94	
51.94	
51.94	
51.94	
51.94	
51.94	
51.24	
51.24	
51.24	
51.24	
51.24	
51.24	
51.0	
51.0	
50.85	
50.0	
50.0	
50.0	
50.0	

Run no: 9
53.16	
53.16	
52.96	
52.96	
52.96	
52.43	
52.43	
51.76	
51.76	
51.76	
51.76	
51.76	
51.69	
51.69	
51.69	
51.42	
51.42	
51.42	
51.42	
51.42	
51.42	
51.22	
51.22	
51.22	
51.21	
51.21	
51.01	
51.01	
51.01	
51.01	
50.96	

Run no: 10
52.48	
52.48	
52.48	
52.48	
51.95	
51.95	
51.95	
51.95	
51.95	
51.95	
51.95	
51.95	
51.95	
51.95	
51.95	
51.58	
51.58	
51.12	
51.12	
51.12	
51.12	
51.12	
51.12	
51.12	
51.12	
51.12	
51.12	
51.12	
50.89	
50.89	
50.64	

Run no: 11
53.76	
53.76	
53.76	
53.76	
53.5	
53.5	
53.5	
53.5	
53.24	
53.24	
53.24	
53.24	
52.54	
52.11	
52.11	
50.59	
50.59	
50.59	
50.59	
50.59	
50.59	
50.59	
50.59	
50.59	
50.59	
50.59	
50.59	
50.59	
50.59	
50.59	
50.59	

Run no: 12
52.3	
52.3	
52.3	
51.65	
51.16	
51.16	
51.16	
51.16	
51.13	
51.09	
51.09	
50.72	
50.72	
50.72	
50.72	
50.64	
50.64	
50.64	
50.64	
50.64	
50.39	
50.39	
50.38	
50.12	
50.12	
49.9	
49.9	
49.53	
49.53	
49.53	
49.53	

Run no: 13
54.62	
54.62	
54.54	
54.54	
54.34	
54.2	
52.28	
52.28	
52.22	
52.22	
52.22	
52.22	
51.62	
51.58	
50.93	
50.93	
50.93	
50.93	
50.33	
50.33	
50.33	
50.33	
50.33	
50.33	
50.33	
50.33	
50.33	
50.33	
50.33	
49.99	
49.99	

Run no: 14
54.33	
54.33	
54.33	
54.33	
54.33	
54.08	
53.73	
53.73	
53.59	
51.71	
51.67	
51.67	
51.67	
51.67	
51.48	
51.48	
51.0	
51.0	
50.96	
49.56	
49.56	
49.56	
49.39	
49.17	
49.17	
48.94	
48.94	
48.94	
48.94	
48.94	
48.94	

Run no: 15
52.54	
52.54	
52.54	
52.54	
51.56	
51.56	
51.56	
51.56	
51.56	
51.56	
50.75	
50.75	
50.75	
50.75	
50.75	
50.37	
50.37	
50.37	
50.37	
50.37	
50.37	
49.8	
49.8	
49.8	
49.71	
49.71	
49.71	
48.8	
48.8	
48.8	
48.8	

Run no: 16
53.66	
53.66	
53.66	
53.61	
53.61	
52.1	
52.1	
52.1	
52.1	
52.09	
52.09	
52.09	
52.09	
52.09	
52.09	
52.09	
52.09	
52.09	
51.9	
51.85	
51.85	
51.3	
51.3	
51.3	
51.3	
51.3	
51.3	
51.23	
51.09	
51.09	
51.09	

Run no: 17
50.89	
50.89	
50.89	
50.89	
50.54	
50.54	
50.54	
50.16	
50.16	
50.16	
50.12	
50.12	
50.12	
50.12	
50.05	
50.05	
50.05	
49.98	
49.98	
49.98	
49.98	
49.98	
49.71	
49.17	
49.17	
49.17	
49.17	
49.17	
49.17	
49.17	
49.16	

Run no: 18
53.97	
53.6	
53.09	
52.81	
52.5	
52.5	
52.05	
51.25	
51.25	
51.25	
51.25	
51.25	
51.07	
51.07	
51.07	
51.07	
50.55	
50.55	
50.55	
50.55	
50.55	
50.16	
50.16	
50.16	
49.92	
49.92	
49.92	
49.53	
49.53	
49.53	
49.53	

Run no: 19
52.56	
52.56	
52.56	
52.4	
52.4	
52.4	
52.18	
52.18	
52.18	
52.18	
52.18	
52.18	
52.04	
51.83	
51.83	
51.83	
51.83	
51.83	
51.83	
51.83	
51.83	
51.83	
51.83	
51.83	
51.83	
51.83	
51.83	
51.83	
51.83	
51.83	
51.33	

Run no: 20
53.32	
53.32	
53.07	
53.07	
53.07	
53.07	
53.07	
51.89	
51.79	
51.79	
51.79	
51.79	
51.79	
51.79	
51.46	
51.46	
51.45	
51.36	
50.62	
50.62	
50.62	
49.44	
49.44	
49.44	
49.44	
49.44	
49.44	
49.44	
49.44	
49.44	
49.44	

Run no: 21
53.8	
53.08	
53.08	
53.08	
53.08	
52.59	
52.5	
52.01	
51.68	
51.68	
51.55	
51.55	
51.55	
51.05	
51.05	
51.05	
51.05	
51.05	
50.57	
50.29	
50.29	
50.29	
50.29	
50.0	
50.0	
49.84	
49.84	
49.84	
49.84	
49.75	
49.75	

Run no: 22
52.52	
52.52	
52.21	
51.89	
51.89	
50.77	
50.77	
50.77	
50.77	
50.77	
50.73	
50.73	
50.49	
50.12	
49.96	
49.96	
49.96	
49.96	
49.96	
48.9	
48.9	
48.9	
48.9	
48.75	
48.75	
48.75	
48.74	
48.74	
48.74	
48.74	
48.61	

Run no: 23
50.76	
50.76	
50.39	
50.39	
50.39	
50.39	
50.39	
50.14	
50.14	
50.14	
50.14	
50.03	
50.03	
50.03	
48.78	
48.78	
48.78	
48.78	
48.78	
48.78	
48.3	
48.3	
48.3	
48.22	
48.22	
48.22	
48.22	
48.15	
48.15	
48.15	
48.15	

Run no: 24
53.11	
51.85	
51.85	
51.85	
51.59	
51.59	
51.59	
51.59	
50.99	
50.99	
50.99	
50.99	
50.89	
50.89	
50.89	
50.89	
50.14	
49.11	
49.11	
49.11	
49.11	
49.11	
49.02	
49.02	
49.02	
49.02	
49.02	
49.02	
49.01	
49.01	
48.73	

Run no: 25
54.2	
54.2	
53.65	
53.65	
52.79	
52.58	
52.51	
52.51	
52.44	
52.44	
52.44	
52.44	
52.09	
51.51	
51.36	
51.36	
51.36	
51.36	
51.33	
51.33	
51.33	
51.33	
51.33	
51.14	
51.14	
51.14	
51.14	
51.14	
51.14	
51.14	
51.14	

Run no: 26
55.03	
52.5	
52.5	
52.2	
51.73	
51.73	
51.73	
51.73	
51.49	
51.49	
51.49	
51.01	
51.01	
50.98	
50.83	
50.17	
50.17	
50.17	
50.17	
50.17	
50.17	
50.17	
50.17	
50.17	
50.17	
50.17	
50.17	
50.17	
50.02	
49.98	
49.94	

Run no: 27
52.52	
52.52	
51.41	
51.25	
51.25	
51.25	
50.57	
50.57	
50.57	
50.57	
50.23	
50.23	
50.23	
50.23	
50.23	
49.63	
49.63	
49.63	
49.63	
49.63	
48.96	
48.89	
48.89	
47.64	
47.64	
47.64	
47.64	
47.64	
47.64	
47.64	
47.64	

Run no: 28
52.22	
52.06	
52.06	
52.06	
51.86	
51.86	
51.86	
51.68	
51.68	
51.68	
51.68	
51.68	
51.68	
51.68	
51.68	
51.64	
51.64	
51.64	
51.46	
51.06	
51.04	
51.04	
51.04	
50.81	
50.71	
50.71	
49.16	
49.16	
49.16	
49.16	
49.16	

Run no: 29
54.33	
54.15	
54.1	
54.1	
51.26	
51.26	
51.26	
51.26	
51.21	
51.21	
51.21	
51.21	
51.21	
51.11	
51.11	
51.04	
51.04	
50.99	
50.99	
50.99	
50.99	
50.99	
50.75	
50.28	
50.28	
50.28	
50.28	
50.28	
50.28	
50.01	
50.01	

Run no: 30
52.19	
52.19	
52.19	
51.85	
51.85	
51.67	
51.67	
51.67	
51.54	
51.54	
51.54	
51.54	
51.54	
51.54	
51.54	
51.54	
51.54	
51.54	
51.54	
51.51	
51.51	
51.26	
51.26	
51.26	
51.26	
51.26	
51.26	
51.26	
51.26	
51.26	
51.13	
