
Run no: 1
334		574		1081		
110		481		826		
110		517		4073		
110		708		5289		
110		996		5289		
110		925		4092		
110		1007		4092		
110		1262		4073		
110		1433		4030		
110		1323		3988		
110		1481		3988		
110		1718		3988		
110		1897		3988		
110		1640		4050		
99		1711		3988		
99		1691		3978		
99		1766		3924		
99		1608		3858		
99		1764		3858		
99		1748		3858		
99		1631		3858		
99		1613		3847		
99		1562		3847		
99		1146		3847		
99		1216		3847		
99		1213		3786		
99		1048		3786		
99		1056		3786		
97		1146		3786		
97		1118		3768		
97		805		3760		

Run no: 2
297		603		1137		
115		566		976		
115		622		4432		
111		684		4443		
95		655		4443		
95		770		4443		
95		885		4443		
95		1066		4535		
95		1148		4535		
95		1261		4535		
95		1390		4535		
95		1224		4535		
95		1205		4535		
95		1416		4535		
95		1887		4536		
95		2476		4536		
95		2190		4536		
95		2292		4536		
92		2001		4492		
92		1845		4492		
92		1950		4492		
89		1724		4457		
89		2139		4459		
89		1742		4840		
89		1926		4840		
89		1789		4840		
89		1777		4840		
89		1396		4840		
89		1322		4840		
89		1295		4835		
89		1161		4361		

Run no: 3
284		573		1159		
284		523		4097		
284		555		4097		
284		700		4159		
283		976		4600		
106		1600		4600		
106		2122		4600		
98		2099		4600		
98		2301		4600		
98		2460		5487		
98		2389		5487		
98		2172		5487		
98		1858		5487		
98		2269		5425		
98		2169		5161		
98		2123		5089		
98		2076		4594		
98		1843		4727		
98		1974		4727		
98		2141		4599		
98		1560		4599		
98		1723		4599		
98		1364		3642		
98		1108		3383		
94		1102		3383		
94		1191		3383		
94		956		3383		
94		799		3383		
94		883		3383		
94		1041		3383		
94		814		3374		

Run no: 4
296		569		1027		
296		582		4630		
97		515		4630		
97		567		4630		
97		527		4630		
97		583		4630		
97		641		4593		
97		484		3695		
97		475		3695		
97		447		3695		
97		537		4759		
97		576		3698		
97		832		3698		
97		968		3698		
97		643		4266		
97		592		5033		
97		547		4267		
97		416		4169		
97		425		3846		
97		674		3846		
97		911		3546		
97		984		3546		
97		829		3537		
97		740		3537		
97		869		3338		
97		1021		3338		
97		1025		3338		
95		866		3338		
95		701		3327		
95		887		4274		
95		1035		4274		

Run no: 5
302		553		895		
302		567		4253		
104		601		4261		
104		872		4261		
104		881		4261		
102		969		4261		
99		812		4253		
99		986		4554		
99		975		4554		
99		1018		4554		
99		1101		4554		
99		866		4554		
99		560		4445		
92		146		294		
92		146		233		
92		142		234		
92		142		234		
92		135		258		
92		132		258		
92		141		258		
92		140		237		
92		141		235		
92		142		235		
92		140		234		
92		140		239		
92		144		267		
92		144		267		
92		128		267		
92		116		267		
92		114		197		
92		117		233		

Run no: 6
301		565		1009		
301		558		3879		
108		530		3879		
108		495		3749		
100		328		435		
100		420		4524		
100		487		4524		
90		578		4541		
90		657		4541		
90		325		4259		
90		421		4259		
90		415		4259		
90		513		4294		
90		805		4294		
90		991		4259		
90		1292		4143		
90		1490		4137		
90		1086		4137		
90		1163		4122		
90		1155		4014		
90		974		4014		
90		1053		4014		
90		1127		3909		
90		1034		3827		
90		804		3756		
90		925		3756		
90		1038		4505		
90		1197		4505		
90		1196		4505		
90		1130		4490		
90		1126		4490		

Run no: 7
291		589		1225		
105		468		1125		
105		468		1125		
105		518		3662		
105		687		3750		
105		822		3778		
100		1130		3778		
100		931		3662		
100		661		3650		
100		819		3700		
100		727		3700		
100		346		3643		
100		142		368		
98		126		269		
98		204		3390		
98		205		3390		
98		205		3390		
98		206		3390		
98		209		3390		
98		211		3390		
98		212		3390		
98		209		3390		
98		210		3390		
98		290		3390		
98		288		3390		
98		287		3390		
98		286		3390		
98		283		3390		
98		282		3390		
98		201		3265		
98		211		3570		

Run no: 8
343		559		1059		
343		590		4122		
98		454		895		
98		442		895		
98		509		4294		
98		447		3652		
98		441		3652		
98		596		4535		
98		813		4535		
98		1151		4535		
98		965		4535		
98		710		3362		
98		857		3362		
98		917		3362		
98		1149		3367		
97		1356		3368		
97		1114		3379		
97		1085		3379		
91		1140		3379		
91		1043		3379		
86		279		3073		
86		348		3087		
86		343		3087		
86		272		3087		
86		269		3087		
86		193		3087		
86		197		3087		
86		197		3181		
86		195		3181		
86		278		3217		
86		358		3218		

Run no: 9
300		598		1009		
300		612		4033		
117		589		4033		
113		649		4053		
98		850		4065		
98		815		4065		
98		684		4065		
98		402		4177		
98		567		4177		
98		655		4177		
98		682		4177		
98		862		4177		
98		1198		4177		
98		1226		4173		
98		1110		4035		
98		1379		4596		
98		1770		4596		
98		2093		4596		
98		2019		4596		
98		2152		4418		
89		1971		4418		
89		2267		4418		
89		1982		4418		
89		1362		4418		
89		1131		4403		
87		1344		3794		
87		1425		3794		
87		1650		3742		
87		1549		3742		
87		1465		3725		
87		1538		3630		

Run no: 10
284		527		1066		
284		535		4141		
108		656		4141		
108		837		4904		
108		1142		4904		
97		1371		4904		
97		1153		4902		
97		1019		4715		
92		796		4711		
92		839		4694		
92		904		4651		
92		1001		4651		
92		554		3305		
92		686		4621		
92		630		3305		
91		650		3293		
89		730		3293		
89		961		3293		
89		1112		3293		
89		1465		3293		
89		1296		3293		
89		1087		3293		
89		1093		3293		
89		1229		3295		
89		1172		3295		
89		1273		3295		
89		1134		3293		
89		1125		3167		
89		974		3167		
89		1158		3166		
89		902		3166		

Run no: 11
311		604		965		
311		576		3977		
101		581		3977		
101		813		3977		
101		1147		3977		
98		1122		3970		
98		831		3821		
98		1214		3822		
98		1323		3822		
98		1529		3822		
98		1166		4026		
98		1496		4026		
98		1738		4026		
98		1880		4026		
98		1839		4026		
98		1645		3528		
98		1665		4019		
98		1823		4060		
98		1676		4060		
98		1690		4060		
98		1684		4056		
91		1851		4019		
91		1686		3995		
91		1627		3917		
91		1713		3917		
91		1520		3917		
91		1427		3917		
91		1685		3917		
91		1399		3917		
91		1516		5351		
91		1681		5351		

Run no: 12
331		591		1235		
93		538		1254		
93		470		1026		
93		394		960		
93		412		3196		
93		543		3681		
93		429		3196		
93		390		3196		
93		427		3196		
93		415		3196		
93		285		3196		
93		221		472		
93		240		472		
93		230		486		
93		241		486		
93		242		533		
93		247		533		
93		256		533		
93		378		4576		
93		477		4576		
93		701		4670		
93		580		4670		
93		578		4670		
93		814		4672		
93		592		4394		
93		787		4394		
93		793		4378		
93		1068		4379		
93		955		4379		
93		732		4318		
93		847		4433		

Run no: 13
300		546		1077		
300		542		4151		
99		500		4151		
92		429		4151		
92		329		429		
92		399		3540		
92		377		3540		
92		373		3540		
92		367		3540		
92		463		3540		
92		532		3540		
92		535		3533		
92		682		3533		
92		681		3531		
89		676		3507		
89		921		3852		
89		899		3852		
89		916		3852		
89		862		3852		
89		880		3852		
89		1126		3852		
89		1025		3845		
89		979		3841		
89		646		3774		
89		699		3774		
89		771		3774		
89		759		3774		
89		737		3774		
89		503		3774		
89		510		3774		
89		571		3743		

Run no: 14
296		530		1199		
105		463		970		
105		371		753		
105		450		4767		
105		772		4767		
105		974		4767		
105		1253		4767		
105		1548		4761		
105		1600		4532		
105		1474		4511		
105		1686		4511		
105		1187		4511		
105		971		4498		
105		1170		4497		
105		1159		4497		
93		818		4185		
93		856		4185		
93		1198		4185		
93		1377		4185		
93		1346		4185		
93		1317		4145		
93		1406		3818		
93		1839		3880		
93		1992		3880		
93		1752		3881		
93		1634		3880		
93		2161		3880		
93		1797		3880		
88		2009		3840		
88		1606		3840		
88		1243		3840		

Run no: 15
299		576		1119		
299		604		4610		
93		547		4610		
93		605		4610		
93		565		4610		
93		546		4610		
93		364		4036		
93		435		4036		
93		476		4036		
91		621		4036		
91		875		4039		
91		1306		4039		
91		1451		4039		
91		1590		4039		
91		1607		4039		
91		1834		4017		
91		2039		4017		
91		1875		3980		
91		1872		3980		
91		1974		3980		
91		1760		3980		
91		1638		3980		
91		1823		3980		
91		1705		3921		
91		1604		3921		
91		1364		3824		
91		1419		3880		
91		1427		3880		
91		1481		4789		
91		1734		4789		
91		1711		4798		

Run no: 16
325		589		1218		
325		564		3822		
110		473		975		
98		433		975		
98		506		4285		
98		540		4285		
97		538		4285		
97		733		4793		
97		821		4793		
90		795		4793		
90		764		4793		
90		802		4793		
90		366		4005		
90		141		410		
90		139		265		
90		128		205		
90		212		3423		
90		374		3423		
90		498		4961		
90		938		5012		
90		941		3438		
90		983		5433		
90		1115		5433		
90		849		3292		
90		780		3291		
90		941		3291		
90		915		3250		
90		982		3250		
90		1045		3250		
90		1041		3250		
90		885		3207		

Run no: 17
335		532		835		
88		449		825		
88		550		4618		
88		524		4618		
87		473		4618		
87		486		4618		
87		347		682		
87		354		682		
87		438		3456		
87		494		3456		
82		493		3456		
82		633		3757		
82		719		3519		
82		877		3459		
82		794		3367		
82		777		3367		
82		706		3367		
82		906		3367		
82		983		3367		
82		1215		3334		
82		972		3173		
82		1042		3173		
82		1332		3173		
82		1034		3174		
82		1112		3173		
82		1234		3173		
82		1263		3173		
82		1210		3164		
82		1120		2980		
82		1050		2847		
82		1159		2847		

Run no: 18
316		547		944		
316		589		4807		
316		593		4807		
316		530		3677		
316		633		4755		
316		634		4755		
87		433		3677		
87		419		3677		
87		674		3991		
87		1021		4183		
87		1102		4183		
87		1101		3813		
87		1364		3813		
87		1227		4641		
87		1467		4641		
87		1636		4641		
87		1807		4641		
87		2274		4641		
87		2459		4641		
87		2833		4641		
87		3373		5509		
87		3166		5509		
87		3042		5509		
87		2711		5509		
87		2787		5517		
87		2779		5509		
87		2534		5487		
87		2187		4958		
87		2510		4958		
87		2708		4958		
87		2539		4958		

Run no: 19
332		593		1211		
332		614		3746		
116		568		3746		
116		521		3746		
116		686		3754		
112		1056		3765		
99		1105		3765		
99		1305		4362		
99		1129		4664		
99		1178		4664		
99		1354		4679		
99		1753		4679		
93		1602		4681		
93		1572		4681		
93		1926		4681		
93		1920		4681		
93		1578		4774		
87		1533		4731		
87		1671		4733		
87		1972		4795		
87		2074		4795		
87		1915		4795		
87		1671		4731		
87		1982		4731		
87		1741		4666		
87		1823		4666		
87		1945		4629		
87		1886		4629		
87		1532		4629		
87		1276		4679		
87		1196		4679		

Run no: 20
323		573		1110		
107		444		1039		
107		387		750		
107		475		4419		
107		539		4419		
107		710		4419		
92		385		4017		
92		427		4017		
92		408		4017		
92		385		4017		
92		455		4017		
92		456		3985		
92		351		3649		
92		338		3649		
88		152		342		
88		139		342		
88		139		347		
88		135		328		
88		127		328		
88		142		494		
88		141		339		
88		228		3236		
88		303		3236		
88		394		3236		
88		482		3236		
88		570		3236		
88		698		3236		
88		763		3218		
88		822		3218		
88		972		3218		
88		1041		3218		

Run no: 21
322		495		880		
322		526		4362		
322		698		4381		
112		666		4362		
107		751		4362		
107		776		5178		
107		681		5178		
98		667		5178		
93		745		5178		
93		915		5178		
93		1183		4181		
93		1161		4147		
93		1314		4146		
93		1408		4375		
92		1485		4499		
92		1298		4401		
92		1610		4374		
92		1617		4286		
92		1465		4286		
92		1385		4286		
92		1701		4286		
92		1563		4286		
92		1582		4286		
92		1825		4286		
92		1606		4286		
92		1959		4546		
92		2123		4286		
92		2146		4286		
92		2010		4261		
92		2033		4261		
92		1918		4261		

Run no: 22
316		542		962		
100		503		936		
100		485		4233		
100		653		4247		
100		731		4247		
100		724		4247		
95		993		4254		
95		1246		4254		
95		1041		4148		
95		1053		5476		
95		1229		5476		
95		1039		5476		
95		1353		5479		
95		1670		5480		
95		2062		5480		
95		1925		5425		
95		1863		5357		
95		1869		5357		
95		2095		5353		
95		2361		5353		
95		2531		5097		
93		2530		5097		
93		2477		5097		
93		1970		5097		
93		1916		5097		
93		1849		5097		
93		1612		5150		
93		1481		5150		
93		1196		4714		
92		785		3455		
92		1023		3413		

Run no: 23
327		568		1102		
327		556		3911		
327		522		4198		
114		477		4198		
114		655		4347		
114		1015		4380		
108		1202		4380		
102		1650		4380		
102		1542		4380		
102		1029		4256		
102		1400		4053		
102		1188		4062		
102		1334		4062		
95		1309		4062		
95		1304		4062		
95		1478		4062		
95		1236		4062		
95		1118		4062		
95		1217		5483		
95		938		5483		
95		1147		5483		
95		1386		5483		
95		1830		5483		
95		1727		4202		
95		1611		4202		
95		1672		4228		
95		1407		4228		
89		1183		4228		
89		1286		4228		
89		1390		4233		
84		1166		4233		

Run no: 24
334		562		1047		
334		621		4654		
334		675		4654		
92		622		4654		
92		1021		4658		
92		895		4658		
92		1085		4658		
92		1190		4622		
92		937		4332		
92		1307		4332		
92		1648		4332		
92		1893		4332		
92		2277		4334		
92		2541		4334		
92		2384		4375		
92		2018		4329		
92		2066		4329		
92		1503		4329		
92		1677		4329		
92		1645		4320		
88		1521		4320		
88		1675		4320		
88		1784		4247		
88		1818		4247		
88		2273		4249		
88		2216		4249		
88		2098		4249		
88		2125		4858		
88		2124		4249		
88		2186		4249		
88		2168		4251		

Run no: 25
317		537		916		
96		441		916		
96		377		761		
96		351		636		
96		453		4574		
96		422		4574		
96		454		4574		
96		289		3630		
96		333		3630		
96		507		4310		
96		675		4310		
96		762		4310		
96		859		4310		
96		917		3642		
95		1007		3630		
95		1026		4051		
95		1040		4051		
95		1153		4256		
95		1175		4272		
95		1150		4280		
95		1245		4280		
95		1515		4069		
95		1612		4069		
95		1696		4069		
95		1626		4069		
95		1568		4069		
95		1157		3927		
95		1218		3927		
95		1205		3927		
95		1440		3760		
95		1436		3760		

Run no: 26
293		489		823		
293		476		3140		
293		523		3600		
293		592		3601		
105		566		3601		
105		792		3601		
105		744		4040		
105		733		3601		
105		785		3587		
105		735		5852		
105		1166		5852		
94		1238		5852		
94		1241		5866		
94		1584		5866		
94		1831		5866		
94		1900		5855		
94		1853		5855		
94		1844		5591		
93		1652		5591		
93		1996		5591		
84		1991		5591		
84		2084		5591		
84		2211		5576		
84		1958		5576		
84		2008		5576		
84		1972		5861		
84		2039		5861		
84		1876		5861		
84		1650		5861		
84		1750		5813		
84		1937		5093		

Run no: 27
322		628		1241		
322		635		4685		
322		682		4685		
108		657		4685		
108		819		5270		
103		1048		5270		
103		1687		5270		
102		1525		4810		
102		1658		4810		
102		1840		4810		
102		2124		4826		
102		2502		4810		
102		2572		4810		
102		2696		4559		
102		2764		4559		
102		2774		4576		
102		2562		5591		
102		2887		5591		
86		2762		5583		
86		2896		5583		
86		2921		5583		
86		2745		5583		
86		2348		5583		
86		2369		5559		
86		2524		5559		
86		2643		5559		
86		2663		5546		
86		2181		5546		
86		2277		5544		
86		2104		5544		
86		2160		5544		

Run no: 28
334		635		1103		
334		676		4006		
334		786		4006		
334		891		4007		
94		828		4007		
94		1011		4053		
94		1176		4007		
94		1334		4007		
94		1377		4008		
94		1098		4667		
87		1159		4667		
87		1162		4667		
87		1558		4667		
87		1908		5657		
87		1901		5657		
87		1702		5657		
87		1232		5657		
87		1369		5657		
87		1546		5657		
87		1697		5662		
87		1817		5662		
87		1606		5662		
87		2343		5698		
87		2577		5698		
87		2524		5698		
87		2400		5694		
87		2440		5662		
87		2375		5501		
87		2995		5501		
87		2979		5501		
87		2697		5444		

Run no: 29
319		574		1254		
107		473		785		
107		511		3429		
107		519		3429		
106		446		3429		
106		494		3429		
106		550		3429		
105		369		3067		
105		469		4776		
105		582		4776		
105		782		4776		
105		884		4776		
105		835		4776		
105		774		3123		
101		928		3123		
101		1247		4200		
95		1236		4200		
95		1421		4200		
95		1652		4200		
95		1614		4200		
95		1587		4200		
95		1448		4199		
94		1446		4199		
94		1299		4132		
94		1271		4132		
94		1312		4132		
94		807		4107		
94		413		4100		
94		314		4100		
94		312		4100		
94		311		4100		

Run no: 30
321		548		987		
108		482		924		
80		461		960		
80		406		784		
80		468		3596		
80		551		3596		
80		658		4339		
80		1064		4339		
80		1272		4378		
80		1307		4148		
80		1241		3447		
80		1397		3447		
80		1229		3441		
80		1371		3285		
80		1281		3282		
80		1345		3282		
80		1036		3255		
80		1244		3212		
80		1320		3212		
80		1327		3212		
80		1595		3159		
80		1501		3166		
80		1274		3166		
80		1061		3216		
80		1132		3216		
80		1165		4640		
80		1212		4640		
80		1456		4640		
80		1456		4538		
80		1605		4538		
80		1366		4535		
