
Run no: 1
61.03	
60.86	
55.23	
55.23	
55.12	
55.12	
55.06	
54.83	
54.83	
54.83	
54.83	
54.83	
54.28	
54.28	
54.28	
54.13	
54.13	
54.13	
54.13	
54.13	
54.05	
54.05	
53.82	
53.82	
53.82	
53.82	
53.82	
53.82	
53.82	
51.42	
51.42	

Run no: 2
69.32	
69.32	
66.42	
66.42	
66.42	
63.53	
63.21	
60.5	
60.5	
60.5	
60.5	
60.49	
60.49	
60.07	
60.07	
59.82	
59.8	
59.8	
59.8	
59.43	
59.43	
59.43	
59.36	
56.99	
56.97	
56.19	
56.19	
56.19	
56.19	
54.9	
54.9	

Run no: 3
67.84	
66.83	
63.62	
63.62	
61.55	
61.48	
61.48	
61.48	
60.81	
57.96	
55.23	
55.23	
55.23	
55.17	
55.17	
54.67	
54.67	
54.67	
54.67	
54.53	
54.53	
54.07	
54.07	
54.07	
54.07	
54.07	
54.07	
54.07	
53.62	
53.62	
53.62	

Run no: 4
65.97	
65.97	
65.97	
65.97	
65.6	
65.6	
65.6	
63.88	
63.88	
63.88	
63.82	
63.82	
62.54	
59.67	
59.67	
57.03	
55.43	
51.5	
51.5	
50.31	
50.31	
50.31	
50.31	
50.31	
50.31	
50.02	
50.02	
50.02	
50.02	
48.55	
48.55	

Run no: 5
66.28	
64.73	
64.73	
64.73	
61.78	
59.06	
59.06	
59.06	
59.06	
59.06	
59.06	
59.06	
59.06	
58.99	
58.99	
57.66	
57.66	
57.66	
57.66	
57.6	
57.6	
57.6	
54.4	
54.4	
54.2	
54.2	
54.1	
54.1	
53.98	
53.98	
51.8	

Run no: 6
58.35	
58.35	
58.35	
58.35	
58.35	
58.2	
58.2	
58.2	
55.88	
55.88	
55.33	
55.33	
55.33	
55.3	
55.3	
55.2	
55.2	
55.13	
54.75	
54.75	
54.75	
54.75	
54.75	
54.75	
54.75	
54.75	
53.35	
53.35	
53.35	
53.35	
53.35	

Run no: 7
67.07	
67.07	
67.07	
65.65	
65.65	
59.14	
58.78	
58.78	
58.78	
58.78	
58.78	
58.78	
57.77	
57.77	
56.24	
56.24	
56.24	
56.24	
56.24	
56.24	
56.24	
54.77	
54.77	
54.77	
54.77	
54.77	
54.77	
54.77	
53.0	
53.0	
53.0	

Run no: 8
65.14	
65.14	
65.14	
64.74	
64.74	
63.08	
63.08	
60.33	
59.26	
59.26	
59.26	
59.26	
59.26	
59.26	
59.26	
57.58	
57.58	
57.58	
57.58	
57.58	
57.58	
57.03	
57.03	
57.0	
57.0	
57.0	
57.0	
56.04	
56.04	
55.12	
55.12	

Run no: 9
68.17	
68.17	
68.17	
68.17	
66.23	
66.23	
66.23	
59.9	
59.59	
59.59	
59.59	
59.59	
59.59	
59.37	
59.21	
56.04	
55.89	
55.89	
55.81	
55.81	
55.81	
55.81	
55.77	
55.77	
55.77	
55.73	
55.73	
55.73	
55.48	
54.7	
54.7	

Run no: 10
64.62	
64.24	
64.24	
63.3	
58.16	
58.16	
58.16	
52.75	
52.75	
52.75	
52.75	
52.75	
52.75	
52.75	
52.75	
52.75	
52.75	
52.75	
52.75	
52.75	
52.75	
52.75	
52.75	
52.75	
52.75	
52.74	
52.74	
52.74	
52.74	
52.74	
52.74	

Run no: 11
68.07	
68.07	
66.85	
59.51	
59.51	
58.68	
58.62	
58.04	
57.93	
57.93	
57.77	
56.84	
56.84	
56.84	
56.83	
56.7	
51.79	
51.79	
51.79	
51.79	
51.79	
51.27	
51.27	
51.27	
51.27	
51.27	
51.27	
51.27	
51.27	
48.72	
48.72	

Run no: 12
65.83	
65.83	
65.57	
65.52	
64.19	
64.19	
64.19	
63.11	
63.11	
62.49	
62.49	
62.49	
62.49	
61.38	
61.38	
61.12	
61.12	
61.12	
57.29	
57.29	
56.04	
56.04	
56.04	
56.04	
56.04	
56.04	
55.52	
55.52	
55.47	
55.47	
55.47	

Run no: 13
65.39	
65.39	
63.56	
60.9	
60.9	
60.28	
60.28	
60.28	
60.28	
60.28	
60.28	
60.16	
60.04	
60.04	
59.51	
59.18	
58.93	
58.93	
58.93	
58.93	
57.71	
57.71	
57.71	
57.71	
57.71	
57.22	
56.83	
56.83	
56.83	
56.64	
56.48	

Run no: 14
66.82	
66.82	
66.82	
63.66	
62.26	
62.26	
62.26	
54.18	
54.18	
54.18	
54.18	
54.18	
54.18	
54.18	
54.18	
54.18	
54.18	
54.18	
54.15	
54.15	
54.11	
53.26	
53.26	
53.26	
53.26	
53.26	
53.18	
52.67	
52.07	
52.07	
52.07	

Run no: 15
68.34	
68.34	
67.51	
67.51	
66.15	
66.15	
56.23	
56.23	
56.23	
56.23	
56.23	
56.16	
56.16	
56.0	
56.0	
55.65	
55.65	
55.63	
55.63	
55.52	
55.52	
55.52	
55.51	
55.51	
55.51	
55.17	
55.17	
55.17	
53.27	
53.27	
53.27	

Run no: 16
65.98	
65.98	
65.98	
65.98	
64.77	
60.14	
60.14	
59.1	
59.1	
59.1	
59.1	
59.1	
59.03	
59.03	
59.03	
59.03	
54.79	
54.65	
54.65	
54.65	
53.25	
53.01	
53.01	
53.01	
53.01	
53.01	
53.01	
52.82	
52.82	
52.66	
52.66	

Run no: 17
63.35	
63.35	
63.35	
63.35	
63.35	
62.0	
62.0	
58.86	
49.71	
48.66	
48.66	
48.66	
48.66	
48.66	
48.66	
48.48	
48.48	
48.48	
48.35	
48.35	
48.35	
48.35	
48.31	
48.31	
48.31	
48.31	
48.31	
48.07	
48.02	
48.02	
47.84	

Run no: 18
65.67	
65.62	
60.89	
60.89	
60.89	
60.89	
60.89	
60.55	
60.01	
59.86	
59.86	
59.86	
59.86	
57.23	
57.23	
57.23	
57.23	
57.23	
54.85	
54.85	
54.12	
54.12	
54.12	
54.12	
53.13	
52.99	
52.99	
52.9	
52.9	
52.0	
52.0	

Run no: 19
64.73	
64.51	
64.51	
64.51	
62.29	
62.25	
62.25	
62.25	
55.91	
55.91	
55.86	
55.86	
55.8	
55.8	
55.8	
55.8	
55.8	
55.46	
55.46	
55.46	
55.46	
55.21	
55.21	
55.21	
55.21	
55.21	
55.21	
55.21	
55.21	
55.14	
55.14	

Run no: 20
69.14	
69.02	
67.46	
67.46	
67.46	
66.25	
66.25	
66.25	
58.92	
58.92	
56.23	
56.21	
56.04	
54.89	
54.24	
54.24	
54.24	
54.24	
54.24	
54.24	
54.24	
52.17	
52.17	
52.17	
51.86	
51.86	
51.86	
51.86	
51.86	
51.86	
50.82	

Run no: 21
65.27	
65.27	
59.28	
59.28	
59.28	
59.28	
59.28	
59.28	
59.28	
59.28	
59.28	
58.89	
58.89	
57.39	
57.39	
57.39	
53.44	
53.44	
53.44	
53.44	
53.44	
53.44	
53.44	
53.44	
53.44	
53.44	
53.44	
53.19	
53.19	
53.19	
53.19	

Run no: 22
65.52	
65.52	
62.59	
62.49	
62.49	
62.49	
62.49	
62.23	
62.23	
60.61	
60.61	
60.61	
60.57	
60.57	
55.2	
55.2	
54.63	
54.63	
54.63	
54.11	
54.08	
54.08	
54.08	
54.08	
54.08	
51.88	
51.2	
51.2	
51.14	
51.14	
51.14	

Run no: 23
65.48	
65.48	
64.87	
64.87	
64.69	
61.64	
61.64	
61.64	
61.64	
61.64	
61.6	
57.15	
57.15	
57.15	
57.15	
57.15	
57.15	
57.14	
55.23	
55.23	
54.46	
54.42	
54.17	
54.17	
54.17	
54.17	
54.17	
54.17	
54.17	
53.95	
52.84	

Run no: 24
66.83	
65.34	
64.54	
64.18	
59.67	
59.67	
59.67	
59.67	
54.06	
54.06	
53.78	
53.76	
53.76	
53.4	
53.4	
53.4	
53.4	
53.4	
53.4	
52.92	
52.92	
52.92	
52.92	
52.92	
52.78	
52.78	
52.78	
52.78	
52.78	
52.78	
52.78	

Run no: 25
66.68	
63.64	
63.64	
63.64	
63.64	
58.2	
58.2	
57.03	
56.99	
56.99	
56.99	
56.99	
56.99	
56.99	
56.99	
52.79	
50.77	
50.77	
50.77	
50.77	
50.77	
50.77	
50.77	
50.77	
50.77	
50.77	
50.77	
50.68	
50.64	
50.31	
50.31	

Run no: 26
64.55	
64.55	
64.55	
62.63	
62.63	
62.63	
62.63	
62.63	
62.28	
55.86	
55.72	
55.72	
55.72	
55.67	
55.64	
55.64	
55.64	
55.64	
55.64	
55.64	
55.64	
55.64	
55.64	
51.87	
51.87	
51.87	
51.87	
51.87	
51.87	
51.87	
51.87	

Run no: 27
67.2	
62.2	
62.2	
62.2	
62.2	
62.2	
60.12	
60.12	
60.12	
60.12	
60.01	
60.01	
60.01	
60.01	
60.01	
60.01	
57.36	
57.04	
57.04	
56.95	
56.95	
56.95	
56.95	
56.63	
56.63	
56.63	
56.63	
56.63	
56.63	
56.63	
56.63	

Run no: 28
69.78	
65.92	
65.92	
65.92	
65.71	
59.93	
59.86	
58.59	
58.59	
58.59	
58.59	
58.59	
58.59	
53.39	
53.39	
53.39	
53.39	
53.39	
53.39	
52.74	
52.7	
52.7	
52.61	
52.61	
52.61	
52.43	
51.55	
51.55	
51.55	
51.53	
51.53	

Run no: 29
62.81	
62.81	
62.81	
62.81	
62.81	
60.27	
60.27	
60.27	
60.27	
59.54	
59.54	
59.54	
59.54	
59.54	
59.54	
58.02	
57.65	
57.65	
57.65	
57.65	
56.39	
56.39	
56.39	
55.4	
55.4	
55.4	
55.25	
54.86	
54.86	
54.86	
54.86	

Run no: 30
68.63	
68.63	
67.18	
65.63	
65.63	
56.71	
56.45	
56.37	
56.37	
56.37	
56.25	
56.25	
55.51	
55.51	
55.51	
55.29	
55.29	
55.06	
55.06	
54.81	
54.81	
54.69	
54.69	
54.69	
54.69	
53.59	
53.59	
53.59	
52.77	
52.65	
52.65	
