
Run no: 0
0	1	1000.0		106	80.94
1	1	1000.0		71	101.73
2	1	0.2857143		106	80.94
3	1	0.0		71	101.73
4	1	0.0		78	84.94
5	1	0.8804233		77	99.68
6	1	1000.0		106	80.94
7	1	0.2857143		96	81.06
8	1	0.0		77	99.68
9	1	0.0		71	101.73
10	1	0.08763829		93	81.1
11	1	0.0		89	81.41
12	1	0.0986051		77	99.68
13	1	0.0		71	101.73
14	1	0.12919673		93	81.1
15	1	0.0057720058		96	81.06
16	1	0.0		79	83.44
17	1	0.072150074		85	82.94
18	1	0.0014430014		82	83.41
19	1	0.0		82	83.41
20	1	0.0		86	81.44
21	1	0.10062531		89	81.41
22	1	0.0		85	82.94
23	1	0.028571429		78	84.94
24	1	0.0		86	81.44
25	1	0.0014430014		79	83.44
26	1	0.028571429		79	83.44
27	1	0.0		85	82.94
28	1	0.028571429		86	81.44
29	1	0.0		78	84.94
30	1	0.0		77	99.68
31	1	0.0		82	83.41
32	1	0.028571429		85	82.94
33	1	0.0		89	81.41
34	1	0.0		96	81.06
35	1	0.0		86	81.44
36	1	0.0		79	83.44
37	1	0.0		82	83.41
38	1	0.0		89	81.41
39	1	0.0		71	101.73
40	1	0.0		77	99.68
41	1	0.0		78	84.94
42	1	0.0057720058		106	80.94
43	1	0.08571429		96	81.06
44	1	1000.0		71	101.73
45	1	0.0		89	81.41
46	1	0.0		89	81.41
47	1	0.0		77	99.68
48	1	0.0		96	81.06
49	1	0.08571429		82	83.41
50	1	0.0		82	83.41
51	1	0.072150074		86	81.44
52	1	0.08715729		86	81.44
53	1	0.0		85	82.94
54	1	0.7375661		78	84.94
55	1	0.0		86	81.44
56	1	0.0		78	84.94
57	1	0.022607023		85	82.94
58	1	0.0		82	83.41
59	1	0.0		79	83.44
60	1	0.0		89	81.41
61	1	0.0		71	101.73
62	1	0.0		77	99.68
63	1	0.0		78	84.94
64	1	0.2700337		71	101.73
65	1	0.001924002		96	81.06
66	1	0.022607023		82	83.41
67	1	0.08571429		85	82.94
68	1	0.0		89	81.41
69	1	0.0		85	82.94
70	1	0.072150074		79	83.44
71	1	0.072150074		78	84.94
72	1	0.0		86	81.44
73	1	0.028571429		77	99.68
74	1	0.08571429		79	83.44
75	1	0.0		82	83.41
76	1	0.0		85	82.94
77	1	0.0		89	81.41
78	1	0.08571429		82	83.41
79	1	0.11572871		89	81.41


Run no: 1
0	1	2000.0		70	93.22
1	1	2000.0		3540	81.69
2	1	0.9703643		3540	81.69
3	1	0.1081164		540	82.91
4	1	0.20312428		379	85.98
5	1	0.19311756		101	90.6
6	1	0.0		103	88.38
7	1	0.16957392		532	83.62
8	1	0.0		391	84.45
9	1	0.121952005		117	87.81
10	1	0.11262013		400	84.4
11	1	0.0		540	82.91
12	1	0.0		91	92.14
13	1	0.0		93	91.07
14	1	0.08576949		241	86.82
15	1	0.0		165	87.03
16	1	0.045654114		267	86.38
17	1	0.052312598		81	93.19
18	1	0.06696876		267	86.38
19	1	0.0014409221		86	92.67
20	1	0.011848554		112	88.26
21	1	0.08148246		165	87.03
22	1	0.027462753		91	92.14
23	1	0.0		89	92.45
24	1	0.02312349		97	90.63
25	1	0.0		96	90.85
26	1	0.01908066		93	91.07
27	1	0.0		96	90.85
28	1	8.645533E-4		89	92.45
29	1	0.01908066		86	92.67
30	1	0.018213356		165	87.03
31	1	0.04162228		112	88.26
32	1	5.763689E-4		103	88.38
33	1	0.13615553		391	84.45
34	1	0.0037546458		101	90.6
35	1	0.00259366		103	88.38
36	1	0.0043365136		391	84.45
37	1	0.0		540	82.91
38	1	0.0		86	92.67
39	1	0.026886383		89	92.45
40	1	0.092801385		93	91.07
41	1	0.0		96	90.85
42	1	0.0		86	92.67
43	1	5.763689E-4		91	92.14
44	1	0.0		101	90.6
45	1	5.763689E-4		93	91.07
46	1	0.092801385		91	92.14
47	1	0.0		89	92.45
48	1	2.8818444E-4		96	90.85
49	1	0.0		391	84.45
50	1	0.0		93	91.07
51	1	0.021902017		165	87.03
52	1	0.0		89	92.45
53	1	8.645533E-4		93	91.07
54	1	5.763689E-4		89	92.45
55	1	8.645533E-4		96	90.85
56	1	0.0		391	84.45
57	1	0.00259366		391	84.45
58	1	0.1925412		103	88.38
59	1	0.0		86	92.67
60	1	0.01908066		96	90.85
61	1	0.0		86	92.67
62	1	0.0		96	90.85
63	1	0.010407632		103	88.38
64	1	0.0		89	92.45
65	1	0.0		165	87.03
66	1	0.0		86	92.67
67	1	0.0		89	92.45
68	1	0.0		86	92.67
69	1	0.0		391	84.45
70	1	0.0		89	92.45
71	1	0.0		96	90.85
72	1	0.0		86	92.67
73	1	0.0		391	84.45
74	1	0.0		96	90.85
75	1	0.92613184		540	82.91
76	1	0.0		89	92.45
77	1	0.01908066		96	90.85
78	1	0.01908066		89	92.45
79	1	0.045964293		86	92.67


Run no: 2
0	1	2000.0		5831	77.47
1	1	1000.0		68	102.47
2	1	1000.0		68	102.47
3	1	0.7171928		3445	78.56
4	1	0.5741801		136	79.54
5	1	0.3564		68	102.47
6	1	0.3564		71	93.56
7	1	0.35380772		5715	78.36
8	1	0.29567933		4011	78.42
9	1	0.2073352		87	88.92
10	1	0.2056		97	83.78
11	1	0.098212734		4011	78.42
12	1	0.09749408		87	88.92
13	1	0.0968		83	91.34
14	1	0.08830873		126	81.62
15	1	0.0832		136	79.54
16	1	0.07190873		107	81.88
17	1	0.06744112		104	83.53
18	1	0.055728406		5831	77.47
19	1	0.042973522		82	92.41
20	1	0.0428		83	91.34
21	1	0.040935207		136	79.54
22	1	0.023773521		81	93.0
23	1	0.0236		82	92.41
24	1	0.0132		72	93.23
25	1	0.0132		71	93.56
26	1	0.007214645		81	93.0
27	1	0.0063470416		74	93.15
28	1	0.006173521		100	83.63
29	1	0.006		97	83.78
30	1	0.0057352073		115	81.78
31	1	0.0056		4011	78.42
32	1	0.0049352073		125	81.7
33	1	0.004414645		74	93.15
34	1	0.0036		100	83.63
35	1	0.0036		101	83.54
36	1	0.0033735207		125	81.7
37	1	0.0032		115	81.78
38	1	0.0032		72	93.23
39	1	0.0024		4011	78.42
40	1	0.0017352074		97	83.78
41	1	0.0013881659		115	81.78
42	1	6.9408293E-4		83	91.34
43	1	5.2056223E-4		100	83.63
44	1	5.2056223E-4		101	83.54
45	1	5.2056223E-4		71	93.56
46	1	5.2056223E-4		97	83.78
47	1	5.2056223E-4		68	102.47
48	1	4.0E-4		101	83.54
49	1	3.4704147E-4		72	93.23
50	1	1.7352073E-4		71	93.56
51	1	1.7352073E-4		82	92.41
52	1	1.7352073E-4		72	93.23
53	1	1.7352073E-4		83	91.34
54	1	1.7352073E-4		101	83.54
55	1	0.0		5831	77.47
56	1	0.0		68	102.47
57	1	0.0		72	93.23
58	1	0.0		74	93.15
59	1	0.0		101	83.54
60	1	0.0		72	93.23
61	1	0.0		74	93.15
62	1	0.0		136	79.54
63	1	0.0		74	93.15
64	1	0.0		83	91.34
65	1	0.0		100	83.63
66	1	0.0		71	93.56
67	1	0.0		68	102.47
68	1	0.0		101	83.54
69	1	0.0		82	92.41
70	1	0.0		82	92.41
71	1	0.0		83	91.34
72	1	0.0		100	83.63
73	1	0.0		68	102.47
74	1	0.0		101	83.54
75	1	0.0		71	93.56
76	1	0.0		74	93.15
77	1	0.0		74	93.15
78	1	0.0		97	83.78
79	1	0.0		71	93.56


Run no: 3
0	1	2000.0		3484	79.41
1	1	1000.2749		73	95.16
2	1	0.0		73	95.16
3	1	0.6267638		2247	83.48
4	1	0.6176789		370	84.34
5	1	0.5949793		3450	79.71
6	1	0.5920476		2261	83.2
7	1	0.25281903		153	88.78
8	1	0.0041043684		330	85.89
9	1	2.9316917E-4		152	89.05
10	1	0.18349206		330	85.89
11	1	1000.00354		73	95.16
12	1	0.0037123591		350	84.54
13	1	0.04434728		346	85.22
14	1	0.012698413		344	85.69
15	1	0.0		346	85.22
16	1	0.004201533		3474	79.43
17	1	0.019642334		152	89.05
18	1	0.0		344	85.69
19	1	0.01015873		361	84.5
20	1	0.024813838		3474	79.43
21	1	0.0041043684		344	85.69
22	1	0.0		330	85.89
23	1	0.046399463		350	84.54
24	1	0.0026385225		361	84.5
25	1	0.0032248606		361	84.5
26	1	0.0		361	84.5
27	1	0.0		346	85.22
28	1	0.113015875		152	89.05
29	1	0.0		346	85.22
30	1	5.8633834E-4		344	85.69
31	1	0.06458935		330	85.89
32	1	0.0		152	89.05
33	1	5.8633834E-4		346	85.22
34	1	0.02984127		344	85.69
35	1	0.0		346	85.22
36	1	0.017142856		152	89.05
37	1	0.0		344	85.69
38	1	0.0025396824		361	84.5
39	1	0.0		346	85.22
40	1	0.02984127		346	85.22
41	1	0.41109687		85	90.83
42	2	2000.0		85	94.44
43	2	1000.25		149	90.93
44	2	1000.0883		149	90.93
45	2	0.7258725		103	93.63
46	2	0.50427353		114	91.86
47	2	0.30008012		114	91.86
48	2	0.2630431		90	94.23
49	2	0.258547		133	91.24
50	2	0.24301104		132	91.27
51	2	0.20633014		119	91.41
52	2	0.203125		119	91.41
53	2	0.18051104		99	94.09
54	2	0.17508014		100	93.64
55	2	0.12820514		99	94.09
56	2	0.09815705		88	94.41
57	2	0.088319086		133	91.24
58	2	0.078125		114	91.86
59	2	0.046875		85	94.44
60	2	0.03988604		119	91.41
61	2	0.039797008		88	94.41
62	2	0.024172008		132	91.27
63	2	0.015625		99	94.09
64	2	0.015625		133	91.24
65	2	0.015625		100	93.64
66	2	0.008547009		85	94.44
67	2	0.0028490028		100	93.64
68	2	0.0		114	91.86
69	2	0.0		85	94.44
70	2	0.0		114	91.86
71	2	0.0		119	91.41
72	2	0.0		114	91.86
73	2	0.0		85	94.44
74	2	0.0		100	93.64
75	2	0.0		100	93.64
76	2	0.0		100	93.64
77	2	0.0		114	91.86
78	2	0.0		100	93.64
79	2	0.0		133	91.24


Run no: 4
0	1	1000.0		70	102.74
1	1	2000.0		3570	81.92
2	1	0.0		70	102.74
3	1	0.0		3570	81.92
4	1	0.116574176		104	84.72
5	1	1.1005741		3566	82.4
6	1	0.0		76	100.53
7	1	0.0		77	85.27
8	1	0.024197612		3566	82.4
9	1	0.0		76	100.53
10	1	0.0		70	102.74
11	1	0.024197612		3570	81.92
12	1	0.02418526		77	85.27
13	1	0.0073745027		86	84.82
14	1	0.0051428573		86	84.82
15	1	0.0		104	84.72
16	1	0.9939459		104	84.72
17	1	0.0		77	85.27
18	1	0.021613833		86	84.82
19	1	0.0		76	100.53
20	1	0.0		77	85.27
21	1	0.0		70	102.74
22	1	0.0		76	100.53
23	1	0.0		76	100.53
24	1	0.0		77	85.27
25	1	0.0		77	85.27
26	1	0.73466337		76	100.53
27	1	0.10614794		70	102.74
28	1	2.8571428E-4		77	85.27
29	1	0.0		70	102.74
30	1	0.0		76	100.53
31	1	0.0		70	102.74
32	1	0.0		77	85.27
33	1	0.0		76	100.53
34	1	1000.0		70	102.74
35	1	0.0		76	100.53
36	1	0.0017142857		70	102.74
37	1	0.0		76	100.53
38	1	0.0		77	85.27
39	1	0.0		77	85.27
40	1	0.0		76	100.53
41	1	0.7329491		77	85.27
42	1	0.0		76	100.53
43	1	0.0		76	100.53
44	1	0.0		76	100.53
45	1	0.0		76	100.53
46	1	0.0		76	100.53
47	1	0.0		76	100.53
48	1	0.0		76	100.53
49	1	0.0		76	100.53
50	1	0.0		76	100.53
51	1	0.0		76	100.53
52	1	0.0		76	100.53
53	1	0.0		76	100.53
54	1	0.0		76	100.53
55	1	0.0		76	100.53
56	1	0.0		76	100.53
57	1	0.0		76	100.53
58	1	0.0		76	100.53
59	1	0.0		76	100.53
60	1	0.0		76	100.53
61	1	0.0		76	100.53
62	1	0.0		76	100.53
63	1	0.0		76	100.53
64	1	0.0		76	100.53
65	1	0.0		76	100.53
66	1	0.0		76	100.53
67	1	0.0		76	100.53
68	1	0.0		76	100.53
69	1	0.0		76	100.53
70	1	0.0		76	100.53
71	1	0.0		76	100.53
72	1	0.0		76	100.53
73	1	0.0		76	100.53
74	1	0.0		76	100.53
75	1	0.0		76	100.53
76	1	0.0		76	100.53
77	1	0.0		76	100.53
78	1	0.0		76	100.53
79	1	0.10643365		76	100.53


Run no: 5
0	1	1000.0131		4479	80.47
1	1	1000.06134		4479	80.47
2	1	2000.0		68	90.9
3	1	0.0		68	90.9
4	1	1.1930435		4409	82.89
5	1	0.0067114094		423	84.1
6	1	0.19233078		414	84.8
7	1	0.14979526		401	88.15
8	1	0.036433365		402	86.59
9	1	0.0		69	89.4
10	1	0.0		68	90.9
11	1	0.0		406	86.21
12	1	0.11601151		423	84.1
13	1	0.1122901		99	88.25
14	1	0.07805293		401	88.15
15	1	0.07553525		82	89.23
16	1	0.033557046		96	88.6
17	1	0.055330165		417	84.23
18	1	0.03824701		406	86.21
19	1	9.0682384E-4		402	86.59
20	1	0.0		96	88.6
21	1	0.011505273		80	89.35
22	1	0.0057526366		422	84.17
23	1	0.0067114094		422	84.17
24	1	0.0		417	84.23
25	1	0.14381592		69	89.4
26	1	0.0047938637		80	89.35
27	1	0.0		96	88.6
28	1	0.0		69	89.4
29	1	0.0011335298		422	84.17
30	1	0.14956856		402	86.59
31	1	6.8011787E-4		96	88.6
32	1	0.0057526366		417	84.23
33	1	0.0		80	89.35
34	1	0.0		423	84.1
35	1	2.2670596E-4		402	86.59
36	1	0.0		69	89.4
37	1	0.0		68	90.9
38	1	0.0		68	90.9
39	1	0.90365		423	84.1
40	1	2.2670596E-4		423	84.1
41	1	0.13609378		406	86.21
42	1	0.0		68	90.9
43	1	0.0		96	88.6
44	1	0.0		417	84.23
45	1	0.0		96	88.6
46	1	4.5341192E-4		80	89.35
47	1	0.0		417	84.23
48	1	0.0		80	89.35
49	1	0.0024937657		69	89.4
50	1	2.2670596E-4		422	84.17
51	1	0.0		417	84.23
52	1	0.0		417	84.23
53	1	0.06357657		96	88.6
54	1	0.0		80	89.35
55	1	2.2670596E-4		69	89.4
56	1	0.0		402	86.59
57	1	0.0		69	89.4
58	1	0.0		96	88.6
59	1	0.0		417	84.23
60	1	0.0		80	89.35
61	1	0.0047938637		69	89.4
62	1	0.0		417	84.23
63	1	0.0024937657		80	89.35
64	1	0.0		69	89.4
65	1	0.14381592		68	90.9
66	1	0.0		68	90.9
67	1	0.0		68	90.9
68	1	0.0		69	89.4
69	1	0.0		80	89.35
70	1	0.0		417	84.23
71	1	0.0		417	84.23
72	1	0.0		68	90.9
73	1	2.2670596E-4		68	90.9
74	1	0.0011335298		417	84.23
75	1	0.24789242		4421	81.11
76	2	2000.0		4472	81.13
77	2	NaN		4472	81.13
78	2	NaN		4472	81.13
79	2	NaN		4472	81.13


Run no: 6
0	1	2000.0		3861	77.16
1	1	1000.0079		68	96.2
2	1	0.0		68	96.2
3	1	0.76007175		2967	79.49
4	1	0.7253228		431	80.57
5	1	0.32332227		3049	79.24
6	1	0.19381498		408	85.58
7	1	0.13237163		123	90.18
8	1	0.034749024		3049	79.24
9	1	0.028886555		406	87.88
10	1	0.116870664		430	82.06
11	1	0.08167744		106	92.21
12	1	0.03835072		420	82.74
13	1	5.2728713E-4		418	84.25
14	1	0.07851995		431	80.57
15	1	0.07589597		115	91.61
16	1	0.0		105	93.63
17	1	0.07193939		177	88.48
18	1	0.0		418	84.25
19	1	0.066741146		133	89.18
20	1	0.029150197		405	88.43
21	1	0.04439375		79	95.38
22	1	0.03835072		91	94.16
23	1	0.0		420	82.74
24	1	0.0021091485		87	94.82
25	1	0.033094466		69	96.05
26	1	0.0		87	94.82
27	1	0.006302521		166	88.6
28	1	0.0026260505		405	88.43
29	1	2.6364357E-4		406	87.88
30	1	0.0		115	91.61
31	1	0.0		112	92.11
32	1	0.0		161	89.1
33	1	0.026001014		103	93.68
34	1	0.022847677		102	94.11
35	1	0.0		74	95.6
36	1	0.0013182177		74	95.6
37	1	0.0		68	96.2
38	1	0.0013182177		166	88.6
39	1	0.0		161	89.1
40	1	0.0015818613		112	92.11
41	1	0.026260504		161	89.1
42	1	0.0028938479		97	94.14
43	1	0.06011073		405	88.43
44	1	0.07930672		418	84.25
45	1	0.0		420	82.74
46	1	0.0		105	93.63
47	1	0.0010504202		97	94.14
48	1	0.034663867		87	94.82
49	1	0.0		115	91.61
50	1	0.0028938479		102	94.11
51	1	0.027051434		112	92.11
52	1	0.011554622		74	95.6
53	1	0.0013182177		74	95.6
54	1	0.0		161	89.1
55	1	0.028369652		115	91.61
56	1	0.0		112	92.11
57	1	0.002889694		105	93.63
58	1	0.0		418	84.25
59	1	0.12079832		406	87.88
60	1	0.07983401		420	82.74
61	1	0.07510712		105	93.63
62	1	5.2728713E-4		406	87.88
63	1	0.0		68	96.2
64	1	0.0		68	96.2
65	1	0.07248937		418	84.25
66	1	0.0010545743		87	94.82
67	1	0.0073820194		161	89.1
68	1	0.0		74	95.6
69	1	0.0		87	94.82
70	1	0.029160583		166	88.6
71	1	0.0		68	96.2
72	1	0.023634454		74	95.6
73	1	0.0055198986		161	89.1
74	1	0.0		87	94.82
75	1	0.0		112	92.11
76	1	0.0015818613		97	94.14
77	1	0.005252101		112	92.11
78	1	0.029411765		87	94.82
79	1	1000.00024		68	96.2


Run no: 7
0	1	2000.0		6100	79.36
1	1	2000.0		68	89.43
2	1	0.0734856		68	89.43
3	1	0.9568974		714	86.81
4	1	0.49951664		2971	81.86
5	1	0.14702109		4306	79.53
6	1	0.17359024		3019	80.95
7	1	0.3202539		4306	79.53
8	1	0.02284012		3521	79.76
9	1	0.12613036		3019	80.95
10	1	0.0		3521	79.76
11	1	0.020854022		178	87.1
12	1	0.13013926		3521	79.76
13	1	0.05064713		167	88.16
14	1	0.0		212	86.89
15	1	0.4645385		2971	81.86
16	1	0.09188252		74	88.69
17	1	0.0		68	89.43
18	1	0.0018236075		167	88.16
19	1	0.0		161	88.66
20	1	0.11089976		178	87.1
21	1	0.014423077		161	88.66
22	1	0.013580995		212	86.89
23	1	0.0		212	86.89
24	1	0.0		161	88.66
25	1	0.10526316		167	88.16
26	1	0.04965243		161	88.66
27	1	0.0		212	86.89
28	1	0.0		178	87.1
29	1	9.94695E-4		68	89.43
30	1	0.0		161	88.66
31	1	0.0018236075		178	87.1
32	1	0.0		212	86.89
33	1	0.0		161	88.66
34	1	0.0		212	86.89
35	1	0.083222814		212	86.89
36	1	0.0		161	88.66
37	1	0.0		161	88.66
38	1	0.0		161	88.66
39	1	0.0		161	88.66
40	1	0.0		161	88.66
41	1	0.0		161	88.66
42	1	0.0		161	88.66
43	1	0.0		161	88.66
44	1	0.0		161	88.66
45	1	0.0		161	88.66
46	1	0.0		161	88.66
47	1	0.0		161	88.66
48	1	0.0		161	88.66
49	1	0.0		161	88.66
50	1	0.0		161	88.66
51	1	0.0		161	88.66
52	1	0.0		161	88.66
53	1	0.0		161	88.66
54	1	0.0		161	88.66
55	1	0.0		161	88.66
56	1	0.0		161	88.66
57	1	0.0		161	88.66
58	1	0.0		161	88.66
59	1	0.0		161	88.66
60	1	0.0		161	88.66
61	1	0.0		161	88.66
62	1	0.0		161	88.66
63	1	0.0		161	88.66
64	1	0.0		161	88.66
65	1	0.0		161	88.66
66	1	0.0		161	88.66
67	1	0.0		161	88.66
68	1	0.0		161	88.66
69	1	0.0		161	88.66
70	1	0.0		161	88.66
71	1	0.0		161	88.66
72	1	0.0		161	88.66
73	1	0.0		161	88.66
74	1	0.0		161	88.66
75	1	0.0		161	88.66
76	1	0.2013956		3521	79.76
77	1	0.0		161	88.66
78	1	0.020854022		212	86.89
79	1	0.003973841		161	88.66


Run no: 8
0	1	2000.0		3874	81.81
1	1	2000.0		78	104.8
2	1	0.0		78	104.8
3	1	0.80816966		2593	84.82
4	1	0.7277791		122	86.5
5	1	0.0		82	96.07
6	1	0.17133072		3579	83.73
7	1	0.14357218		3034	84.3
8	1	0.13049152		100	93.73
9	1	0.0		101	90.73
10	1	0.12000384		2886	84.66
11	1	0.05264384		102	89.55
12	1	0.0		107	87.0
13	1	0.09998265		3839	83.16
14	1	0.09223853		91	95.04
15	1	0.09032138		3596	83.3
16	1	0.0		100	93.73
17	1	0.11118122		102	89.55
18	1	0.0		101	90.73
19	1	0.029768176		2999	84.52
20	1	0.037272815		3855	82.57
21	1	0.009569378		3034	84.3
22	1	0.03314975		90	95.79
23	1	0.030668601		3855	82.57
24	1	0.0		107	87.0
25	1	0.021154338		116	86.55
26	1	0.020217018		3582	83.68
27	1	0.03401362		3034	84.3
28	1	0.008356362		88	95.97
29	1	0.015309837		2999	84.52
30	1	0.0		90	95.79
31	1	0.009569378		2999	84.52
32	1	0.0059303283		88	95.97
33	1	0.0010537407		82	96.07
34	1	0.0		3582	83.68
35	1	0.0		107	87.0
36	1	0.0		100	93.73
37	1	0.0		116	86.55
38	1	0.0		116	86.55
39	1	0.0		3582	83.68
40	1	0.0043497174		82	96.07
41	1	0.0045457752		116	86.55
42	1	0.019573728		107	87.0
43	1	0.3797303		82	96.07
44	1	7.903056E-4		3582	83.68
45	1	0.0		90	95.79
46	1	0.0		101	90.73
47	1	0.0		101	90.73
48	1	0.0		100	93.73
49	1	2.6343518E-4		90	95.79
50	1	0.38078406		78	104.8
51	1	0.0		100	93.73
52	1	0.0013171759		107	87.0
53	1	0.05935221		100	93.73
54	1	0.0		3582	83.68
55	1	0.0		101	90.73
56	1	0.0		107	87.0
57	1	0.0		90	95.79
58	1	0.0		100	93.73
59	1	0.0		82	96.07
60	1	0.0		107	87.0
61	1	0.051326662		101	90.73
62	1	0.0		100	93.73
63	1	0.0		101	90.73
64	1	0.0021748587		3582	83.68
65	1	0.0		107	87.0
66	1	0.0		100	93.73
67	1	2.6343518E-4		101	90.73
68	1	0.0023709168		107	87.0
69	1	0.0		100	93.73
70	1	0.0		107	87.0
71	1	0.0		82	96.07
72	1	0.007829491		90	95.79
73	1	0.0		100	93.73
74	1	0.0		101	90.73
75	1	0.11091779		107	87.0
76	1	0.0		100	93.73
77	1	0.0015806112		82	96.07
78	1	2.6343518E-4		100	93.73
79	1	0.13075495		101	90.73


Run no: 9
0	1	1000.46716		64	110.56
1	1	1000.0332		4820	78.86
2	1	1000.006		4820	78.86
3	1	1000.0023		64	110.56
4	1	0.62659687		3051	84.61
5	1	0.58495766		554	86.01
6	1	0.46719244		75	95.75
7	1	0.14740072		3170	81.95
8	1	0.14562207		124	88.79
9	1	0.13099708		3689	81.25
10	1	0.12616001		3689	81.25
11	1	0.113962375		4207	80.71
12	1	0.095882475		4207	80.71
13	1	0.09156968		4582	80.55
14	1	0.08843168		112	91.28
15	1	0.07634056		89	91.36
16	1	0.07570978		86	93.76
17	1	0.067073174		443	87.81
18	1	0.050473187		3084	83.01
19	1	0.05036547		4617	80.54
20	1	0.047942363		4662	79.05
21	1	0.04773741		4640	79.34
22	1	0.04290221		75	95.75
23	1	0.04290221		79	94.39
24	1	0.035327516		3084	83.01
25	1	0.03164908		446	87.58
26	1	0.030914826		124	88.79
27	1	0.030914826		443	87.81
28	1	0.023762777		484	87.08
29	1	0.022500949		494	86.93
30	1	0.019347303		548	86.47
31	1	0.018086137		3168	82.45
32	1	0.017661901		3168	82.45
33	1	0.017560286		79	94.39
34	1	0.016719243		80	93.86
35	1	0.01577287		3168	82.45
36	1	0.01566648		522	86.62
37	1	0.007886435		4658	79.3
38	1	0.0072555207		443	87.81
39	1	0.0069386037		3084	83.01
40	1	0.0066239424		537	86.51
41	1	0.004835997		89	91.36
42	1	0.0047318614		484	87.08
43	1	0.003784693		4658	79.3
44	1	0.0034700315		522	86.62
45	1	0.0031545742		86	93.76
46	1	0.0031545742		80	93.86
47	1	0.0031539109		522	86.62
48	1	0.0025236593		89	91.36
49	1	0.0025231286		124	88.79
50	1	0.002312868		75	95.75
51	1	0.002312868		537	86.51
52	1	0.0021028726		4658	79.3
53	1	0.0021026072		484	87.08
54	1	0.0012618296		537	86.51
55	1	0.0012615643		86	93.76
56	1	0.0012615643		80	93.86
57	1	8.410429E-4		75	95.75
58	1	6.3078216E-4		443	87.81
59	1	6.3078216E-4		86	93.76
60	1	2.1026072E-4		80	93.86
61	1	2.1026072E-4		79	94.39
62	1	0.0		64	110.56
63	1	0.0		443	87.81
64	1	0.0		79	94.39
65	1	0.0		3084	83.01
66	1	0.0		3168	82.45
67	1	0.0		80	93.86
68	1	0.0		443	87.81
69	1	0.0		4658	79.3
70	1	0.0		86	93.76
71	1	0.0		4658	79.3
72	1	0.0		75	95.75
73	1	0.0		79	94.39
74	1	0.0		3689	81.25
75	1	0.0		3168	82.45
76	1	0.0		80	93.86
77	1	0.0		79	94.39
78	1	0.0		3168	82.45
79	1	0.0		86	93.76


Run no: 10
0	1	2000.0		4067	80.79
1	1	1000.10535		70	100.15
2	1	1000.0		70	100.15
3	1	0.9630613		261	83.29
4	1	0.9522142		4067	80.79
5	1	0.18385199		86	91.82
6	1	0.18285124		82	95.36
7	1	0.12913223		4067	80.79
8	1	0.12913223		261	83.29
9	1	0.11903568		82	95.36
10	1	0.11828513		79	97.65
11	1	0.11073065		133	86.67
12	1	0.107865505		159	85.29
13	1	0.10662284		74	98.11
14	1	0.09599361		103	89.2
15	1	0.07873028		98	90.7
16	1	0.055510513		210	83.88
17	1	0.047004133		176	84.79
18	1	0.044421487		119	87.24
19	1	0.044421487		117	88.1
20	1	0.030410592		94	90.75
21	1	0.030079637		176	84.79
22	1	0.029442148		119	87.24
23	1	0.029442148		86	91.82
24	1	0.029442148		90	91.25
25	1	0.026827198		90	91.25
26	1	0.02501127		79	97.65
27	1	0.02376033		74	98.11
28	1	0.021895941		110	88.5
29	1	0.021161532		117	88.1
30	1	0.021129224		255	83.5
31	1	0.020661157		110	88.5
32	1	0.020144628		108	88.89
33	1	0.0196281		210	83.88
34	1	0.017263334		108	88.89
35	1	0.011258444		210	83.88
36	1	0.011258444		255	83.5
37	1	0.0108471075		255	83.5
38	1	0.00850638		176	84.79
39	1	0.003502627		119	87.24
40	1	0.0025826446		98	90.7
41	1	0.0017513135		117	88.1
42	1	0.0015011259		261	83.29
43	1	0.0010007506		82	95.36
44	1	0.0010007506		86	91.82
45	1	0.0010007506		90	91.25
46	1	0.0010007506		98	90.7
47	1	0.0010007506		74	98.11
48	1	0.0010007506		70	100.15
49	1	7.5056293E-4		79	97.65
50	1	5.003753E-4		108	88.89
51	1	5.003753E-4		110	88.5
52	1	5.003753E-4		119	87.24
53	1	0.0		70	100.15
54	1	0.0		86	91.82
55	1	0.0		82	95.36
56	1	0.0		79	97.65
57	1	0.0		74	98.11
58	1	0.0		98	90.7
59	1	0.0		210	83.88
60	1	0.0		117	88.1
61	1	0.0		90	91.25
62	1	0.0		119	87.24
63	1	0.0		110	88.5
64	1	0.0		108	88.89
65	1	0.0		261	83.29
66	1	0.0		176	84.79
67	1	0.0		117	88.1
68	1	0.0		79	97.65
69	1	0.0		98	90.7
70	1	0.0		70	100.15
71	1	0.0		70	100.15
72	1	0.0		79	97.65
73	1	0.0		74	98.11
74	1	0.0		79	97.65
75	1	0.0		261	83.29
76	1	0.0		255	83.5
77	1	0.0		255	83.5
78	1	0.0		90	91.25
79	1	0.0		82	95.36


Run no: 11
0	1	2000.0		150	77.92
1	1	1000.0		71	103.36
2	1	0.009827044		71	103.36
3	1	0.4379727		97	81.35
4	1	0.06329114		92	92.17
5	1	0.28821352		88	95.52
6	1	0.2779287		121	78.2
7	1	0.06329114		140	78.15
8	1	0.0		92	92.17
9	1	0.13821054		86	97.57
10	1	0.07988018		82	100.34
11	1	0.056603774		102	79.55
12	1	0.003930818		76	100.44
13	1	0.0		74	103.06
14	1	0.03073999		103	79.09
15	1	0.08978684		110	79.03
16	1	0.07594936		76	100.44
17	1	0.051419076		145	78.07
18	1	0.0154098		120	78.78
19	1	0.0		140	78.15
20	1	0.014150944		97	81.35
21	1	0.1316824		92	92.17
22	1	0.03797468		115	78.85
23	1	0.014150944		98	80.99
24	1	0.003144654		145	78.07
25	1	0.012658228		98	80.99
26	1	0.005110063		149	78.05
27	1	0.0		85	98.07
28	1	0.012658228		84	99.24
29	1	0.043870907		112	79.0
30	1	0.071307026		84	99.24
31	1	0.0		115	78.85
32	1	0.019654088		85	98.07
33	1	0.025316456		110	79.03
34	1	0.0		84	99.24
35	1	0.10298742		74	103.06
36	1	0.014623637		72	103.11
37	1	0.025316456		74	103.06
38	1	0.0		82	100.34
39	1	0.0		112	79.0
40	1	0.10298742		76	100.44
41	1	0.06329114		120	78.78
42	1	0.06871467		102	79.55
43	1	0.09096608		103	79.09
44	1	0.0		97	81.35
45	1	0.050632913		98	80.99
46	1	0.012658228		85	98.07
47	1	0.0		103	79.09
48	1	0.056603774		98	80.99
49	1	0.043238994		84	99.24
50	1	0.012658228		102	79.55
51	1	0.0		149	78.05
52	1	0.009827044		72	103.11
53	1	0.022798741		120	78.78
54	1	0.0		71	103.36
55	1	1000.01263		71	103.36
56	1	0.0		72	103.11
57	1	0.066042714		115	78.85
58	1	0.012658228		149	78.05
59	1	0.025316456		76	100.44
60	1	0.0		82	100.34
61	1	0.24365099		140	78.15
62	1	0.0058962265		115	78.85
63	1	0.0023584906		110	79.03
64	1	0.001965409		74	103.06
65	1	0.025316456		72	103.11
66	1	0.025316456		112	79.0
67	1	0.06329114		145	78.07
68	1	0.051419076		149	78.05
69	1	0.47594738		92	92.17
70	1	0.06329114		97	81.35
71	1	0.025316456		74	103.06
72	1	0.06855545		82	100.34
73	1	0.0		120	78.78
74	1	0.001965409		140	78.15
75	1	0.0		98	80.99
76	1	0.0		98	80.99
77	1	0.0		102	79.55
78	1	0.0011792453		112	79.0
79	1	0.058648795		85	98.07


Run no: 12
0	1	2000.0		120	82.0
1	1	1000.0196		69	105.98
2	1	1000.0		69	105.98
3	1	0.6880734		70	103.38
4	1	0.6880734		72	86.88
5	1	0.39588547		92	84.98
6	1	0.35331732		110	82.43
7	1	0.29411766		107	84.36
8	1	0.27615333		90	85.86
9	1	0.19523624		77	86.63
10	1	0.1764706		81	86.43
11	1	0.10842369		69	105.98
12	1	0.10842369		70	103.38
13	1	0.09803922		72	86.88
14	1	0.08467841		107	84.36
15	1	0.080483735		107	84.36
16	1	0.078431375		81	86.43
17	1	0.039215688		70	103.38
18	1	0.039215688		72	86.88
19	1	0.023769809		81	86.43
20	1	0.019607844		70	103.38
21	1	0.010425354		72	86.88
22	1	0.008340283		81	86.43
23	1	0.0		69	105.98
24	1	0.0		70	103.38
25	1	0.0		72	86.88
26	1	0.0		81	86.43
27	1	0.0		70	103.38
28	1	0.0		107	84.36
29	1	0.0		72	86.88
30	1	0.0		69	105.98
31	1	0.0		81	86.43
32	1	0.0		72	86.88
33	1	0.0		107	84.36
34	1	0.0		69	105.98
35	1	0.0		72	86.88
36	1	0.0		70	103.38
37	1	0.0		107	84.36
38	1	0.0		81	86.43
39	1	0.0		81	86.43
40	1	0.0		107	84.36
41	1	0.0		69	105.98
42	1	0.0		70	103.38
43	1	0.0		107	84.36
44	1	0.0		81	86.43
45	1	0.0		69	105.98
46	1	0.0		69	105.98
47	1	0.0		70	103.38
48	1	0.0		72	86.88
49	1	0.0		81	86.43
50	1	0.0		107	84.36
51	1	0.0		72	86.88
52	1	0.0		69	105.98
53	1	0.0		69	105.98
54	1	0.0		81	86.43
55	1	0.0		107	84.36
56	1	0.0		69	105.98
57	1	0.0		70	103.38
58	1	0.0		107	84.36
59	1	0.0		70	103.38
60	1	0.0		69	105.98
61	1	0.0		72	86.88
62	1	0.0		81	86.43
63	1	0.0		81	86.43
64	1	0.0		69	105.98
65	1	0.0		69	105.98
66	1	0.0		72	86.88
67	1	0.0		81	86.43
68	1	0.0		72	86.88
69	1	0.0		69	105.98
70	1	0.0		70	103.38
71	1	0.0		69	105.98
72	1	0.0		72	86.88
73	1	0.0		72	86.88
74	1	0.0		81	86.43
75	1	0.0		69	105.98
76	1	0.0		70	103.38
77	1	0.0		72	86.88
78	1	0.0		70	103.38
79	1	0.0		70	103.38


Run no: 13
0	1	2000.0		441	78.21
1	1	1000.0		58	86.74
2	1	0.0		58	86.74
3	1	1.2669828		418	79.99
4	1	0.7822246		122	83.68
5	1	0.46392244		122	83.68
6	1	0.16806908		70	85.24
7	1	0.0		64	86.54
8	1	0.039112456		93	84.06
9	1	0.13838732		87	84.94
10	1	0.1244785		429	79.71
11	1	0.06293254		432	79.24
12	1	0.0061279647		439	78.34
13	1	0.07955641		109	83.86
14	1	0.123786725		432	79.24
15	1	0.0		110	83.76
16	1	0.019556228		84	85.04
17	1	0.14494076		93	84.06
18	1	0.0		64	86.54
19	1	0.0		71	85.09
20	1	0.020195961		70	85.24
21	1	0.0		58	86.74
22	1	0.123786725		439	78.34
23	1	0.02046226		440	78.31
24	1	0.039804224		84	85.04
25	1	0.0		71	85.09
26	1	0.0		64	86.54
27	1	1000.0		58	86.74
28	1	0.0		441	78.21
29	1	0.03133159		110	83.76
30	1	0.002610966		71	85.09
31	1	0.009378663		110	83.76
32	1	0.0		71	85.09
33	1	0.0		441	78.21
34	1	0.0		64	86.54
35	1	0.0		110	83.76
36	1	0.0		110	83.76
37	1	0.15240328		64	86.54
38	1	0.0		58	86.74
39	1	0.002610966		110	83.76
40	1	0.0		71	85.09
41	1	0.015665796		64	86.54
42	1	0.0		58	86.74
43	1	0.0		64	86.54
44	1	0.014334296		441	78.21
45	1	0.051527552		71	85.09
46	1	0.0		58	86.74
47	1	0.0058616647		71	85.09
48	1	0.0		64	86.54
49	1	0.0		58	86.74
50	1	0.0		58	86.74
51	1	0.0		64	86.54
52	1	0.0		58	86.74
53	1	0.0		110	83.76
54	1	0.0		58	86.74
55	1	0.0		64	86.54
56	1	0.0		58	86.74
57	1	0.0		64	86.54
58	1	0.0		64	86.54
59	1	0.0		58	86.74
60	1	0.0		64	86.54
61	1	0.023446659		58	86.74
62	1	0.0		64	86.54
63	1	0.0		58	86.74
64	1	0.0		58	86.74
65	1	0.0		110	83.76
66	1	0.0		110	83.76
67	1	0.0		64	86.54
68	1	0.0		64	86.54
69	1	0.0		110	83.76
70	1	0.0		110	83.76
71	1	0.0		64	86.54
72	1	0.0		58	86.74
73	1	0.0		64	86.54
74	1	0.0		64	86.54
75	1	0.0		58	86.74
76	1	0.0		64	86.54
77	1	0.011723329		110	83.76
78	1	0.015665796		58	86.74
79	1	0.039112456		64	86.54


Run no: 14
0	1	1000.14246		72	96.78
1	1	1000.0		4273	81.48
2	1	0.7275099		466	84.45
3	1	0.077217065		3022	83.6
4	1	0.21105945		3113	83.51
5	1	0.18562122		120	86.65
6	1	0.007843138		3851	83.39
7	1	0.006535948		436	85.42
8	1	0.1544906		3853	82.68
9	1	0.14682484		93	91.08
10	1	0.14563464		103	88.87
11	1	1000.0031		72	96.78
12	1	0.0030945013		85	94.6
13	1	0.09976601		103	88.87
14	1	0.0		86	94.47
15	1	0.0		87	92.97
16	1	9.521542E-4		108	87.38
17	1	0.0067739864		91	92.87
18	1	0.0		92	91.48
19	1	0.61430895		3022	83.6
20	1	0.005882353		4025	81.66
21	1	0.07079827		4043	81.57
22	1	0.07053985		438	85.32
23	1	0.05474887		4273	81.48
24	1	0.050568882		112	87.08
25	1	0.17567246		3851	83.39
26	1	0.04094263		4025	81.66
27	1	0.026143791		93	91.08
28	1	0.0		92	91.48
29	1	0.098575816		108	87.38
30	1	0.008496732		85	94.6
31	1	0.0		86	94.47
32	1	0.046881307		3851	83.39
33	1	2.3803856E-4		87	92.97
34	1	0.0		436	85.42
35	1	0.09180183		91	92.87
36	1	0.06666667		4025	81.66
37	1	0.0		4273	81.48
38	1	0.0		91	92.87
39	1	0.0		87	92.97
40	1	0.019607844		108	87.38
41	1	0.07522018		436	85.42
42	1	0.14248367		85	94.6
43	1	0.0		92	91.48
44	1	0.0		87	92.97
45	1	0.02638183		92	91.48
46	1	2.3803856E-4		93	91.08
47	1	0.0		86	94.47
48	1	0.0		4273	81.48
49	1	0.0		436	85.42
50	1	0.0		87	92.97
51	1	0.098277256		86	94.47
52	1	0.0		92	91.48
53	1	0.0		436	85.42
54	1	0.0042846943		4025	81.66
55	1	0.0		92	91.48
56	1	0.0		86	94.47
57	1	0.0		87	92.97
58	1	4.760771E-4		436	85.42
59	1	1000.00586		4273	81.48
60	1	0.0		85	94.6
61	1	9.521542E-4		87	92.97
62	1	0.0		86	94.47
63	1	0.0		85	94.6
64	1	2.3803856E-4		85	94.6
65	1	2.3803856E-4		92	91.48
66	1	0.0		92	91.48
67	1	0.0		86	94.47
68	1	0.006535948		87	92.97
69	1	0.08039216		436	85.42
70	1	0.0		92	91.48
71	1	0.0		86	94.47
72	1	0.0		86	94.47
73	1	0.0		92	91.48
74	1	0.0		92	91.48
75	1	0.0		92	91.48
76	1	0.0		92	91.48
77	1	0.090849675		92	91.48
78	1	0.09803922		87	92.97
79	1	0.00873477		86	94.47


Run no: 15
0	1	2000.0		3544	83.47
1	1	1000.0		67	93.05
2	1	0.1565762		67	93.05
3	1	0.0		3544	83.47
4	1	0.9790325		3283	84.04
5	1	0.8384934		422	84.39
6	1	0.5741815		88	88.33
7	1	0.020046137		80	91.38
8	1	0.0		396	86.75
9	1	0.02033374		71	91.55
10	1	1000.0		67	93.05
11	1	0.13456367		3543	83.61
12	1	0.123173274		399	86.08
13	1	0.0		408	84.9
14	1	2.8760426E-4		396	86.75
15	1	2.8760426E-4		397	86.71
16	1	0.06633721		399	86.08
17	1	0.03797247		422	84.39
18	1	0.0014380213		417	84.54
19	1	0.0		80	91.38
20	1	0.0		414	84.71
21	1	0.001150417		71	91.55
22	1	0.016520433		417	84.54
23	1	0.014901383		3544	83.47
24	1	0.011482255		409	84.86
25	1	0.001150417		413	84.75
26	1	0.0		409	84.86
27	1	0.0		397	86.71
28	1	0.0		413	84.75
29	1	0.0041753654		396	86.75
30	1	0.018032907		414	84.71
31	1	0.0025884383		408	84.9
32	1	0.1565762		71	91.55
33	1	0.0025884383		399	86.08
34	1	0.0		80	91.38
35	1	0.0044629695		408	84.9
36	1	0.3183716		80	91.38
37	1	0.0		71	91.55
38	1	0.0041753654		413	84.75
39	1	0.0		67	93.05
40	1	0.0		414	84.71
41	1	0.0		399	86.08
42	1	0.0041753654		397	86.71
43	1	0.0		413	84.75
44	1	0.0		414	84.71
45	1	0.0044629695		409	84.86
46	1	0.0		408	84.9
47	1	0.08858211		396	86.75
48	1	0.0		67	93.05
49	1	0.0		71	91.55
50	1	0.0		399	86.08
51	1	0.0		408	84.9
52	1	0.16492693		396	86.75
53	1	0.0		397	86.71
54	1	0.017745303		417	84.54
55	1	0.0		71	91.55
56	1	0.0		414	84.71
57	1	0.0		409	84.86
58	1	0.0		413	84.75
59	1	8.628128E-4		414	84.71
60	1	0.123173274		408	84.9
61	1	0.0		409	84.86
62	1	0.0		397	86.71
63	1	0.0		408	84.9
64	1	0.0025884383		80	91.38
65	1	0.0		71	91.55
66	1	0.0		409	84.86
67	1	0.0		413	84.75
68	1	0.0		67	93.05
69	1	0.0041753654		414	84.71
70	1	0.065762006		397	86.71
71	1	0.001150417		409	84.86
72	1	0.0		408	84.9
73	1	0.0		396	86.75
74	1	0.0		67	93.05
75	1	0.001150417		67	93.05
76	1	0.0		399	86.08
77	1	0.0		408	84.9
78	1	5.752085E-4		397	86.71
79	1	0.011769859		413	84.75


Run no: 16
0	1	2000.0		3743	83.88
1	1	1000.0		68	97.58
2	1	1000.0		68	97.58
3	1	0.9768708		153	85.03
4	1	0.31240875		68	97.58
5	1	0.31240875		69	93.3
6	1	0.2378569		77	92.28
7	1	0.23649634		87	89.04
8	1	0.09977556		102	86.88
9	1	0.09141368		87	89.04
10	1	0.08978102		93	87.81
11	1	0.086934805		153	85.03
12	1	0.07033219		93	87.81
13	1	0.057465613		77	92.28
14	1	0.054744527		72	93.03
15	1	0.03722628		129	86.15
16	1	0.03722628		133	85.64
17	1	0.024817519		119	86.54
18	1	0.020524357		69	93.3
19	1	0.01970803		72	93.03
20	1	0.018520284		134	85.39
21	1	0.018248174		121	86.29
22	1	0.018248174		119	86.54
23	1	0.018248174		133	85.64
24	1	0.017963156		142	85.25
25	1	0.016058395		153	85.03
26	1	0.007843488		121	86.29
27	1	0.0075713787		134	85.39
28	1	0.00729927		135	85.29
29	1	0.00729927		122	86.19
30	1	0.005912905		142	85.25
31	1	0.0046258504		119	86.54
32	1	0.004008143		129	86.15
33	1	0.002919708		135	85.29
34	1	0.002919708		122	86.19
35	1	0.0027210885		87	89.04
36	1	0.0019047619		135	85.29
37	1	0.0019047619		122	86.19
38	1	0.0019047619		129	86.15
39	1	0.0016326531		93	87.81
40	1	0.0013605442		72	93.03
41	1	0.0010884354		133	85.64
42	1	8.1632653E-4		72	93.03
43	1	5.442177E-4		119	86.54
44	1	2.7210885E-4		69	93.3
45	1	2.7210885E-4		133	85.64
46	1	2.7210885E-4		122	86.19
47	1	2.7210885E-4		135	85.29
48	1	2.7210885E-4		121	86.29
49	1	2.7210885E-4		68	97.58
50	1	0.0		69	93.3
51	1	0.0		87	89.04
52	1	0.0		93	87.81
53	1	0.0		87	89.04
54	1	0.0		93	87.81
55	1	0.0		133	85.64
56	1	0.0		93	87.81
57	1	0.0		72	93.03
58	1	0.0		129	86.15
59	1	0.0		129	86.15
60	1	0.0		69	93.3
61	1	0.0		119	86.54
62	1	0.0		121	86.29
63	1	0.0		72	93.03
64	1	0.0		153	85.03
65	1	0.0		134	85.39
66	1	0.0		122	86.19
67	1	0.0		121	86.29
68	1	0.0		134	85.39
69	1	0.0		135	85.29
70	1	0.0		68	97.58
71	1	0.0		129	86.15
72	1	0.0		134	85.39
73	1	0.0		69	93.3
74	1	0.0		93	87.81
75	1	0.0		135	85.29
76	1	0.0		133	85.64
77	1	0.0		122	86.19
78	1	0.0		134	85.39
79	1	0.0		121	86.29


Run no: 17
0	1	2000.0		3547	82.65
1	1	1000.23425		61	101.35
2	1	1000.002		61	101.35
3	1	1.1320312		3389	83.19
4	1	1.1200966		206	86.77
5	1	0.31016043		69	91.17
6	1	0.31016043		68	96.97
7	1	0.23623264		68	96.97
8	1	0.11290878		189	86.97
9	1	0.08930481		161	88.64
10	1	0.0678224		78	89.94
11	1	0.06594598		3401	82.74
12	1	0.064705886		74	91.15
13	1	0.046694648		3547	82.65
14	1	0.025119577		111	89.28
15	1	0.021390375		98	89.68
16	1	0.018922137		127	88.74
17	1	0.018546607		111	89.28
18	1	0.0171123		116	88.96
19	1	0.013029045		88	89.72
20	1	0.00991253		84	89.9
21	1	0.009753299		161	88.64
22	1	0.009090909		116	88.96
23	1	0.009090909		123	88.79
24	1	0.008255175		3401	82.74
25	1	0.008032128		161	88.64
26	1	0.0053475937		161	88.64
27	1	0.0037292026		98	89.68
28	1	0.0026737968		123	88.79
29	1	0.002008032		116	88.96
30	1	0.002008032		123	88.79
31	1	0.0017211704		94	89.71
32	1	0.0016822063		94	89.71
33	1	0.0016042781		84	89.9
34	1	0.0016042781		98	89.68
35	1	0.0016042781		83	89.93
36	1	0.0016042781		94	89.71
37	1	0.0014343087		69	91.17
38	1	0.0014343087		83	89.93
39	1	0.0014343087		116	88.96
40	1	0.0014343087		74	91.15
41	1	0.0013563804		69	91.17
42	1	0.0011474469		74	91.15
43	1	0.0011474469		98	89.68
44	1	0.0011474469		123	88.79
45	1	0.0011474469		84	89.9
46	1	0.0010695187		74	91.15
47	1	8.216211E-4		83	89.93
48	1	2.8686173E-4		68	96.97
49	1	0.0		68	96.97
50	1	0.0		161	88.64
51	1	0.0		98	89.68
52	1	0.0		116	88.96
53	1	0.0		123	88.79
54	1	0.0		123	88.79
55	1	0.0		94	89.71
56	1	0.0		116	88.96
57	1	0.0		69	91.17
58	1	0.0		123	88.79
59	1	0.0		98	89.68
60	1	0.0		74	91.15
61	1	0.0		69	91.17
62	1	0.0		94	89.71
63	1	0.0		83	89.93
64	1	0.0		68	96.97
65	1	0.0		68	96.97
66	1	0.0		161	88.64
67	1	0.0		161	88.64
68	1	0.0		123	88.79
69	1	0.0		69	91.17
70	1	0.0		68	96.97
71	1	0.0		123	88.79
72	1	0.0		98	89.68
73	1	0.0		123	88.79
74	1	0.0		94	89.71
75	1	0.0		94	89.71
76	1	0.0		98	89.68
77	1	0.0		69	91.17
78	1	0.0		94	89.71
79	1	0.0		161	88.64


Run no: 18
0	1	2000.0		4137	78.09
1	1	1000.0		65	86.32
2	1	1000.0		65	86.32
3	1	1.2354956		3953	78.81
4	1	0.91429275		230	81.13
5	1	0.28189552		230	81.13
6	1	0.18226002		72	85.07
7	1	0.18226002		77	83.57
8	1	0.16924252		193	82.3
9	1	0.15124926		225	81.58
10	1	0.13267145		4024	78.63
11	1	0.10282801		184	82.89
12	1	0.0799727		86	83.17
13	1	0.06075334		72	85.07
14	1	0.06075334		70	85.57
15	1	0.06075334		67	85.82
16	1	0.06075334		65	86.32
17	1	0.05808867		180	83.12
18	1	0.054678008		230	81.13
19	1	0.048602674		77	83.57
20	1	0.03086783		70	85.57
21	1	0.03037667		67	85.82
22	1	0.0022102161		77	83.57
23	1	0.0012278978		230	81.13
24	1	0.0012278978		72	85.07
25	1	0.0012278978		77	83.57
26	1	7.3673873E-4		70	85.57
27	1	7.3673873E-4		67	85.82
28	1	4.9115915E-4		72	85.07
29	1	4.9115915E-4		67	85.82
30	1	4.9115915E-4		65	86.32
31	1	0.0		65	86.32
32	1	0.0		230	81.13
33	1	0.0		72	85.07
34	1	0.0		77	83.57
35	1	0.0		67	85.82
36	1	0.0		70	85.57
37	1	0.0		65	86.32
38	1	0.0		77	83.57
39	1	0.0		70	85.57
40	1	0.0		77	83.57
41	1	0.0		67	85.82
42	1	0.0		72	85.07
43	1	0.0		67	85.82
44	1	0.0		65	86.32
45	1	0.0		65	86.32
46	1	0.0		77	83.57
47	1	0.0		72	85.07
48	1	0.0		65	86.32
49	1	0.0		67	85.82
50	1	0.0		70	85.57
51	1	0.0		70	85.57
52	1	0.0		67	85.82
53	1	0.0		77	83.57
54	1	0.0		77	83.57
55	1	0.0		70	85.57
56	1	0.0		67	85.82
57	1	0.0		70	85.57
58	1	0.0		72	85.07
59	1	0.0		77	83.57
60	1	0.0		70	85.57
61	1	0.0		67	85.82
62	1	0.0		72	85.07
63	1	0.0		65	86.32
64	1	0.0		65	86.32
65	1	0.0		72	85.07
66	1	0.0		65	86.32
67	1	0.0		70	85.57
68	1	0.0		72	85.07
69	1	0.0		77	83.57
70	1	0.0		70	85.57
71	1	0.0		67	85.82
72	1	0.0		65	86.32
73	1	0.0		67	85.82
74	1	0.0		67	85.82
75	1	0.0		65	86.32
76	1	0.0		70	85.57
77	1	0.0		70	85.57
78	1	0.0		67	85.82
79	1	0.0		67	85.82


Run no: 19
0	1	1000.0		73	94.07
1	1	0.0		73	94.07
2	1	0.7719891		78	93.32
3	1	0.0		73	94.07
4	1	0.0		73	94.07
5	1	0.0		73	94.07
6	1	0.0		73	94.07
7	1	0.0		73	94.07
8	1	0.009891197		80	85.52
9	1	0.0		73	94.07
10	1	0.05473545		4273	84.03
11	1	0.0		73	94.07
12	1	0.0		73	94.07
13	1	0.0		73	94.07
14	1	0.0		73	94.07
15	1	0.0		80	85.52
16	1	0.0		73	94.07
17	1	0.0		73	94.07
18	1	0.0		73	94.07
19	1	0.07418398		73	94.07
20	1	0.0		73	94.07
21	1	0.7722269		80	85.52
22	1	0.0		73	94.07
23	1	0.0		73	94.07
24	1	0.0		73	94.07
25	1	0.0		73	94.07
26	1	0.0		73	94.07
27	1	0.0		73	94.07
28	1	0.0011893435		78	93.32
29	1	0.0		73	94.07
30	1	0.0		73	94.07
31	1	0.0		73	94.07
32	1	0.0		73	94.07
33	1	0.0		73	94.07
34	1	0.0		73	94.07
35	1	0.79507345		3675	85.07
36	1	0.78122574		503	85.34
37	1	0.0		73	94.07
38	1	0.0		73	94.07
39	1	0.0		73	94.07
40	1	0.0		73	94.07
41	1	0.0		73	94.07
42	1	4.7573738E-4		80	85.52
43	1	0.0		73	94.07
44	1	0.0		73	94.07
45	1	0.0		73	94.07
46	1	0.0		73	94.07
47	1	0.0		73	94.07
48	1	0.0		73	94.07
49	1	0.0		73	94.07
50	1	0.0		73	94.07
51	1	0.0		73	94.07
52	1	0.0		80	85.52
53	1	2000.0		4277	83.96
54	1	0.11842261		83	85.42
55	1	0.07418398		78	93.32
56	1	0.0		73	94.07
57	1	0.0		73	94.07
58	1	0.06326602		4273	84.03
59	1	0.0		73	94.07
60	1	0.24511394		4072	84.66
61	1	0.0		80	85.52
62	1	0.0		73	94.07
63	1	0.0		80	85.52
64	1	0.0		73	94.07
65	1	0.0		73	94.07
66	1	0.12114011		3675	85.07
67	1	0.0		73	94.07
68	1	0.0		73	94.07
69	1	0.10781781		503	85.34
70	1	0.0		73	94.07
71	1	0.0		73	94.07
72	1	0.0		73	94.07
73	1	0.0		73	94.07
74	1	1000.00116		73	94.07
75	2	2000.0		4099	85.06
76	2	2.0		4099	85.06
77	2	2000.0		4214	84.88
78	3	2000.0		4225	84.92
79	3	2000.0		3960	85.19


Run no: 20
0	1	2000.0		3866	78.93
1	1	1000.0		71	91.52
2	1	1000.0		71	91.52
3	1	1.4448276		3625	81.66
4	1	0.9330698		84	86.83
5	1	0.41064337		84	86.83
6	1	0.15885623		3858	80.93
7	1	0.11940568		72	90.02
8	1	0.11940568		84	86.83
9	1	0.11940568		71	91.52
10	1	0.119379096		3855	81.15
11	1	0.119142175		83	88.33
12	1	0.11675933		82	89.8
13	1	0.11675933		83	88.33
14	1	0.017474186		3858	80.93
15	1	0.011112402		72	90.02
16	1	0.010585393		78	89.9
17	1	0.007942812		78	89.9
18	1	0.007942812		82	89.8
19	1	0.002108037		3858	80.93
20	1	0.0015810276		78	89.9
21	1	0.0010540185		82	89.8
22	1	7.905138E-4		3858	80.93
23	1	2.6350463E-4		83	88.33
24	1	2.6350463E-4		83	88.33
25	1	2.6350463E-4		82	89.8
26	1	0.0		71	91.52
27	1	0.0		84	86.83
28	1	0.0		71	91.52
29	1	0.0		83	88.33
30	1	0.0		82	89.8
31	1	0.0		78	89.9
32	1	0.0		78	89.9
33	1	0.0		3858	80.93
34	1	0.0		78	89.9
35	1	0.0		82	89.8
36	1	0.0		3858	80.93
37	1	0.0		83	88.33
38	1	0.0		83	88.33
39	1	0.0		71	91.52
40	1	0.0		3858	80.93
41	1	0.0		82	89.8
42	1	0.0		78	89.9
43	1	0.0		78	89.9
44	1	0.0		82	89.8
45	1	0.0		78	89.9
46	1	0.0		82	89.8
47	1	0.0		84	86.83
48	1	0.0		82	89.8
49	1	0.0		3858	80.93
50	1	0.0		82	89.8
51	1	0.0		82	89.8
52	1	0.0		78	89.9
53	1	0.0		82	89.8
54	1	0.0		82	89.8
55	1	0.0		78	89.9
56	1	0.0		82	89.8
57	1	0.0		78	89.9
58	1	0.0		78	89.9
59	1	0.0		82	89.8
60	1	0.0		78	89.9
61	1	0.0		82	89.8
62	1	0.0		82	89.8
63	1	0.0		78	89.9
64	1	0.0		82	89.8
65	1	0.0		78	89.9
66	1	0.0		82	89.8
67	1	0.0		78	89.9
68	1	0.0		78	89.9
69	1	0.0		78	89.9
70	1	0.0		82	89.8
71	1	0.0		78	89.9
72	1	0.0		78	89.9
73	1	0.0		82	89.8
74	1	0.0		78	89.9
75	1	0.0		78	89.9
76	1	0.0		78	89.9
77	1	0.0		78	89.9
78	1	0.0		82	89.8
79	1	0.0		78	89.9


Run no: 21
0	1	2000.0		68	95.96
1	1	1000.16046		3334	76.02
2	1	1000.0		3334	76.02
3	1	1.1535798		287	83.27
4	1	1.0157242		2941	79.22
5	1	0.2808121		2941	79.22
6	1	0.17415935		75	92.53
7	1	0.13540623		279	85.97
8	1	0.12033068		3334	76.02
9	1	0.11807529		91	88.89
10	1	0.116850555		87	91.22
11	1	0.074043624		136	86.23
12	1	0.041624874		79	92.26
13	1	0.041624874		80	91.43
14	1	0.041334968		271	86.11
15	1	0.038225207		132	87.5
16	1	0.037612837		134	86.75
17	1	0.026690604		134	86.75
18	1	0.022567702		125	87.85
19	1	0.022567702		124	88.3
20	1	0.019695953		132	87.5
21	1	0.017552657		125	87.85
22	1	0.014765361		79	92.26
23	1	0.014765361		75	92.53
24	1	0.0126748895		87	91.22
25	1	0.012036108		120	88.34
26	1	0.012036108		107	88.58
27	1	0.011033099		100	88.8
28	1	0.011033099		107	88.58
29	1	0.010837779		80	91.43
30	1	0.009470543		279	85.97
31	1	0.008467534		271	86.11
32	1	0.007269205		91	88.89
33	1	0.007021063		271	86.11
34	1	0.004513541		100	88.8
35	1	0.003980404		107	88.58
36	1	0.003980404		120	88.34
37	1	0.0032307578		120	88.34
38	1	0.0027556645		100	88.8
39	1	0.0024494794		279	85.97
40	1	0.0021432946		80	91.43
41	1	0.0021432946		107	88.58
42	1	0.0021432946		100	88.8
43	1	0.0021432946		125	87.85
44	1	0.002006018		124	88.3
45	1	0.0012247397		87	91.22
46	1	0.0012247397		124	88.3
47	1	6.1236985E-4		134	86.75
48	1	3.0618493E-4		125	87.85
49	1	3.0618493E-4		124	88.3
50	1	3.0618493E-4		79	92.26
51	1	0.0		3334	76.02
52	1	0.0		91	88.89
53	1	0.0		87	91.22
54	1	0.0		134	86.75
55	1	0.0		132	87.5
56	1	0.0		125	87.85
57	1	0.0		107	88.58
58	1	0.0		91	88.89
59	1	0.0		100	88.8
60	1	0.0		125	87.85
61	1	0.0		120	88.34
62	1	0.0		124	88.3
63	1	0.0		79	92.26
64	1	0.0		132	87.5
65	1	0.0		79	92.26
66	1	0.0		80	91.43
67	1	0.0		3334	76.02
68	1	0.0		91	88.89
69	1	0.0		87	91.22
70	1	0.0		125	87.85
71	1	0.0		124	88.3
72	1	0.0		107	88.58
73	1	0.0		87	91.22
74	1	0.0		107	88.58
75	1	0.0		132	87.5
76	1	0.0		87	91.22
77	1	0.0		79	92.26
78	1	0.0		124	88.3
79	1	0.0		132	87.5


Run no: 22
0	1	2000.0		4731	77.12
1	1	1000.0007		70	91.39
2	1	1000.0		70	91.39
3	1	0.77772963		91	85.15
4	1	0.68592864		3115	81.01
5	1	0.46525922		4642	78.36
6	1	0.29247913		3115	81.01
7	1	0.29054824		91	85.15
8	1	0.2709719		3379	79.62
9	1	0.1660827		73	91.36
10	1	0.1660827		74	88.99
11	1	0.12894183		89	86.99
12	1	0.11454649		3234	79.83
13	1	0.08829713		3379	79.62
14	1	0.080531515		85	88.53
15	1	0.08010242		88	87.39
16	1	0.0687211		3126	80.48
17	1	0.045825392		3379	79.62
18	1	0.039500862		3126	80.48
19	1	0.028030833		88	87.39
20	1	0.028030833		89	86.99
21	1	0.028030833		74	88.99
22	1	0.028030833		75	88.59
23	1	0.0042046253		75	88.59
24	1	0.0042046253		85	88.53
25	1	0.0021454624		85	88.53
26	1	0.0021454624		75	88.59
27	1	0.0021023126		73	91.36
28	1	0.0021023126		70	91.39
29	1	6.436387E-4		73	91.36
30	1	6.436387E-4		88	87.39
31	1	4.2909247E-4		89	86.99
32	1	2.1454623E-4		89	86.99
33	1	2.1454623E-4		73	91.36
34	1	2.1454623E-4		74	88.99
35	1	2.1454623E-4		75	88.59
36	1	2.1454623E-4		74	88.99
37	1	0.0		70	91.39
38	1	0.0		74	88.99
39	1	0.0		75	88.59
40	1	0.0		74	88.99
41	1	0.0		70	91.39
42	1	0.0		70	91.39
43	1	0.0		74	88.99
44	1	0.0		74	88.99
45	1	0.0		70	91.39
46	1	0.0		74	88.99
47	1	0.0		75	88.59
48	1	0.0		75	88.59
49	1	0.0		73	91.36
50	1	0.0		75	88.59
51	1	0.0		70	91.39
52	1	0.0		74	88.99
53	1	0.0		70	91.39
54	1	0.0		74	88.99
55	1	0.0		75	88.59
56	1	0.0		70	91.39
57	1	0.0		73	91.36
58	1	0.0		70	91.39
59	1	0.0		75	88.59
60	1	0.0		75	88.59
61	1	0.0		75	88.59
62	1	0.0		70	91.39
63	1	0.0		75	88.59
64	1	0.0		74	88.99
65	1	0.0		74	88.99
66	1	0.0		70	91.39
67	1	0.0		74	88.99
68	1	0.0		74	88.99
69	1	0.0		75	88.59
70	1	0.0		74	88.99
71	1	0.0		75	88.59
72	1	0.0		70	91.39
73	1	0.0		70	91.39
74	1	0.0		74	88.99
75	1	0.0		75	88.59
76	1	0.0		75	88.59
77	1	0.0		74	88.99
78	1	0.0		74	88.99
79	1	0.0		70	91.39


Run no: 23
0	1	2000.0		3644	76.23
1	1	0.24848485		138	79.91
2	1	0.0		123	82.85
3	1	0.0		128	82.52
4	1	0.045454547		138	79.91
5	1	0.0		125	82.62
6	1	0.0		123	82.85
7	1	0.01010101		125	82.62
8	1	0.0		128	82.52
9	1	0.0		128	82.52
10	1	0.016205644		123	82.85
11	1	0.0		128	82.52
12	1	0.023232324		123	82.85
13	1	0.0		123	82.85
14	1	0.0		123	82.85
15	1	1000.3313		65	86.13
16	1	0.0		123	82.85
17	1	0.0		123	82.85
18	1	0.0		125	82.62
19	1	0.01010101		128	82.52
20	1	0.015151516		128	82.52
21	1	0.13920175		3577	77.0
22	1	0.0		128	82.52
23	1	0.0		123	82.85
24	1	0.0		128	82.52
25	1	0.0		125	82.62
26	1	0.0		128	82.52
27	1	5.588153E-4		125	82.62
28	1	0.0		128	82.52
29	1	0.015989738		131	82.37
30	1	0.33131313		123	82.85
31	1	0.0		128	82.52
32	1	0.0		138	79.91
33	1	0.0		128	82.52
34	1	0.0		123	82.85
35	1	0.0		125	82.62
36	1	0.0		125	82.62
37	1	0.0		128	82.52
38	1	0.0011176306		138	79.91
39	1	0.0		123	82.85
40	1	8.38223E-4		128	82.52
41	1	0.045454547		134	80.36
42	1	1.1984708		3538	77.45
43	1	8.38223E-4		128	82.52
44	1	0.0		123	82.85
45	1	0.0033097106		3576	77.42
46	1	1000.01624		65	86.13
47	1	0.0		123	82.85
48	1	0.0		125	82.62
49	1	0.0		125	82.62
50	1	2.7940766E-4		134	80.36
51	1	0.0		123	82.85
52	1	0.053041734		3576	77.42
53	1	0.0		128	82.52
54	1	0.0		125	82.62
55	1	0.0		125	82.62
56	1	0.0		138	79.91
57	1	0.0		123	82.85
58	1	0.0011176306		134	80.36
59	1	0.0		128	82.52
60	1	0.084848486		134	80.36
61	1	0.0		123	82.85
62	1	0.0		128	82.52
63	1	0.0		128	82.52
64	1	0.0		128	82.52
65	1	0.0		138	79.91
66	1	0.0		128	82.52
67	1	0.013647794		3538	77.45
68	1	0.11874063		131	82.37
69	1	0.0		128	82.52
70	1	0.94998604		138	79.91
71	1	0.09649809		3644	76.23
72	1	0.0		125	82.62
73	1	0.0		123	82.85
74	1	5.588153E-4		123	82.85
75	1	0.0		128	82.52
76	1	0.0		131	82.37
77	1	0.20386852		133	81.2
78	1	0.024070546		125	82.62
79	2	2000.0		3607	77.38


Run no: 24
0	1	2000.0		3261	76.36
1	1	1000.0		67	100.31
2	1	0.0		67	100.31
3	1	0.0018785222		78	88.13
4	1	0.0		78	88.13
5	1	0.006263048		78	88.13
6	1	0.0		70	100.06
7	1	9.392611E-4		70	100.06
8	1	0.0		67	100.31
9	1	6.261741E-4		70	100.06
10	1	0.0		67	100.31
11	1	0.0		78	88.13
12	1	0.0		70	100.06
13	1	0.0		67	100.31
14	1	0.010438413		70	100.06
15	1	0.35991648		70	100.06
16	1	0.0		67	100.31
17	1	0.0		78	88.13
18	1	0.0015654352		78	88.13
19	1	0.0		67	100.31
20	1	0.0		67	100.31
21	1	0.0		67	100.31
22	1	0.0		67	100.31
23	1	0.010438413		67	100.31
24	1	0.0		67	100.31
25	1	0.0		67	100.31
26	1	0.0		67	100.31
27	1	0.0		67	100.31
28	1	0.0		67	100.31
29	1	0.0		67	100.31
30	1	0.0		67	100.31
31	1	0.0		67	100.31
32	1	0.0		67	100.31
33	1	0.0		67	100.31
34	1	0.0		67	100.31
35	1	0.0		67	100.31
36	1	0.0		67	100.31
37	1	0.0		67	100.31
38	1	0.0		67	100.31
39	1	0.0		67	100.31
40	1	0.14008312		72	91.44
41	1	0.0		67	100.31
42	1	0.0		67	100.31
43	1	1.4373733		83	87.98
44	1	0.0		67	100.31
45	1	0.0		67	100.31
46	1	0.0		67	100.31
47	1	0.0		67	100.31
48	1	0.0		67	100.31
49	1	0.0		67	100.31
50	1	0.0		67	100.31
51	1	0.0		67	100.31
52	1	0.0		78	88.13
53	1	0.0		67	100.31
54	1	0.0		67	100.31
55	1	0.0		67	100.31
56	1	0.0		67	100.31
57	1	1.480168		3214	77.22
58	1	0.0		67	100.31
59	1	0.36054265		72	91.44
60	1	0.0		67	100.31
61	1	0.0		67	100.31
62	1	0.0		78	88.13
63	1	0.0		67	100.31
64	1	0.0		67	100.31
65	1	0.0		67	100.31
66	1	0.0		67	100.31
67	1	0.0		67	100.31
68	1	0.0		67	100.31
69	1	0.0		78	88.13
70	1	0.0		70	100.06
71	1	0.0		67	100.31
72	1	0.0		78	88.13
73	1	0.0		67	100.31
74	1	0.13820459		78	88.13
75	1	0.0		67	100.31
76	1	1000.0009		67	100.31
77	2	2000.0		3220	77.22
78	2	2000.0		3220	77.22
79	3	2000.0		72	97.56


Run no: 25
0	1	2000.0		424	80.95
1	1	1000.0		64	99.31
2	1	0.0		351	84.43
3	1	0.008714597		112	84.59
4	1	0.27189544		101	85.99
5	1	0.1954793		402	81.03
6	1	1000.0		64	99.31
7	1	0.12777779		70	95.97
8	1	0.009422658		100	88.97
9	1	0.15947713		81	91.45
10	1	0.14319173		87	89.91
11	1	0.0		76	93.93
12	1	0.13001089		385	82.55
13	1	0.13507625		76	93.93
14	1	0.016666668		70	95.97
15	1	0.101579525		356	84.42
16	1	0.011002179		85	91.31
17	1	0.07625272		112	84.59
18	1	0.0		366	83.33
19	1	0.03888889		380	82.56
20	1	0.03888889		366	83.33
21	1	0.008169935		94	89.14
22	1	0.030555556		112	84.59
23	1	5.446623E-4		380	82.56
24	1	0.08714597		366	83.33
25	1	0.041938998		366	83.33
26	1	0.6726035		351	84.43
27	1	0.008333334		94	89.14
28	1	0.0		70	95.97
29	1	0.0		70	95.97
30	1	0.12777779		76	93.93
31	1	0.0		64	99.31
32	1	0.014433552		385	82.55
33	1	0.0		76	93.93
34	1	0.16230936		100	88.97
35	1	0.0027777778		84	91.41
36	1	0.0010893246		97	88.99
37	1	0.0		97	88.99
38	1	0.041938998		94	89.14
39	1	0.0790305		85	91.31
40	1	0.0		97	88.99
41	1	0.0		94	89.14
42	1	0.008333334		84	91.41
43	1	0.0		84	91.41
44	1	0.005446623		84	91.41
45	1	0.0027777778		100	88.97
46	1	0.008333334		97	88.99
47	1	0.0		380	82.56
48	1	0.013888889		351	84.43
49	1	0.1819172		64	99.31
50	1	0.0		351	84.43
51	1	0.6638889		112	84.59
52	1	0.013888889		76	93.93
53	1	0.0		112	84.59
54	1	0.0		380	82.56
55	1	0.019444445		94	89.14
56	1	0.0		94	89.14
57	1	0.0		70	95.97
58	1	0.1819172		70	95.97
59	1	0.0		76	93.93
60	1	0.0		64	99.31
61	1	0.0		76	93.93
62	1	0.0		97	88.99
63	1	0.0021786492		84	91.41
64	1	0.0		94	89.14
65	1	0.0		94	89.14
66	1	0.008333334		97	88.99
67	1	0.0		84	91.41
68	1	0.0		84	91.41
69	1	0.008169935		97	88.99
70	1	0.0		380	82.56
71	1	0.0		64	99.31
72	1	5.446623E-4		351	84.43
73	1	0.0		112	84.59
74	1	0.0		94	89.14
75	1	0.0		380	82.56
76	1	0.0		380	82.56
77	1	0.0		366	83.33
78	1	0.016666668		64	99.31
79	1	0.055827886		380	82.56


Run no: 26
0	1	2000.0		3329	82.86
1	1	1000.009		66	91.79
2	1	1.1074126		3087	84.46
3	1	0.9884284		204	85.01
4	1	0.010608612		3094	83.03
5	1	0.11385588		163	86.45
6	1	0.0		124	87.65
7	1	0.13052382		175	85.54
8	1	0.1343785		163	86.45
9	1	0.049495876		88	89.44
10	1	0.09105657		3114	82.99
11	1	0.0		97	89.16
12	1	0.024636058		100	88.53
13	1	0.0		112	87.72
14	1	0.0		107	88.25
15	1	0.0		176	85.32
16	1	0.03411318		93	89.39
17	1	0.033500247		102	88.31
18	1	0.025755879		97	89.16
19	1	0.07116164		100	88.53
20	1	0.0018387986		72	91.71
21	1	0.035020914		176	85.32
22	1	0.1380561		124	87.65
23	1	0.0		163	86.45
24	1	1000.00183		66	91.79
25	1	0.16227965		3094	83.03
26	1	0.21612541		72	91.71
27	1	0.007838746		112	87.72
28	1	0.011952192		124	87.65
29	1	0.0015323322		107	88.25
30	1	0.063028105		112	87.72
31	1	0.0		124	87.65
32	1	0.008958567		72	91.71
33	1	0.006718925		107	88.25
34	1	0.059350505		107	88.25
35	1	9.193993E-4		97	89.16
36	1	0.0012258658		97	89.16
37	1	9.193993E-4		100	88.53
38	1	0.00858106		176	85.32
39	1	0.0036775973		163	86.45
40	1	0.0		124	87.65
41	1	0.0		163	86.45
42	1	0.0015323322		112	87.72
43	1	0.07054871		97	89.16
44	1	0.0		176	85.32
45	1	0.024636058		176	85.32
46	1	0.0		124	87.65
47	1	0.0		124	87.65
48	1	0.0		112	87.72
49	1	0.0015323322		107	88.25
50	1	0.0		72	91.71
51	1	0.0		107	88.25
52	1	0.0		97	89.16
53	1	6.129329E-4		72	91.71
54	1	0.0		100	88.53
55	1	0.007838746		124	87.65
56	1	0.2591028		74	89.78
57	2	2000.0		74	91.49
58	2	1000.35156		86	90.21
59	2	1000.0		86	90.21
60	2	0.5989583		84	91.32
61	2	0.515625		85	90.66
62	2	0.49479166		84	91.32
63	2	0.49479166		79	91.42
64	2	0.41666666		79	91.42
65	2	0.41666666		74	91.49
66	2	0.3515625		85	90.66
67	2	0.083333336		86	90.21
68	2	0.083333336		85	90.66
69	2	0.083333336		85	90.66
70	2	0.0546875		79	91.42
71	2	0.0546875		74	91.49
72	2	0.0		86	90.21
73	2	0.0		79	91.42
74	2	0.0		74	91.49
75	2	0.0		74	91.49
76	2	0.0		86	90.21
77	2	0.0		85	90.66
78	2	0.0		85	90.66
79	2	0.0		79	91.42


Run no: 27
0	1	2000.0		243	80.31
1	1	1000.0		75	90.41
2	1	0.0		75	90.41
3	1	0.4825554		207	81.93
4	1	0.083333336		129	83.52
5	1	0.083333336		115	87.84
6	1	0.008910891		129	83.52
7	1	0.0		193	83.43
8	1	0.1616926		233	80.38
9	1	0.21984912		110	89.62
10	1	0.20599952		111	87.91
11	1	0.0		201	83.33
12	1	0.14772514		83	90.33
13	1	0.42772278		115	87.84
14	1	0.007932579		106	89.91
15	1	0.0		92	89.94
16	1	0.80867517		129	83.52
17	1	0.05952381		233	80.38
18	1	0.0		92	89.94
19	1	0.0		193	83.43
20	1	0.007920792		75	90.41
21	1	0.0		92	89.94
22	1	0.05752004		201	83.33
23	1	0.0		115	87.84
24	1	0.0		107	89.89
25	1	0.007932579		107	89.89
26	1	0.13861386		201	83.33
27	1	0.0		193	83.43
28	1	0.0		193	83.43
29	1	0.0		106	89.91
30	1	0.0		75	90.41
31	1	0.0		233	80.38
32	1	0.026732674		107	89.89
33	1	0.083333336		106	89.91
34	1	0.017857144		107	89.89
35	1	0.0		75	90.41
36	1	0.030740218		115	87.84
37	1	0.05752004		193	83.43
38	1	0.0029702971		106	89.91
39	1	0.083333336		92	89.94
40	1	0.0		193	83.43
41	1	0.0		92	89.94
42	1	0.0		75	90.41
43	1	0.035714287		201	83.33
44	1	0.0		75	90.41
45	1	0.0		201	83.33
46	1	0.0		107	89.89
47	1	0.0		92	89.94
48	1	0.0		75	90.41
49	1	0.0		193	83.43
50	1	0.0		201	83.33
51	1	0.0		92	89.94
52	1	0.0		193	83.43
53	1	0.0		193	83.43
54	1	0.0		193	83.43
55	1	0.0		75	90.41
56	1	0.0		193	83.43
57	1	0.0		193	83.43
58	1	0.05357143		92	89.94
59	1	0.3809524		193	83.43
60	1	0.0		75	90.41
61	1	0.0029702971		92	89.94
62	1	0.0		75	90.41
63	1	0.0		193	83.43
64	1	0.0		193	83.43
65	1	0.0		75	90.41
66	1	0.0		75	90.41
67	1	0.0		193	83.43
68	1	0.0		193	83.43
69	1	0.0		193	83.43
70	1	0.0		75	90.41
71	1	0.0		193	83.43
72	1	0.0		92	89.94
73	1	0.0		92	89.94
74	1	0.15346535		233	80.38
75	1	0.0		75	90.41
76	1	0.008910891		193	83.43
77	1	0.0		92	89.94
78	1	0.03861386		92	89.94
79	1	1000.0476		75	90.41


Run no: 28
0	1	1000.01196		3742	79.37
1	1	1000.03503		67	97.91
2	1	0.0		67	97.91
3	1	0.8101279		2767	81.7
4	1	0.69086283		584	82.59
5	1	5.442177E-4		75	96.91
6	1	0.0		76	90.75
7	1	0.20358673		3363	81.59
8	1	0.18008938		149	87.15
9	1	0.119216256		82	88.57
10	1	0.0016326531		76	90.75
11	1	0.003236246		535	86.43
12	1	0.0931986		3583	80.05
13	1	0.048028532		571	83.43
14	1	0.08629989		561	85.03
15	1	0.07994276		3698	79.42
16	1	0.055934217		3426	80.51
17	1	0.05514695		115	87.65
18	1	0.0045967903		542	86.37
19	1	0.05231931		547	85.4
20	1	0.089837305		571	83.43
21	1	0.03883495		535	86.43
22	1	0.0		3424	81.24
23	1	1000.0		67	97.91
24	1	0.0040525724		70	97.26
25	1	0.0144217685		3522	80.26
26	1	5.442177E-4		82	88.57
27	1	0.0029931972		84	88.12
28	1	0.019422319		3424	81.24
29	1	0.013484358		95	87.9
30	1	0.039374325		3424	81.24
31	1	0.0		75	96.91
32	1	0.015641855		73	97.2
33	1	0.0		561	85.03
34	1	0.0043149944		3469	80.43
35	1	0.0		3522	80.26
36	1	0.011866235		95	87.9
37	1	0.011083812		550	85.25
38	1	0.0		3742	79.37
39	1	5.442177E-4		84	88.12
40	1	0.0		3469	80.43
41	1	0.012682562		550	85.25
42	1	0.0117006805		3469	80.43
43	1	0.0279255		3522	80.26
44	1	0.0		547	85.4
45	1	0.05422407		542	86.37
46	1	0.023591133		3469	80.43
47	1	8.1632653E-4		70	97.26
48	1	5.442177E-4		73	97.2
49	1	0.0		571	83.43
50	1	0.0		535	86.43
51	1	0.0029931972		95	87.9
52	1	0.024271844		84	88.12
53	1	0.0		571	83.43
54	1	0.0029931972		561	85.03
55	1	1000.0		3742	79.37
56	1	0.0		76	90.75
57	1	0.0		82	88.57
58	1	0.009451159		547	85.4
59	1	0.0040525724		73	97.2
60	1	0.035059333		70	97.26
61	1	8.1632653E-4		547	85.4
62	1	0.024271844		82	88.57
63	1	0.0		84	88.12
64	1	0.33252668		76	90.75
65	1	0.015641855		75	96.91
66	1	0.1175836		76	90.75
67	1	0.0		76	90.75
68	1	0.0019047619		535	86.43
69	1	0.0		561	85.03
70	1	0.0026968715		3742	79.37
71	1	0.0		3469	80.43
72	1	0.105034016		535	86.43
73	1	8.1632653E-4		67	97.91
74	1	0.011866235		84	88.12
75	1	0.01659864		3424	81.24
76	1	0.33252668		75	96.91
77	1	0.009169363		3522	80.26
78	1	0.005442177		95	87.9
79	1	0.014587323		561	85.03


Run no: 29
0	1	2000.0		3347	78.77
1	1	2000.0		68	100.66
2	1	1.1087557		3084	81.79
3	1	0.99819165		124	85.87
4	1	0.23739953		77	92.91
5	1	0.23709457		76	98.1
6	1	0.19370578		124	85.87
7	1	0.11694838		68	100.66
8	1	0.11694838		76	98.1
9	1	0.11406432		3326	80.22
10	1	0.09547739		100	87.96
11	1	0.08360107		79	91.1
12	1	0.082686156		77	92.91
13	1	0.07431638		97	88.0
14	1	0.07264468		3347	78.77
15	1	0.06852444		87	89.5
16	1	0.06761204		84	89.6
17	1	0.06669712		82	91.06
18	1	0.059611175		3202	81.23
19	1	0.041114666		3325	81.12
20	1	0.037511438		3325	81.12
21	1	0.024841974		3155	81.29
22	1	0.017072108		3145	81.47
23	1	0.011432025		3111	81.54
24	1	0.01142074		3111	81.54
25	1	0.010369015		3111	81.54
26	1	0.009146623		100	87.96
27	1	0.0068524443		3152	81.44
28	1	0.0050251256		3325	81.12
29	1	0.004568296		87	89.5
30	1	0.004568296		84	89.6
31	1	0.003505286		3152	81.44
32	1	0.0030497103		87	89.5
33	1	0.0027422316		82	91.06
34	1	0.0024397683		76	98.1
35	1	0.0024397683		68	100.66
36	1	0.0018273185		79	91.1
37	1	9.149131E-4		100	87.96
38	1	9.149131E-4		87	89.5
39	1	9.149131E-4		3152	81.44
40	1	6.099421E-4		84	89.6
41	1	6.099421E-4		82	91.06
42	1	6.099421E-4		79	91.1
43	1	6.099421E-4		77	92.91
44	1	3.0497104E-4		3325	81.12
45	1	3.0497104E-4		76	98.1
46	1	0.0		68	100.66
47	1	0.0		77	92.91
48	1	0.0		100	87.96
49	1	0.0		79	91.1
50	1	0.0		87	89.5
51	1	0.0		82	91.06
52	1	0.0		3111	81.54
53	1	0.0		3152	81.44
54	1	0.0		3325	81.12
55	1	0.0		84	89.6
56	1	0.0		82	91.06
57	1	0.0		76	98.1
58	1	0.0		100	87.96
59	1	0.0		100	87.96
60	1	0.0		84	89.6
61	1	0.0		84	89.6
62	1	0.0		79	91.1
63	1	0.0		76	98.1
64	1	0.0		77	92.91
65	1	0.0		76	98.1
66	1	0.0		79	91.1
67	1	0.0		77	92.91
68	1	0.0		76	98.1
69	1	0.0		79	91.1
70	1	0.0		100	87.96
71	1	0.0		100	87.96
72	1	0.0		3152	81.44
73	1	0.0		79	91.1
74	1	0.0		79	91.1
75	1	0.0		82	91.06
76	1	0.0		79	91.1
77	1	0.0		79	91.1
78	1	0.0		79	91.1
79	1	0.0		79	91.1

