
Run no: 0
90.8	
90.8	
90.8	
84.94	
84.94	
84.94	
84.54	
84.54	
84.54	
82.94	
82.94	
81.41	
81.41	
81.41	
81.41	
81.41	
81.41	
81.41	
81.41	
81.41	
81.41	
81.41	
81.41	
81.41	
81.41	
81.41	
81.06	
80.94	
80.94	
80.94	
80.94	

Run no: 1
87.26	
87.26	
87.26	
87.26	
87.26	
87.26	
87.26	
86.9	
86.43	
85.23	
85.23	
85.08	
85.08	
85.08	
85.08	
85.08	
85.08	
85.08	
84.73	
84.73	
84.73	
84.7	
84.7	
82.95	
82.95	
82.95	
82.95	
82.95	
81.69	
81.69	
81.69	

Run no: 2
92.55	
92.55	
92.55	
83.78	
83.78	
83.78	
83.78	
83.65	
82.93	
80.0	
80.0	
80.0	
80.0	
80.0	
80.0	
80.0	
80.0	
80.0	
80.0	
80.0	
78.83	
78.38	
78.38	
78.38	
78.38	
78.23	
77.47	
77.47	
77.47	
77.47	
77.47	

Run no: 3
87.17	
87.02	
87.02	
86.77	
86.77	
86.52	
85.53	
85.03	
85.03	
84.91	
84.91	
84.91	
84.91	
84.91	
84.91	
84.17	
84.17	
84.17	
83.66	
83.66	
83.66	
83.66	
83.63	
83.63	
83.38	
83.38	
83.38	
79.43	
79.43	
79.41	
79.41	

Run no: 4
88.39	
88.39	
88.39	
88.39	
88.39	
88.39	
88.39	
88.39	
88.39	
88.39	
88.39	
88.39	
87.0	
86.7	
86.7	
86.7	
86.7	
86.7	
86.7	
85.27	
85.17	
85.17	
85.17	
85.17	
85.17	
85.17	
85.17	
84.72	
81.92	
81.92	
81.92	

Run no: 5
91.98	
91.98	
91.98	
91.98	
91.33	
89.5	
89.5	
89.39	
89.39	
89.39	
89.39	
88.66	
88.66	
88.66	
88.66	
84.23	
84.23	
84.23	
84.23	
84.23	
84.23	
84.23	
84.23	
84.23	
84.23	
84.23	
81.13	
81.13	
81.13	
80.47	
80.47	

Run no: 6
88.67	
88.67	
84.79	
82.81	
82.81	
82.81	
82.81	
81.05	
81.05	
81.05	
80.88	
80.28	
79.32	
79.32	
79.32	
79.07	
79.07	
79.07	
79.07	
77.49	
77.49	
77.49	
77.49	
77.49	
77.49	
77.47	
77.31	
77.31	
77.16	
77.16	
77.16	

Run no: 7
89.95	
89.95	
89.95	
89.95	
89.95	
89.62	
89.62	
89.49	
89.25	
89.25	
89.09	
89.09	
88.66	
88.66	
85.33	
85.33	
85.33	
80.16	
80.06	
80.06	
79.72	
79.61	
79.61	
79.61	
79.36	
79.36	
79.36	
79.36	
79.36	
79.36	
79.36	

Run no: 8
94.36	
94.36	
87.4	
87.4	
87.4	
87.4	
87.37	
87.25	
87.25	
87.18	
87.18	
87.18	
84.5	
84.5	
84.5	
84.5	
84.26	
83.4	
83.4	
83.4	
82.58	
82.58	
82.58	
82.58	
82.58	
82.23	
82.23	
81.81	
81.81	
81.81	
81.81	

Run no: 9
93.8	
93.8	
86.3	
86.3	
86.3	
86.0	
86.0	
85.72	
85.41	
82.98	
82.98	
82.98	
82.98	
82.98	
82.88	
82.88	
82.88	
82.88	
79.97	
79.97	
79.76	
79.46	
79.46	
79.46	
79.46	
79.33	
79.33	
79.08	
79.08	
78.86	
78.86	

Run no: 10
89.12	
89.12	
89.12	
89.12	
89.12	
89.12	
87.62	
87.62	
87.62	
87.62	
87.62	
85.52	
85.52	
85.52	
85.52	
85.52	
85.52	
85.52	
85.52	
84.13	
84.13	
80.81	
80.81	
80.81	
80.79	
80.79	
80.79	
80.79	
80.79	
80.79	
80.79	

Run no: 11
94.61	
94.61	
94.61	
93.61	
93.61	
93.61	
81.45	
81.45	
81.45	
80.8	
80.8	
80.79	
79.6	
79.6	
79.2	
79.2	
79.2	
79.2	
79.2	
79.17	
79.17	
78.15	
78.15	
78.15	
78.07	
77.92	
77.92	
77.92	
77.92	
77.92	
77.92	

Run no: 12
94.27	
94.27	
92.96	
91.13	
91.13	
89.93	
89.93	
89.93	
89.46	
88.22	
88.15	
88.15	
88.15	
88.15	
87.26	
86.88	
86.88	
86.88	
86.43	
86.43	
86.43	
84.36	
84.36	
84.36	
82.43	
82.43	
82.43	
82.43	
82.0	
82.0	
82.0	

Run no: 13
85.74	
85.74	
85.59	
85.59	
85.59	
85.59	
85.46	
83.46	
83.46	
83.33	
83.33	
83.33	
83.33	
83.33	
83.33	
83.33	
83.33	
83.33	
81.21	
80.46	
79.1	
79.1	
79.1	
78.36	
78.21	
78.21	
78.21	
78.21	
78.21	
78.21	
78.21	

Run no: 14
91.65	
91.65	
91.65	
91.65	
91.65	
91.4	
91.3	
89.11	
88.59	
87.62	
87.62	
87.62	
85.79	
85.79	
83.44	
83.44	
83.44	
83.44	
83.44	
83.44	
82.79	
81.57	
81.57	
81.57	
81.57	
81.48	
81.48	
81.48	
81.48	
81.48	
81.48	

Run no: 15
95.42	
95.42	
95.31	
95.31	
95.31	
95.31	
94.54	
93.92	
93.92	
91.7	
86.6	
86.6	
86.6	
86.56	
86.56	
86.56	
86.56	
86.56	
86.28	
84.75	
84.71	
84.71	
84.71	
84.71	
84.71	
84.71	
84.71	
83.61	
83.61	
83.47	
83.47	

Run no: 16
89.05	
89.05	
89.05	
88.51	
87.11	
87.11	
86.9	
86.26	
86.26	
86.26	
86.26	
86.26	
86.26	
86.09	
86.09	
86.09	
86.09	
85.39	
85.39	
85.39	
85.39	
85.39	
85.29	
85.29	
85.29	
85.29	
85.17	
85.17	
85.03	
85.03	
83.88	

Run no: 17
95.43	
83.89	
83.89	
83.89	
83.89	
83.82	
83.59	
83.52	
83.52	
83.52	
83.52	
83.52	
83.52	
83.47	
83.47	
83.47	
83.47	
83.47	
83.47	
83.47	
83.47	
83.47	
83.47	
83.47	
82.74	
82.74	
82.74	
82.74	
82.74	
82.65	
82.65	

Run no: 18
92.66	
92.29	
92.29	
92.29	
88.07	
88.07	
88.07	
86.32	
85.72	
85.67	
84.94	
84.94	
84.94	
84.94	
82.77	
81.85	
81.85	
81.45	
81.45	
81.45	
81.45	
81.45	
81.45	
81.45	
81.45	
81.45	
81.13	
78.29	
78.29	
78.29	
78.09	

Run no: 19
92.4	
92.4	
92.4	
92.4	
91.48	
91.48	
91.48	
89.54	
89.54	
89.54	
87.12	
87.04	
85.22	
85.22	
85.22	
85.05	
84.88	
84.88	
84.78	
84.78	
84.78	
84.78	
84.78	
84.78	
84.29	
84.29	
84.29	
84.03	
84.03	
84.03	
83.96	

Run no: 20
95.25	
95.25	
88.11	
87.64	
87.64	
87.58	
87.58	
87.14	
87.14	
87.14	
87.14	
81.18	
81.18	
81.18	
81.18	
81.18	
81.18	
81.18	
81.18	
80.93	
80.93	
80.93	
80.93	
80.93	
80.86	
80.86	
79.18	
79.18	
79.18	
79.18	
78.93	

Run no: 21
92.34	
92.34	
92.34	
92.34	
88.44	
88.44	
88.44	
88.44	
88.44	
87.99	
87.99	
86.36	
86.36	
86.36	
86.36	
86.36	
86.36	
86.36	
76.2	
76.2	
76.2	
76.2	
76.2	
76.2	
76.2	
76.2	
76.2	
76.2	
76.02	
76.02	
76.02	

Run no: 22
95.56	
95.56	
93.13	
82.93	
82.93	
82.93	
82.86	
82.86	
82.86	
82.86	
82.86	
82.4	
82.4	
82.4	
82.4	
82.4	
82.4	
79.56	
79.56	
79.56	
77.67	
77.67	
77.12	
77.12	
77.12	
77.12	
77.12	
77.12	
77.12	
77.12	
77.12	

Run no: 23
92.73	
92.73	
92.73	
91.63	
91.35	
90.71	
90.71	
90.15	
89.96	
88.98	
88.98	
86.82	
79.63	
79.46	
79.46	
79.46	
78.96	
77.21	
77.21	
77.04	
77.04	
77.04	
76.23	
76.23	
76.23	
76.23	
76.23	
76.23	
76.23	
76.23	
76.23	

Run no: 24
97.68	
97.58	
97.38	
97.38	
95.37	
95.37	
92.91	
92.91	
92.91	
92.91	
92.91	
91.97	
84.27	
84.08	
84.08	
84.08	
83.96	
83.96	
83.96	
83.96	
83.96	
83.96	
83.96	
83.96	
83.81	
76.83	
76.63	
76.36	
76.36	
76.36	
76.36	

Run no: 25
88.92	
85.6	
85.6	
85.6	
85.3	
85.21	
85.21	
84.1	
84.1	
84.08	
83.79	
83.79	
83.79	
83.79	
83.55	
83.55	
83.31	
83.31	
83.31	
83.21	
83.21	
83.19	
81.03	
81.03	
81.03	
81.03	
81.03	
81.03	
81.03	
80.95	
80.95	

Run no: 26
93.14	
93.12	
91.63	
91.63	
91.63	
83.66	
83.64	
83.64	
83.64	
83.24	
83.24	
83.24	
83.24	
83.24	
83.24	
83.24	
83.24	
83.24	
83.24	
82.99	
82.99	
82.95	
82.95	
82.95	
82.95	
82.91	
82.91	
82.91	
82.86	
82.86	
82.86	

Run no: 27
93.87	
93.87	
91.73	
91.73	
91.73	
91.51	
91.44	
90.59	
90.59	
90.59	
83.55	
83.55	
83.55	
83.55	
83.55	
83.55	
83.55	
83.55	
83.43	
83.43	
83.43	
83.43	
83.43	
83.43	
83.26	
83.26	
81.93	
81.93	
80.38	
80.38	
80.31	

Run no: 28
92.43	
89.93	
89.93	
89.93	
89.93	
89.93	
87.78	
87.78	
81.85	
81.85	
80.88	
80.88	
80.88	
80.82	
80.82	
80.26	
80.26	
80.26	
80.26	
80.26	
80.26	
80.26	
80.26	
80.26	
79.37	
79.37	
79.37	
79.37	
79.37	
79.37	
79.37	

Run no: 29
93.75	
93.75	
93.75	
93.73	
93.73	
93.73	
93.04	
91.95	
91.95	
91.95	
90.45	
90.45	
90.45	
81.58	
81.58	
81.51	
81.51	
81.51	
80.46	
80.46	
80.46	
80.35	
80.35	
78.83	
78.83	
78.83	
78.83	
78.83	
78.83	
78.77	
78.77	
