
Run no: 0
0	1	1000.0		467	82.37
1	1	1000.0		71	90.98
2	1	0.0		71	90.98
3	1	0.0		467	82.37
4	1	0.0		71	90.98
5	1	1000.0		71	90.98
6	1	0.54123116		71	90.98
7	1	0.0		71	90.98
8	1	0.0		71	90.98
9	1	0.0		71	90.98
10	1	0.0		71	90.98
11	1	0.0		71	90.98
12	1	0.0		71	90.98
13	1	2.0		73	86.32
14	1	0.0		71	90.98
15	1	0.0		71	90.98
16	1	0.0		71	90.98
17	1	0.0		71	90.98
18	1	0.9949495		467	82.37
19	1	0.0		71	90.98
20	1	0.0		71	90.98
21	1	0.0		71	90.98
22	1	0.0		71	90.98
23	1	0.0		71	90.98
24	1	0.0		71	90.98
25	1	0.0		467	82.37
26	1	0.0		71	90.98
27	1	0.0		71	90.98
28	1	0.0		71	90.98
29	1	0.0		71	90.98
30	1	0.0		71	90.98
31	1	0.0		71	90.98
32	1	0.0		71	90.98
33	1	0.0		71	90.98
34	1	0.0		71	90.98
35	1	0.0		71	90.98
36	1	0.0		71	90.98
37	1	0.0		71	90.98
38	1	0.0		71	90.98
39	1	0.005050505		71	90.98
40	1	1000.45874		467	82.37
41	2	1000.0		224	86.38
42	2	2000.0		79	90.91
43	2	0.9470199		79	90.91
44	2	0.4		224	86.38
45	2	1.236401		80	86.62
46	2	0.0		79	90.91
47	2	0.11034483		166	86.48
48	2	0.0		224	86.38
49	2	0.008830022		120	86.59
50	2	0.12579736		150	86.55
51	2	0.0		120	86.59
52	2	0.21572658		150	86.55
53	2	0.022075055		166	86.48
54	2	0.0		166	86.48
55	2	1000.0221		224	86.38
56	2	0.0		166	86.48
57	2	0.0		120	86.59
58	2	0.0		79	90.91
59	2	0.0		79	90.91
60	2	0.0		79	90.91
61	2	0.0		166	86.48
62	2	0.0		120	86.59
63	2	0.21351908		120	86.59
64	2	0.0		166	86.48
65	2	0.27586207		120	86.59
66	2	0.0		166	86.48
67	2	0.0		120	86.59
68	2	0.0		120	86.59
69	2	0.0		166	86.48
70	2	0.0		79	90.91
71	2	0.0		166	86.48
72	2	0.0		79	90.91
73	2	0.0		120	86.59
74	2	0.0		120	86.59
75	2	0.0		79	90.91
76	2	0.0		79	90.91
77	2	0.0		120	86.59
78	2	0.0068965517		79	90.91
79	2	0.41545254		166	86.48


Run no: 1
0	1	2000.0		5704	80.12
1	1	1000.0009		74	97.74
2	1	1000.0		74	97.74
3	1	0.9316962		3329	83.54
4	1	0.8814086		161	88.8
5	1	0.32473937		86	97.19
6	1	0.323496		89	91.49
7	1	0.23654656		3697	83.45
8	1	0.23143873		5000	80.56
9	1	0.22938228		3697	83.45
10	1	0.16401815		5000	80.56
11	1	0.15001602		5000	80.56
12	1	0.1250444		5704	80.12
13	1	0.06526674		95	89.86
14	1	0.06526674		94	91.01
15	1	0.033345968		79	97.22
16	1	0.029511917		74	97.74
17	1	0.02812987		95	89.86
18	1	0.02724177		94	91.01
19	1	0.02724177		89	91.49
20	1	0.02724177		100	89.38
21	1	0.024971623		5704	80.12
22	1	0.019296255		156	89.14
23	1	0.013620885		100	89.38
24	1	0.013620885		156	89.14
25	1	0.009946714		156	89.14
26	1	0.009946714		100	89.38
27	1	0.0017026106		86	97.19
28	1	8.880995E-4		156	89.14
29	1	8.880995E-4		89	91.49
30	1	8.880995E-4		94	91.01
31	1	8.880995E-4		100	89.38
32	1	5.328597E-4		86	97.19
33	1	5.328597E-4		89	91.49
34	1	1.7761989E-4		94	91.01
35	1	1.7761989E-4		95	89.86
36	1	0.0		74	97.74
37	1	0.0		5704	80.12
38	1	0.0		89	91.49
39	1	0.0		5704	80.12
40	1	0.0		94	91.01
41	1	0.0		100	89.38
42	1	0.0		89	91.49
43	1	0.0		94	91.01
44	1	0.0		5704	80.12
45	1	0.0		156	89.14
46	1	0.0		100	89.38
47	1	0.0		156	89.14
48	1	0.0		86	97.19
49	1	0.0		100	89.38
50	1	0.0		156	89.14
51	1	0.0		74	97.74
52	1	0.0		86	97.19
53	1	0.0		95	89.86
54	1	0.0		74	97.74
55	1	0.0		5704	80.12
56	1	0.0		89	91.49
57	1	0.0		5704	80.12
58	1	0.0		95	89.86
59	1	0.0		94	91.01
60	1	0.0		89	91.49
61	1	0.0		95	89.86
62	1	0.0		100	89.38
63	1	0.0		74	97.74
64	1	0.0		100	89.38
65	1	0.0		89	91.49
66	1	0.0		95	89.86
67	1	0.0		5704	80.12
68	1	0.0		74	97.74
69	1	0.0		95	89.86
70	1	0.0		94	91.01
71	1	0.0		74	97.74
72	1	0.0		95	89.86
73	1	0.0		156	89.14
74	1	0.0		74	97.74
75	1	0.0		94	91.01
76	1	0.0		5704	80.12
77	1	0.0		5704	80.12
78	1	0.0		94	91.01
79	1	0.0		74	97.74


Run no: 2
0	1	2000.0		3769	85.18
1	1	1000.00134		64	94.04
2	1	1000.0		64	94.04
3	1	0.8767991		715	85.41
4	1	0.8502509		3767	85.19
5	1	0.23819834		170	91.01
6	1	0.2268623		336	89.0
7	1	0.17572892		80	92.01
8	1	0.16817155		73	93.5
9	1	0.12035045		352	87.64
10	1	0.11900093		343	88.68
11	1	0.11139574		170	91.01
12	1	0.08084706		363	86.95
13	1	0.08030725		352	87.64
14	1	0.07856627		363	86.95
15	1	0.069389485		548	86.17
16	1	0.06659142		128	91.6
17	1	0.057905704		706	85.88
18	1	0.05643341		537	86.67
19	1	0.05643341		548	86.17
20	1	0.052139595		69	93.59
21	1	0.050790068		64	94.04
22	1	0.05044766		336	89.0
23	1	0.04696356		537	86.67
24	1	0.037786774		688	85.89
25	1	0.03457167		537	86.67
26	1	0.03160271		688	85.89
27	1	0.030743945		337	88.95
28	1	0.03047404		343	88.68
29	1	0.029345373		128	91.6
30	1	0.029345373		118	91.86
31	1	0.027259849		715	85.41
32	1	0.012047352		73	93.5
33	1	0.011336032		128	91.6
34	1	0.0112866815		80	92.01
35	1	0.0112866815		108	91.91
36	1	0.010158014		69	93.59
37	1	0.007557355		108	91.91
38	1	0.007262774		337	88.95
39	1	0.0059869676		688	85.89
40	1	0.0056433408		108	91.91
41	1	0.0056433408		118	91.86
42	1	0.003557818		706	85.88
43	1	0.002968961		548	86.17
44	1	0.0026990552		108	91.91
45	1	0.0026990552		118	91.86
46	1	0.0026990552		128	91.6
47	1	0.0026990552		118	91.86
48	1	0.0024291498		343	88.68
49	1	0.0018893387		80	92.01
50	1	0.0010796222		69	93.59
51	1	0.0010796222		73	93.5
52	1	2.6990555E-4		336	89.0
53	1	0.0		336	89.0
54	1	0.0		352	87.64
55	1	0.0		363	86.95
56	1	0.0		128	91.6
57	1	0.0		548	86.17
58	1	0.0		548	86.17
59	1	0.0		337	88.95
60	1	0.0		343	88.68
61	1	0.0		108	91.91
62	1	0.0		706	85.88
63	1	0.0		336	89.0
64	1	0.0		688	85.89
65	1	0.0		706	85.88
66	1	0.0		73	93.5
67	1	0.0		343	88.68
68	1	0.0		69	93.59
69	1	0.0		64	94.04
70	1	0.0		337	88.95
71	1	0.0		336	89.0
72	1	0.0		64	94.04
73	1	0.0		706	85.88
74	1	0.0		64	94.04
75	1	0.0		343	88.68
76	1	0.0		118	91.86
77	1	0.0		69	93.59
78	1	0.0		80	92.01
79	1	0.0		337	88.95


Run no: 3
0	1	1000.0		72	97.41
1	1	1000.0		5669	81.1
2	1	0.0		72	97.41
3	1	1000.0		5669	81.1
4	1	0.672109		3403	88.58
5	1	0.66010094		683	88.77
6	1	0.35880437		5380	81.34
7	1	0.0		72	97.41
8	1	0.0		82	91.61
9	1	0.11902825		683	88.77
10	1	0.1023399		3836	82.54
11	1	0.039188463		3675	82.71
12	1	0.0		3556	86.18
13	1	0.0		82	91.61
14	1	0.14714898		3556	86.18
15	1	0.35561004		82	91.61
16	1	0.0		3836	82.54
17	1	0.0663497		5429	81.33
18	1	0.0		5669	81.1
19	1	0.28628513		3836	82.54
20	1	0.02126139		3675	82.71
21	1	0.02126139		3556	86.18
22	1	0.027336072		3556	86.18
23	1	0.0		5669	81.1
24	1	0.0		72	97.41
25	1	0.0		72	97.41
26	1	0.0		3675	82.71
27	1	0.10737895		82	91.61
28	1	0.0017866715		82	91.61
29	1	0.042880114		5669	81.1
30	1	0.21275291		3675	82.71
31	1	0.0		5669	81.1
32	1	0.1741263		82	91.61
33	1	0.0		72	97.41
34	1	0.21275291		3556	86.18
35	1	0.35561004		72	97.41
36	1	0.0		82	91.61
37	1	0.0		72	97.41
38	1	0.0		72	97.41
39	1	0.0		72	97.41
40	1	0.0		72	97.41
41	1	0.0		72	97.41
42	1	0.0		72	97.41
43	1	0.0		3675	82.71
44	1	0.0		72	97.41
45	1	0.0		72	97.41
46	1	0.0		72	97.41
47	1	0.0		72	97.41
48	1	0.0		72	97.41
49	1	0.0		72	97.41
50	1	0.0		72	97.41
51	1	0.0		5669	81.1
52	1	0.0		72	97.41
53	1	0.0		5669	81.1
54	1	0.0		72	97.41
55	1	0.0		72	97.41
56	1	0.0		72	97.41
57	1	0.0		72	97.41
58	1	0.0		72	97.41
59	1	0.0		72	97.41
60	1	0.0		72	97.41
61	1	0.0		72	97.41
62	1	0.0		72	97.41
63	1	0.0		72	97.41
64	1	0.0		82	91.61
65	1	0.0		72	97.41
66	1	0.0		72	97.41
67	1	0.0		72	97.41
68	1	0.0		72	97.41
69	1	0.0		72	97.41
70	1	0.0		72	97.41
71	1	0.0		72	97.41
72	1	0.0		72	97.41
73	1	0.0		72	97.41
74	1	0.0		72	97.41
75	1	0.0		72	97.41
76	1	0.0		72	97.41
77	1	0.0		72	97.41
78	1	0.014101778		5669	81.1
79	1	1000.0018		72	97.41


Run no: 4
0	1	1000.21655		5588	75.67
1	1	1000.1565		5588	75.67
2	1	1000.0		56	94.01
3	1	0.0		56	94.01
4	1	0.0010905125		3031	85.95
5	1	0.0		150	85.97
6	1	0.39830893		3864	82.38
7	1	0.37304676		4390	78.54
8	1	0.14481463		3084	85.88
9	1	0.0		62	93.44
10	1	0.0		73	90.14
11	1	0.20042032		3084	85.88
12	1	0.0		4099	81.94
13	1	0.083777264		4195	79.43
14	1	0.13031034		75	89.39
15	1	0.0		79	87.77
16	1	0.083777264		4390	78.54
17	1	0.01735358		4195	79.43
18	1	0.0		115	86.86
19	1	0.0		79	87.77
20	1	0.055945147		115	86.86
21	1	0.048527807		150	85.97
22	1	0.13685933		4099	81.94
23	1	3.615329E-4		73	90.14
24	1	0.13685933		4195	79.43
25	1	0.032164205		60	93.8
26	1	0.042480115		4099	81.94
27	1	3.615329E-4		62	93.44
28	1	0.0		4099	81.94
29	1	0.0		3031	85.95
30	1	0.0		56	94.01
31	1	0.0		115	86.86
32	1	0.0		79	87.77
33	1	0.0		150	85.97
34	1	0.0		73	90.14
35	1	0.0		3031	85.95
36	1	0.52187866		150	85.97
37	1	0.0		79	87.77
38	1	0.0		56	94.01
39	1	0.17993458		62	93.44
40	1	0.0		73	90.14
41	1	1000.0		56	94.01
42	1	0.0		150	85.97
43	1	0.021617657		62	93.44
44	1	0.001988431		73	90.14
45	1	0.0		4099	81.94
46	1	0.049618322		79	87.77
47	1	0.0		73	90.14
48	1	0.0		79	87.77
49	1	0.0		115	86.86
50	1	0.0		115	86.86
51	1	0.0		150	85.97
52	1	0.01735358		4099	81.94
53	1	0.0		56	94.01
54	1	0.0		4099	81.94
55	1	0.0		4099	81.94
56	1	0.0		79	87.77
57	1	0.0065075923		115	86.86
58	1	0.0		150	85.97
59	1	0.5246049		3031	85.95
60	1	0.0		73	90.14
61	1	0.0		150	85.97
62	1	7.230658E-4		79	87.77
63	1	0.0		73	90.14
64	1	0.011450382		56	94.01
65	1	0.006326826		150	85.97
66	1	0.17993458		73	90.14
67	1	0.04089422		73	90.14
68	1	0.0		79	87.77
69	1	0.048527807		115	86.86
70	1	0.0		4099	81.94
71	1	0.0		150	85.97
72	1	0.0095806215		3031	85.95
73	1	0.0		56	94.01
74	1	0.0		73	90.14
75	1	7.230658E-4		56	94.01
76	1	0.0		150	85.97
77	1	0.0		4099	81.94
78	1	0.023991276		4099	81.94
79	1	0.09483911		79	87.77


Run no: 5
0	1	1000.0		4288	80.57
1	1	0.0		4288	80.57
2	1	0.0		3504	83.29
3	1	0.0014241633		350	87.84
4	1	0.43961352		350	87.84
5	1	0.003085687		331	89.54
6	1	0.0		3707	83.0
7	1	0.0		4288	80.57
8	1	0.08792271		344	88.75
9	1	0.0		4288	80.57
10	1	0.0		3707	83.0
11	1	0.7486352		350	87.84
12	1	0.0607643		331	89.54
13	1	0.0		3504	83.29
14	1	0.0		3707	83.0
15	1	0.7486352		3504	83.29
16	1	0.0		3707	83.0
17	1	0.0		4288	80.57
18	1	0.0		4288	80.57
19	1	0.07620351		3707	83.0
20	1	0.2347826		3707	83.0
21	1	0.13790648		4288	80.57
22	1	0.0		3707	83.0
23	1	0.0		4288	80.57
24	1	0.0		3707	83.0
25	1	0.0		3707	83.0
26	1	0.0		3707	83.0
27	1	0.13333334		331	89.54
28	1	0.0		350	87.84
29	1	0.0014241633		344	88.75
30	1	0.028019324		3504	83.29
31	1	0.003085687		344	88.75
32	1	0.0		350	87.84
33	1	0.0		3707	83.0
34	1	0.0		4288	80.57
35	1	0.0		4288	80.57
36	1	0.04818419		3504	83.29
37	1	0.0763285		331	89.54
38	1	0.43961352		3504	83.29
39	1	0.0		3707	83.0
40	1	0.0763285		344	88.75
41	1	0.08792271		350	87.84
42	1	0.0		3707	83.0
43	1	0.0		3707	83.0
44	1	0.0		3504	83.29
45	1	0.0		350	87.84
46	1	2000.0		75	90.92
47	1	0.0		3707	83.0
48	1	0.13790648		3707	83.0
49	1	1000.2348		4288	80.57
50	2	1000.6081		96	91.83
51	2	1000.381		96	91.83
52	2	1000.0		75	92.57
53	2	1000.0		75	92.57
54	2	0.77284425		88	92.28
55	2	0.61904764		88	92.28
56	2	0.61904764		75	92.57
57	2	0.6081081		88	92.28
58	2	0.3918919		75	92.57
59	2	0.0		96	91.83
60	2	0.0		96	91.83
61	2	0.0		75	92.57
62	2	0.0		88	92.28
63	2	0.0		88	92.28
64	2	0.0		75	92.57
65	2	0.0		75	92.57
66	2	0.0		75	92.57
67	2	0.0		75	92.57
68	2	0.0		75	92.57
69	2	0.0		75	92.57
70	2	0.0		75	92.57
71	2	0.0		75	92.57
72	2	0.0		75	92.57
73	2	0.0		75	92.57
74	2	0.0		75	92.57
75	2	0.0		75	92.57
76	2	0.0		75	92.57
77	2	0.0		75	92.57
78	2	0.0		75	92.57
79	2	0.0		75	92.57


Run no: 6
0	1	2000.0		5017	75.3
1	1	1000.0		61	83.63
2	1	0.0		61	83.63
3	1	0.71448576		3608	80.94
4	1	0.024009604		186	81.14
5	1	0.41536614		4034	78.76
6	1	0.29730707		80	83.05
7	1	0.25670436		3807	80.26
8	1	0.02078289		183	81.21
9	1	0.19834544		4034	78.76
10	1	0.0		4034	78.76
11	1	0.09095672		3786	80.69
12	1	0.065928064		3608	80.94
13	1	0.0		72	83.5
14	1	0.0		4034	78.76
15	1	0.03082928		3797	80.5
16	1	0.025028655		3797	80.5
17	1	0.0		186	81.14
18	1	0.0		183	81.21
19	1	0.01421416		62	83.58
20	1	0.008413535		66	83.52
21	1	0.0		183	81.21
22	1	0.0		61	83.63
23	1	0.0032080628		66	83.52
24	1	0.0		72	83.5
25	1	0.0		72	83.5
26	1	6.053269E-4		186	81.14
27	1	0.0		61	83.63
28	1	1000.0		61	83.63
29	1	0.008403362		186	81.14
30	1	0.0		4034	78.76
31	1	0.0		183	81.21
32	1	0.0		72	83.5
33	1	0.0		186	81.14
34	1	0.0		183	81.21
35	1	0.0		72	83.5
36	1	0.008403362		183	81.21
37	1	0.0		72	83.5
38	1	0.0		61	83.63
39	1	0.0		72	83.5
40	1	0.0		61	83.63
41	1	0.6904762		186	81.14
42	1	0.0		61	83.63
43	1	0.0		4034	78.76
44	1	0.0		183	81.21
45	1	0.0		72	83.5
46	1	0.0		186	81.14
47	1	0.0		72	83.5
48	1	0.006002401		61	83.63
49	1	0.0		72	83.5
50	1	0.0		61	83.63
51	1	0.045803066		4034	78.76
52	1	0.0012106538		72	83.5
53	1	0.0		183	81.21
54	1	0.054021608		72	83.5
55	1	0.0		72	83.5
56	1	0.0		61	83.63
57	1	0.0		61	83.63
58	1	0.0		183	81.21
59	1	0.0		183	81.21
60	1	6.053269E-4		183	81.21
61	1	0.0		61	83.63
62	1	0.0		183	81.21
63	1	0.0		61	83.63
64	1	0.0		183	81.21
65	1	0.0		61	83.63
66	1	0.0		61	83.63
67	1	0.0		183	81.21
68	1	0.0		61	83.63
69	1	0.0		183	81.21
70	1	0.0		183	81.21
71	1	0.0		72	83.5
72	1	0.0		72	83.5
73	1	0.0		61	83.63
74	1	0.0		61	83.63
75	1	0.0		183	81.21
76	1	0.18007202		4034	78.76
77	1	2.0177562E-4		61	83.63
78	1	0.22088836		183	81.21
79	1	0.0040151654		72	83.5


Run no: 7
0	1	2000.0		4013	83.19
1	1	1000.0005		67	91.57
2	1	1000.0		67	91.57
3	1	0.7512747		587	88.54
4	1	0.67967564		3269	87.94
5	1	0.4852798		3619	84.3
6	1	0.46043485		3417	87.6
7	1	0.24304543		81	90.26
8	1	0.23230618		3980	83.35
9	1	0.19610263		132	88.94
10	1	0.16455624		3619	84.3
11	1	0.16303934		587	88.54
12	1	0.14523514		91	89.13
13	1	0.102625296		69	91.12
14	1	0.07807913		3389	87.67
15	1	0.071599044		3269	87.94
16	1	0.06263012		3269	87.94
17	1	0.053699285		67	91.57
18	1	0.053699285		69	91.12
19	1	0.025207242		91	89.13
20	1	0.01909308		4013	83.19
21	1	0.0083629		4013	83.19
22	1	0.0030410541		69	91.12
23	1	5.068424E-4		69	91.12
24	1	0.0		67	91.57
25	1	0.0		4013	83.19
26	1	0.0		3269	87.94
27	1	0.0		91	89.13
28	1	0.0		67	91.57
29	1	0.0		67	91.57
30	1	0.0		67	91.57
31	1	0.0		67	91.57
32	1	0.0		67	91.57
33	1	0.0		67	91.57
34	1	0.0		67	91.57
35	1	0.0		67	91.57
36	1	0.0		67	91.57
37	1	0.0		67	91.57
38	1	0.0		67	91.57
39	1	0.0		67	91.57
40	1	0.0		67	91.57
41	1	0.0		67	91.57
42	1	0.0		67	91.57
43	1	0.0		67	91.57
44	1	0.0		67	91.57
45	1	0.0		67	91.57
46	1	0.0		67	91.57
47	1	0.0		67	91.57
48	1	0.0		67	91.57
49	1	0.0		67	91.57
50	1	0.0		67	91.57
51	1	0.0		67	91.57
52	1	0.0		67	91.57
53	1	0.0		67	91.57
54	1	0.0		67	91.57
55	1	0.0		67	91.57
56	1	0.0		67	91.57
57	1	0.0		67	91.57
58	1	0.0		67	91.57
59	1	0.0		67	91.57
60	1	0.0		67	91.57
61	1	0.0		67	91.57
62	1	0.0		67	91.57
63	1	0.0		67	91.57
64	1	0.0		67	91.57
65	1	0.0		67	91.57
66	1	0.0		67	91.57
67	1	0.0		67	91.57
68	1	0.0		67	91.57
69	1	0.0		67	91.57
70	1	0.0		67	91.57
71	1	0.0		67	91.57
72	1	0.0		67	91.57
73	1	0.0		67	91.57
74	1	0.0		67	91.57
75	1	0.0		67	91.57
76	1	0.0		67	91.57
77	1	0.0		67	91.57
78	1	0.0		67	91.57
79	1	0.0		67	91.57


Run no: 8
0	1	1000.3039		4247	82.44
1	1	1000.0		84	105.18
2	1	0.0		4247	82.44
3	1	0.012313104		84	105.18
4	1	0.54377127		373	90.07
5	1	0.31285387		2551	89.88
6	1	9.6084556E-4		90	104.9
7	1	9.6084556E-4		94	97.71
8	1	0.008355321		2551	89.88
9	1	1000.11786		4247	82.44
10	1	0.0		2551	89.88
11	1	0.006282362		119	97.45
12	1	0.0		136	95.63
13	1	0.07376423		141	94.31
14	1	0.0021987688		351	91.08
15	1	0.062005278		347	92.6
16	1	0.104762904		169	94.01
17	1	0.06684257		347	92.6
18	1	0.0040835934		136	95.63
19	1	0.0054028546		169	94.01
20	1	9.6084556E-4		347	92.6
21	1	0.031906284		366	90.31
22	1	0.013192612		361	90.73
23	1	0.0039615864		152	94.04
24	1	0.0014412684		90	104.9
25	1	0.0012010569		361	90.73
26	1	0.0021987688		359	91.03
27	1	1000.0		84	105.18
28	1	0.009478843		107	97.5
29	1	0.0		2551	89.88
30	1	0.0		98	97.65
31	1	0.0040835934		152	94.04
32	1	0.08291772		119	97.45
33	1	9.6084556E-4		98	97.65
34	1	0.004360671		107	97.5
35	1	0.08003518		136	95.63
36	1	0.31618294		94	97.71
37	1	4.8042278E-4		359	91.03
38	1	0.0019216911		351	91.08
39	1	0.0		359	91.03
40	1	0.058047492		136	95.63
41	1	0.018469658		361	90.73
42	1	0.042757627		347	92.6
43	1	0.0026385225		98	97.65
44	1	0.06684257		351	91.08
45	1	0.0		94	97.71
46	1	0.0		94	97.71
47	1	0.013192612		359	91.03
48	1	0.0		84	105.18
49	1	0.012313104		90	104.9
50	1	0.0		94	97.71
51	1	0.5231804		2551	89.88
52	1	0.0		136	95.63
53	1	0.0118733505		152	94.04
54	1	4.8042278E-4		361	90.73
55	1	0.0019216911		359	91.03
56	1	0.0012010569		136	95.63
57	1	0.0026385225		94	97.71
58	1	0.0		351	91.08
59	1	0.008758209		98	97.65
60	1	9.6084556E-4		351	91.08
61	1	0.0		359	91.03
62	1	0.31618294		90	104.9
63	1	0.0014412684		84	105.18
64	1	0.0		94	97.71
65	1	9.6084556E-4		94	97.71
66	1	0.73457533		2982	85.12
67	2	1000.2134		3486	87.26
68	2	1000.0541		4189	85.41
69	2	1000.0		3486	87.26
70	2	1000.0		4189	85.41
71	2	1.6372689		3636	85.91
72	2	0.7297297		3486	87.26
73	2	0.69416785		3972	85.51
74	2	0.3086771		4189	85.41
75	2	0.3086771		3972	85.51
76	2	0.054054055		3972	85.51
77	2	0.0		3972	85.51
78	2	0.0		4189	85.41
79	2	0.0		3972	85.51


Run no: 9
0	1	2000.0		3663	80.31
1	1	2000.0		64	99.2
2	1	0.0		64	99.2
3	1	0.81308544		3360	80.57
4	1	0.0		468	85.35
5	1	0.25304395		468	85.35
6	1	0.24512956		73	92.4
7	1	0.24512956		69	97.02
8	1	0.16301231		136	87.47
9	1	0.09795395		3592	80.39
10	1	5.5570994E-4		67	98.75
11	1	0.0		69	97.02
12	1	0.0		459	86.32
13	1	0.06446235		3360	80.57
14	1	0.0		459	86.32
15	1	0.0		459	86.32
16	1	0.80355656		468	85.35
17	1	0.24568526		73	92.4
18	1	0.0		64	99.2
19	1	8.335649E-4		67	98.75
20	1	0.0		120	87.62
21	1	0.25304395		3360	80.57
22	1	0.0044456795		120	87.62
23	1	0.0		73	92.4
24	1	0.00794071		120	87.62
25	1	0.053850614		459	86.32
26	1	0.0		468	85.35
27	1	0.0011114199		69	97.02
28	1	0.0		120	87.62
29	1	0.023822129		67	98.75
30	1	0.0		64	99.2
31	1	0.0		69	97.02
32	1	0.0025006947		468	85.35
33	1	0.05134992		468	85.35
34	1	0.0		459	86.32
35	1	0.012503473		120	87.62
36	1	0.09158285		69	97.02
37	1	0.0		120	87.62
38	1	0.15062593		459	86.32
39	1	0.0		64	99.2
40	1	0.0		67	98.75
41	1	0.0		69	97.02
42	1	0.09158285		67	98.75
43	1	0.023822129		64	99.2
44	1	0.0		69	97.02
45	1	0.0		67	98.75
46	1	8.335649E-4		64	99.2
47	1	0.0		120	87.62
48	1	0.00847009		120	87.62
49	1	0.26610312		75	87.78
50	2	1000.4167		89	91.46
51	2	1000.0		117	87.86
52	2	1000.0		89	91.46
53	2	1000.0		117	87.86
54	2	0.7380952		98	89.96
55	2	0.53571427		108	88.77
56	2	0.40198413		98	89.96
57	2	0.32142857		107	89.67
58	2	0.32142857		89	91.46
59	2	0.28849208		116	87.87
60	2	0.2857143		108	88.77
61	2	0.25		107	89.67
62	2	0.25		116	87.87
63	2	0.08055556		107	89.67
64	2	0.035714287		107	89.67
65	2	0.035714287		117	87.86
66	2	0.035714287		116	87.87
67	2	0.0027777778		117	87.86
68	2	0.0		98	89.96
69	2	0.0		89	91.46
70	2	0.0		98	89.96
71	2	0.0		89	91.46
72	2	0.0		98	89.96
73	2	0.0		116	87.87
74	2	0.0		117	87.86
75	2	0.0		98	89.96
76	2	0.0		89	91.46
77	2	0.0		117	87.86
78	2	0.0		98	89.96
79	2	0.0		116	87.87


Run no: 10
0	1	2000.0		3409	81.25
1	1	1000.0		65	101.7
2	1	1000.0		65	101.7
3	1	0.98444974		117	88.62
4	1	0.430237		68	92.92
5	1	0.42933986		65	101.7
6	1	0.3603912		117	88.62
7	1	0.10641532		79	92.06
8	1	0.09715258		93	90.46
9	1	0.08997555		117	88.62
10	1	0.08242621		93	90.46
11	1	0.022493888		74	92.52
12	1	0.021354161		68	92.92
13	1	0.019559903		74	92.52
14	1	0.0071770335		117	88.62
15	1	0.0017942584		74	92.52
16	1	0.0014952153		74	92.52
17	1	8.971292E-4		65	101.7
18	1	0.0		65	101.7
19	1	0.0		65	101.7
20	1	0.0		68	92.92
21	1	0.0		117	88.62
22	1	0.0		117	88.62
23	1	0.0		74	92.52
24	1	0.0		68	92.92
25	1	0.0		68	92.92
26	1	0.0		68	92.92
27	1	0.0		93	90.46
28	1	0.0		117	88.62
29	1	0.0		74	92.52
30	1	0.0		68	92.92
31	1	0.0		65	101.7
32	1	0.0		74	92.52
33	1	0.0		68	92.92
34	1	0.0		117	88.62
35	1	0.0		74	92.52
36	1	0.0		74	92.52
37	1	0.0		74	92.52
38	1	0.0		74	92.52
39	1	0.0		74	92.52
40	1	0.0		74	92.52
41	1	0.0		74	92.52
42	1	0.0		74	92.52
43	1	0.0		74	92.52
44	1	0.0		74	92.52
45	1	0.0		74	92.52
46	1	0.0		74	92.52
47	1	0.0		74	92.52
48	1	0.0		74	92.52
49	1	0.0		74	92.52
50	1	0.0		74	92.52
51	1	0.0		74	92.52
52	1	0.0		74	92.52
53	1	0.0		74	92.52
54	1	0.0		74	92.52
55	1	0.0		74	92.52
56	1	0.0		74	92.52
57	1	0.0		74	92.52
58	1	0.0		74	92.52
59	1	0.0		74	92.52
60	1	0.0		74	92.52
61	1	0.0		74	92.52
62	1	0.0		74	92.52
63	1	0.0		74	92.52
64	1	0.0		74	92.52
65	1	0.0		74	92.52
66	1	0.0		74	92.52
67	1	0.0		74	92.52
68	1	0.0		74	92.52
69	1	0.0		74	92.52
70	1	0.0		74	92.52
71	1	0.0		74	92.52
72	1	0.0		74	92.52
73	1	0.0		74	92.52
74	1	0.0		74	92.52
75	1	0.0		74	92.52
76	1	0.0		74	92.52
77	1	0.0		74	92.52
78	1	0.0		74	92.52
79	1	0.0		74	92.52


Run no: 11
0	1	2000.0		5040	77.57
1	1	1000.0		75	93.64
2	1	0.0		75	93.64
3	1	0.72664946		2517	80.08
4	1	0.0		235	84.2
5	1	0.018529708		2631	79.93
6	1	0.0		5017	77.87
7	1	0.423771		87	93.35
8	1	0.026135657		92	86.54
9	1	0.6087531		2631	79.93
10	1	0.016765397		5017	77.87
11	1	0.0		93	86.12
12	1	0.06720597		99	85.04
13	1	0.026337067		100	84.62
14	1	0.0		235	84.2
15	1	0.0		93	86.12
16	1	0.0		99	85.04
17	1	0.423771		92	86.54
18	1	0.0		100	84.62
19	1	0.25637835		235	84.2
20	1	0.0		100	84.62
21	1	0.020462967		83	93.49
22	1	0.0		2539	79.98
23	1	0.48056394		5017	77.87
24	1	0.0065353555		5023	77.62
25	1	0.024752483		2539	79.98
26	1	0.0		75	93.64
27	1	0.009517525		87	93.35
28	1	0.0		5023	77.62
29	1	0.0		2631	79.93
30	1	0.007542405		2539	79.98
31	1	0.0		5023	77.62
32	1	0.0		75	93.64
33	1	0.0		5023	77.62
34	1	0.068414435		93	86.12
35	1	0.12818918		5017	77.87
36	1	0.0		99	85.04
37	1	0.0		92	86.54
38	1	0.0010070493		87	93.35
39	1	0.0		99	85.04
40	1	0.026135657		100	84.62
41	1	0.0		75	93.64
42	1	0.027190333		235	84.2
43	1	0.0		92	86.54
44	1	0.0		235	84.2
45	1	0.0		2631	79.93
46	1	0.0		93	86.12
47	1	0.0		99	85.04
48	1	0.0		100	84.62
49	1	0.0		235	84.2
50	1	0.026337067		99	85.04
51	1	0.0		235	84.2
52	1	0.0		87	93.35
53	1	1000.0		75	93.64
54	1	0.0		5023	77.62
55	1	0.0		5023	77.62
56	1	0.0		75	93.64
57	1	0.0		99	85.04
58	1	0.0010070493		92	86.54
59	1	0.0		92	86.54
60	1	0.0		93	86.12
61	1	0.0012084593		99	85.04
62	1	0.0		100	84.62
63	1	0.0		75	93.64
64	1	0.0		5017	77.87
65	1	0.0		2631	79.93
66	1	0.0		235	84.2
67	1	0.027190333		100	84.62
68	1	0.026337067		93	86.12
69	1	0.009334163		75	93.64
70	1	0.0		5023	77.62
71	1	0.0		75	93.64
72	1	0.016765397		5023	77.62
73	1	0.0		99	85.04
74	1	0.0		92	86.54
75	1	0.001611279		75	93.64
76	1	0.0031113876		2631	79.93
77	1	0.0		235	84.2
78	1	2.0140987E-4		92	86.54
79	1	0.48575297		235	84.2


Run no: 12
0	1	2000.0		134	84.82
1	1	1000.0615		69	92.01
2	1	1000.0		69	92.01
3	1	0.90125173		69	92.01
4	1	0.90125173		73	85.53
5	1	0.44311544		111	85.23
6	1	0.4		85	85.26
7	1	0.18878785		111	85.23
8	1	0.18461539		123	84.92
9	1	0.16923077		123	84.92
10	1	0.13846155		76	85.43
11	1	0.13846155		85	85.26
12	1	0.06153846		73	85.53
13	1	0.046153847		76	85.43
14	1	0.046153847		73	85.53
15	1	0.043115437		123	84.92
16	1	0.02364395		85	85.26
17	1	0.02364395		76	85.43
18	1	0.013908206		123	84.92
19	1	0.013908206		76	85.43
20	1	0.013908206		73	85.53
21	1	0.0041724616		85	85.26
22	1	0.0		69	92.01
23	1	0.0		73	85.53
24	1	0.0		123	84.92
25	1	0.0		73	85.53
26	1	0.0		69	92.01
27	1	0.0		76	85.43
28	1	0.0		73	85.53
29	1	0.0		123	84.92
30	1	0.0		73	85.53
31	1	0.0		76	85.43
32	1	0.0		85	85.26
33	1	0.0		69	92.01
34	1	0.0		85	85.26
35	1	0.0		123	84.92
36	1	0.0		85	85.26
37	1	0.0		69	92.01
38	1	0.0		123	84.92
39	1	0.0		85	85.26
40	1	0.0		123	84.92
41	1	0.0		76	85.43
42	1	0.0		73	85.53
43	1	0.0		85	85.26
44	1	0.0		123	84.92
45	1	0.0		69	92.01
46	1	0.0		73	85.53
47	1	0.0		69	92.01
48	1	0.0		73	85.53
49	1	0.0		123	84.92
50	1	0.0		73	85.53
51	1	0.0		69	92.01
52	1	0.0		123	84.92
53	1	0.0		69	92.01
54	1	0.0		123	84.92
55	1	0.0		85	85.26
56	1	0.0		85	85.26
57	1	0.0		73	85.53
58	1	0.0		123	84.92
59	1	0.0		73	85.53
60	1	0.0		69	92.01
61	1	0.0		85	85.26
62	1	0.0		123	84.92
63	1	0.0		73	85.53
64	1	0.0		69	92.01
65	1	0.0		85	85.26
66	1	0.0		73	85.53
67	1	0.0		69	92.01
68	1	0.0		73	85.53
69	1	0.0		73	85.53
70	1	0.0		69	92.01
71	1	0.0		85	85.26
72	1	0.0		85	85.26
73	1	0.0		69	92.01
74	1	0.0		73	85.53
75	1	0.0		73	85.53
76	1	0.0		69	92.01
77	1	0.0		73	85.53
78	1	0.0		73	85.53
79	1	0.0		69	92.01


Run no: 13
0	1	1000.0		396	85.19
1	1	1000.0		396	85.19
2	1	1000.0		69	99.65
3	1	1000.0		69	99.65
4	1	0.9190871		75	99.25
5	1	0.0		69	99.65
6	1	0.0		75	99.25
7	1	0.042953037		75	99.25
8	1	0.0		69	99.65
9	1	0.0		396	85.19
10	1	0.0		69	99.65
11	1	0.0		75	99.25
12	1	0.027662518		69	99.65
13	1	0.018348623		75	99.25
14	1	1.0196112		396	85.19
15	1	0.0		75	99.25
16	1	0.0		69	99.65
17	1	0.0		75	99.25
18	1	0.0		69	99.65
19	1	0.0		69	99.65
20	1	0.018348623		69	99.65
21	1	1.9539888		80	85.96
22	2	1000.10187		390	86.06
23	2	1000.0395		86	96.86
24	2	1000.0066		390	86.06
25	2	1000.0		86	96.86
26	2	0.8881579		112	93.26
27	2	0.8881579		382	87.56
28	2	0.5376462		112	93.26
29	2	0.5277778		382	87.56
30	2	0.14361599		109	94.74
31	2	0.13703704		112	93.26
32	2	0.10185185		388	87.16
33	2	0.08806043		107	95.26
34	2	0.08148148		98	96.14
35	2	0.06666667		86	96.86
36	2	0.06666667		98	96.14
37	2	0.048148148		109	94.74
38	2	0.048148148		107	95.26
39	2	0.039473683		98	96.14
40	2	0.037037037		382	87.56
41	2	0.037037037		388	87.16
42	2	0.029605264		98	96.14
43	2	0.029605264		107	95.26
44	2	0.019736841		388	87.16
45	2	0.019736841		382	87.56
46	2	0.009868421		109	94.74
47	2	0.0065789474		388	87.16
48	2	0.0		382	87.56
49	2	0.0		382	87.56
50	2	0.0		107	95.26
51	2	0.0		86	96.86
52	2	0.0		86	96.86
53	2	0.0		382	87.56
54	2	0.0		107	95.26
55	2	0.0		388	87.16
56	2	0.0		382	87.56
57	2	0.0		107	95.26
58	2	0.0		388	87.16
59	2	0.0		86	96.86
60	2	0.0		107	95.26
61	2	0.0		86	96.86
62	2	0.0		86	96.86
63	2	0.0		107	95.26
64	2	0.0		86	96.86
65	2	0.0		388	87.16
66	2	0.0		382	87.56
67	2	0.0		382	87.56
68	2	0.0		86	96.86
69	2	0.0		107	95.26
70	2	0.0		388	87.16
71	2	0.0		107	95.26
72	2	0.0		86	96.86
73	2	0.0		86	96.86
74	2	0.0		107	95.26
75	2	0.0		388	87.16
76	2	0.0		388	87.16
77	2	0.0		107	95.26
78	2	0.0		86	96.86
79	2	0.0		107	95.26


Run no: 14
0	1	1000.0865		4881	84.26
1	1	1000.02045		71	108.73
2	1	0.0		71	108.73
3	1	0.0		4881	84.26
4	1	0.048222315		519	86.06
5	1	0.0		4465	84.88
6	1	4.1580043E-4		73	108.23
7	1	0.0		75	92.16
8	1	0.06361746		79	90.66
9	1	0.0		4465	84.88
10	1	0.057212915		385	89.26
11	1	0.06129955		75	92.16
12	1	4.1580043E-4		395	88.78
13	1	4.1580043E-4		397	87.36
14	1	0.0		385	89.26
15	1	0.057212915		79	90.66
16	1	0.0		397	87.36
17	1	0.0		519	86.06
18	1	0.025337148		4465	84.88
19	1	0.0		519	86.06
20	1	0.0		519	86.06
21	1	0.0		397	87.36
22	1	0.0		4465	84.88
23	1	0.0		4881	84.26
24	1	0.0		71	108.73
25	1	0.0		73	108.23
26	1	0.0		393	88.86
27	1	0.0016632017		385	89.26
28	1	0.0		393	88.86
29	1	0.05803024		395	88.78
30	1	0.0		385	89.26
31	1	4.1580043E-4		393	88.86
32	1	0.0		79	90.66
33	1	8.3160086E-4		75	92.16
34	1	0.6571383		75	92.16
35	1	0.053126276		397	87.36
36	1	0.004932511		393	88.86
37	1	0.0		73	108.23
38	1	0.0		73	108.23
39	1	0.0		395	88.78
40	1	0.0		71	108.73
41	1	0.08648649		4465	84.88
42	1	0.0		519	86.06
43	1	1000.0253		4881	84.26
44	1	0.016346546		385	89.26
45	1	0.06129955		79	90.66
46	1	0.0		395	88.78
47	1	0.0		397	87.36
48	1	0.06361746		385	89.26
49	1	0.083394065		397	87.36
50	1	0.0		519	86.06
51	1	0.8203742		519	86.06
52	1	0.025363825		519	86.06
53	1	0.0		71	108.73
54	1	0.65672255		73	108.23
55	1	0.0		393	88.86
56	1	4.1580043E-4		395	88.78
57	1	0.0		385	89.26
58	1	8.3160086E-4		79	90.66
59	1	0.0		73	108.23
60	1	0.0		75	92.16
61	1	0.0		393	88.86
62	1	0.0		73	108.23
63	1	0.0		395	88.78
64	1	0.0		71	108.73
65	1	0.0		519	86.06
66	1	0.0		75	92.16
67	1	0.0		73	108.23
68	1	0.8685965		4465	84.88
69	1	0.0		395	88.78
70	1	0.0		385	89.26
71	1	0.053126276		519	86.06
72	1	1000.0004		71	108.73
73	1	0.0		385	89.26
74	1	0.0032693094		395	88.78
75	1	0.0		385	89.26
76	1	0.0		393	88.86
77	1	0.016346546		393	88.86
78	1	0.0		73	108.23
79	1	0.020848984		73	108.23


Run no: 15
0	1	2000.0		415	80.21
1	1	2000.0		63	96.06
2	1	0.8105642		395	85.46
3	1	0.75125825		133	85.57
4	1	0.399387		66	95.81
5	1	0.35520506		73	90.18
6	1	0.19495627		84	89.55
7	1	0.18927445		86	86.55
8	1	0.17855607		411	82.86
9	1	0.08360518		404	84.11
10	1	0.071927875		402	84.41
11	1	0.07132564		94	86.35
12	1	0.06910847		120	86.08
13	1	0.05491827		120	86.08
14	1	0.053025525		104	86.23
15	1	0.050473187		407	83.31
16	1	0.039754804		411	82.86
17	1	0.038813807		402	84.41
18	1	0.036931816		133	85.57
19	1	0.03534557		86	86.55
20	1	0.03533123		84	89.55
21	1	0.03533123		82	90.11
22	1	0.032176655		133	85.57
23	1	0.028409092		104	86.23
24	1	0.028391168		407	83.31
25	1	0.019886363		395	85.46
26	1	0.019886363		73	90.18
27	1	0.01609729		76	90.15
28	1	0.01577287		63	96.06
29	1	0.014204546		81	90.14
30	1	0.011363637		407	83.31
31	1	0.010415472		73	90.18
32	1	0.009463723		104	86.23
33	1	0.0085227275		407	83.31
34	1	0.0085227275		76	90.15
35	1	0.0085227275		63	96.06
36	1	0.006940063		395	85.46
37	1	0.0056818184		84	89.55
38	1	0.0056818184		86	86.55
39	1	0.0056818184		82	90.11
40	1	0.003471824		81	90.14
41	1	0.0028409092		82	90.11
42	1	0.0018927444		81	90.14
43	1	0.0018927444		82	90.11
44	1	6.309148E-4		76	90.15
45	1	0.0		63	96.06
46	1	0.0		133	85.57
47	1	0.0		84	89.55
48	1	0.0		402	84.41
49	1	0.0		395	85.46
50	1	0.0		407	83.31
51	1	0.0		120	86.08
52	1	0.0		104	86.23
53	1	0.0		82	90.11
54	1	0.0		120	86.08
55	1	0.0		411	82.86
56	1	0.0		402	84.41
57	1	0.0		81	90.14
58	1	0.0		411	82.86
59	1	0.0		76	90.15
60	1	0.0		73	90.18
61	1	0.0		104	86.23
62	1	0.0		402	84.41
63	1	0.0		82	90.11
64	1	0.0		84	89.55
65	1	0.0		81	90.14
66	1	0.0		73	90.18
67	1	0.0		395	85.46
68	1	0.0		86	86.55
69	1	0.0		411	82.86
70	1	0.0		407	83.31
71	1	0.0		402	84.41
72	1	0.0		76	90.15
73	1	0.0		407	83.31
74	1	0.0		120	86.08
75	1	0.0		104	86.23
76	1	0.0		395	85.46
77	1	0.0		84	89.55
78	1	0.0		81	90.14
79	1	0.0		73	90.18


Run no: 16
0	1	2000.0		415	86.94
1	1	1000.0		76	100.84
2	1	0.7151079		76	100.84
3	1	1.056616		89	90.79
4	1	1.0221536		406	89.58
5	1	0.0		76	100.84
6	1	0.0		80	90.9
7	1	0.101224504		408	88.88
8	1	0.09143906		415	86.94
9	1	0.08848921		414	88.17
10	1	0.068778254		413	88.46
11	1	0.0		406	89.58
12	1	0.007913669		80	90.9
13	1	0.0		414	88.17
14	1	0.0		80	90.9
15	1	0.0		76	100.84
16	1	0.0		80	90.9
17	1	0.056259416		406	89.58
18	1	0.0		414	88.17
19	1	0.0		80	90.9
20	1	0.0		76	100.84
21	1	0.0		406	89.58
22	1	0.0029498525		414	88.17
23	1	0.7151079		80	90.9
24	1	0.0		76	100.84
25	1	0.0		414	88.17
26	1	0.0		414	88.17
27	1	0.0		76	100.84
28	1	0.0		76	100.84
29	1	0.026548672		80	90.9
30	1	0.0		414	88.17
31	1	0.01179941		80	90.9
32	1	0.0		414	88.17
33	1	0.0		414	88.17
34	1	0.0		76	100.84
35	1	0.0		414	88.17
36	1	0.0		414	88.17
37	1	0.0		76	100.84
38	1	0.0		414	88.17
39	1	0.0		76	100.84
40	1	0.0		414	88.17
41	1	0.0		414	88.17
42	1	0.0		414	88.17
43	1	0.0		76	100.84
44	1	0.0029498525		414	88.17
45	1	0.0		414	88.17
46	1	0.0		76	100.84
47	1	0.0		414	88.17
48	1	0.0		414	88.17
49	1	0.0		76	100.84
50	1	0.0		76	100.84
51	1	0.0		414	88.17
52	1	0.0		414	88.17
53	1	0.0		76	100.84
54	1	0.0		414	88.17
55	1	0.0		414	88.17
56	1	0.0		414	88.17
57	1	0.0		414	88.17
58	1	0.0		80	90.9
59	1	0.0		80	90.9
60	1	0.0		414	88.17
61	1	0.0		76	100.84
62	1	0.0		414	88.17
63	1	0.0		414	88.17
64	1	0.0		80	90.9
65	1	0.0		80	90.9
66	1	0.0		414	88.17
67	1	0.0		76	100.84
68	1	0.0		76	100.84
69	1	0.0		414	88.17
70	1	0.0		414	88.17
71	1	0.0		76	100.84
72	1	0.0		414	88.17
73	1	0.0		76	100.84
74	1	0.0		414	88.17
75	1	0.0		414	88.17
76	1	0.0		414	88.17
77	1	0.0		76	100.84
78	1	0.02086331		414	88.17
79	1	1000.0118		76	100.84


Run no: 17
0	1	1000.0		4877	79.11
1	1	1000.0		74	91.8
2	1	0.0		74	91.8
3	1	0.0020820322		4877	79.11
4	1	0.5692945		84	87.89
5	1	0.5595518		4857	79.36
6	1	0.0		2656	83.15
7	1	0.0045647197		98	84.21
8	1	0.0		2698	80.72
9	1	0.0		74	91.8
10	1	0.0		87	84.61
11	1	0.19279912		2670	82.92
12	1	0.0		2698	80.72
13	1	0.0		2698	80.72
14	1	0.61611414		98	84.21
15	1	0.007434774		2656	83.15
16	1	0.03381112		95	84.26
17	1	0.0		87	84.61
18	1	0.01891253		4867	79.35
19	1	1000.0189		4877	79.11
20	1	0.0		2669	83.09
21	1	0.107171		2698	80.72
22	1	0.0		2669	83.09
23	1	0.61611414		2656	83.15
24	1	0.013396375		2669	83.09
25	1	0.0020820322		4867	79.35
26	1	0.0		74	91.8
27	1	0.0		4867	79.35
28	1	0.0		87	84.61
29	1	0.0047281324		2669	83.09
30	1	0.0		74	91.8
31	1	0.0028700542		4867	79.35
32	1	0.0		2698	80.72
33	1	0.0		74	91.8
34	1	0.0		87	84.61
35	1	0.0		2698	80.72
36	1	0.0		2698	80.72
37	1	0.0		87	84.61
38	1	0.0		2698	80.72
39	1	2.082032E-4		2669	83.09
40	1	0.0		2669	83.09
41	1	0.0		2669	83.09
42	1	0.0		74	91.8
43	1	0.0		87	84.61
44	1	0.0		74	91.8
45	1	0.027580772		87	84.61
46	1	1000.0		74	91.8
47	1	0.44951072		2698	80.72
48	1	0.0058296896		2698	80.72
49	1	0.0027066418		2669	83.09
50	1	0.0		2669	83.09
51	1	0.0		87	84.61
52	1	0.0		74	91.8
53	1	0.0		87	84.61
54	1	0.0		74	91.8
55	1	0.0		2669	83.09
56	1	6.2460965E-4		87	84.61
57	1	0.0		74	91.8
58	1	0.0		74	91.8
59	1	0.0		87	84.61
60	1	0.3081166		74	91.8
61	1	0.0		87	84.61
62	1	0.0		74	91.8
63	1	0.0		87	84.61
64	1	0.0		87	84.61
65	1	0.0		74	91.8
66	1	0.17336485		2698	80.72
67	1	0.0		87	84.61
68	1	0.0		74	91.8
69	1	0.0		87	84.61
70	1	0.0		87	84.61
71	1	0.0		87	84.61
72	1	0.0		87	84.61
73	1	0.0		74	91.8
74	1	0.0		74	91.8
75	1	0.0020820322		74	91.8
76	1	0.0		87	84.61
77	1	0.0		87	84.61
78	1	0.0		87	84.61
79	1	0.26013687		87	84.61


Run no: 18
0	1	2000.0		2913	83.79
1	1	2000.0		75	104.27
2	1	0.0		75	104.27
3	1	0.0		2817	85.53
4	1	0.9761406		116	85.57
5	1	0.0		84	87.92
6	1	0.0		80	96.35
7	1	0.0010570824		77	101.82
8	1	0.0		80	96.35
9	1	0.0		77	101.82
10	1	0.119628906		75	104.27
11	1	0.094434075		2868	83.94
12	1	0.06803213		100	86.97
13	1	0.01265987		2839	85.19
14	1	0.024414062		103	86.07
15	1	0.0010570824		103	86.07
16	1	0.001953125		116	85.57
17	1	0.015856236		2913	83.79
18	1	0.0		87	87.89
19	1	0.025496265		97	87.42
20	1	0.022949219		97	87.42
21	1	0.0		2833	85.24
22	1	0.95172656		2817	85.53
23	1	0.06314932		2839	85.19
24	1	0.0		116	85.57
25	1	0.008079179		2833	85.24
26	1	0.0		2817	85.53
27	1	0.043945312		103	86.07
28	1	0.0		97	87.42
29	1	0.0		87	87.89
30	1	0.0		2833	85.24
31	1	0.007590898		2817	85.53
32	1	0.0		87	87.89
33	1	0.002874287		84	87.92
34	1	0.26814693		80	96.35
35	1	0.0		84	87.92
36	1	0.0		80	96.35
37	1	7.047216E-4		77	101.82
38	1	0.0		97	87.42
39	1	0.0		87	87.89
40	1	0.0		77	101.82
41	1	0.0		75	104.27
42	1	0.0		75	104.27
43	1	0.014160156		2817	85.53
44	1	0.0		84	87.92
45	1	0.0		80	96.35
46	1	0.0		75	104.27
47	1	0.119628906		77	101.82
48	1	0.0073242188		2913	83.79
49	1	0.0		103	86.07
50	1	0.0		97	87.42
51	1	0.0		116	85.57
52	1	0.0045806905		103	86.07
53	1	0.0014648438		87	87.89
54	1	0.0		97	87.42
55	1	0.0		2833	85.24
56	1	0.0		2817	85.53
57	1	0.0045806905		116	85.57
58	1	0.0010570824		87	87.89
59	1	0.0010570824		97	87.42
60	1	0.022949219		87	87.89
61	1	0.0		84	87.92
62	1	0.0		84	87.92
63	1	0.0014094432		80	96.35
64	1	0.0		77	101.82
65	1	0.41267818		84	87.92
66	1	0.0		75	104.27
67	1	0.0		75	104.27
68	1	0.0		2817	85.53
69	1	0.4116211		80	96.35
70	1	0.0		80	96.35
71	1	0.26708984		77	101.82
72	1	0.0		77	101.82
73	1	7.047216E-4		75	104.27
74	1	0.0		97	87.42
75	1	0.0		103	86.07
76	1	0.0		97	87.42
77	1	0.0035236082		87	87.89
78	1	0.0		2833	85.24
79	1	0.016274322		2833	85.24


Run no: 19
0	1	1000.0		4297	79.97
1	1	1000.0		72	98.85
2	1	0.0		4297	79.97
3	1	0.0		72	98.85
4	1	0.007944915		81	83.1
5	1	0.012071006		4153	80.77
6	1	0.80349576		79	98.42
7	1	0.0		80	83.25
8	1	0.07403257		4204	80.76
9	1	0.0		4289	79.98
10	1	0.0		72	98.85
11	1	0.0		78	98.52
12	1	0.9643166		4153	80.77
13	1	0.0		80	83.25
14	1	2.3668639E-4		81	83.1
15	1	0.0		78	98.52
16	1	0.0052966103		79	98.42
17	1	0.0		4289	79.98
18	1	0.123411015		4153	80.77
19	1	0.04131356		4289	79.98
20	1	0.0		79	98.42
21	1	0.0		78	98.52
22	1	0.0		80	83.25
23	1	1.087198		81	83.1
24	1	0.0		72	98.85
25	1	0.0		80	83.25
26	1	2.3668639E-4		79	98.42
27	1	0.002423152		4289	79.98
28	1	0.0		72	98.85
29	1	0.0		78	98.52
30	1	0.007944915		80	83.25
31	1	0.0052966103		78	98.52
32	1	0.020118343		4289	79.98
33	1	0.0018934911		4297	79.97
34	1	0.0		78	98.52
35	1	0.017478814		72	98.85
36	1	1000.0		4297	79.97
37	1	0.0		80	83.25
38	1	0.0		79	98.42
39	1	0.0		78	98.52
40	1	0.0		72	98.85
41	1	0.0		79	98.42
42	1	0.0		80	83.25
43	1	0.0		78	98.52
44	1	0.0		72	98.85
45	1	0.0014201184		78	98.52
46	1	0.0		78	98.52
47	1	0.0		72	98.85
48	1	5.29661E-4		4297	79.97
49	1	0.0		79	98.42
50	1	0.0		78	98.52
51	1	1000.0		72	98.85
52	1	2.3668639E-4		80	83.25
53	1	0.0		80	83.25
54	1	0.0		80	83.25
55	1	2.3668639E-4		79	98.42
56	1	0.0		78	98.52
57	1	0.0		72	98.85
58	1	0.0		79	98.42
59	1	0.0		78	98.52
60	1	0.0		80	83.25
61	1	0.0		80	83.25
62	1	0.0		72	98.85
63	1	0.0		78	98.52
64	1	0.0		78	98.52
65	1	2.3668639E-4		80	83.25
66	1	0.0		78	98.52
67	1	0.0		72	98.85
68	1	0.0		72	98.85
69	1	0.0		79	98.42
70	1	0.0		72	98.85
71	1	0.0		80	83.25
72	1	0.0		78	98.52
73	1	0.0		78	98.52
74	1	0.0		78	98.52
75	1	0.0		79	98.42
76	1	0.80349576		80	83.25
77	1	0.0014201184		72	98.85
78	1	0.0		78	98.52
79	1	0.0177155		78	98.52


Run no: 20
0	1	2000.0		444	87.19
1	1	1000.0		75	93.2
2	1	0.0		75	93.2
3	1	0.7727681		174	90.23
4	1	0.05324459		390	89.91
5	1	0.0		75	93.2
6	1	0.0		78	91.22
7	1	0.3018817		404	89.09
8	1	0.011029495		173	91.02
9	1	0.18797939		417	87.88
10	1	0.0		417	87.88
11	1	0.03584811		117	91.07
12	1	0.0		402	89.45
13	1	0.58536583		390	89.91
14	1	0.0		398	89.49
15	1	0.0		394	89.79
16	1	0.16008098		117	91.07
17	1	0.0		105	91.09
18	1	0.0		417	87.88
19	1	0.0		87	91.19
20	1	0.024390243		87	91.19
21	1	0.0		96	91.12
22	1	0.008130081		78	91.22
23	1	0.0		105	91.09
24	1	0.0		96	91.12
25	1	0.049916804		394	89.79
26	1	0.0		390	89.91
27	1	0.0049916804		87	91.19
28	1	0.0		96	91.12
29	1	0.28320912		173	91.02
30	1	0.0		390	89.91
31	1	0.0		394	89.79
32	1	0.06532022		402	89.45
33	1	0.03080683		394	89.79
34	1	0.049916804		398	89.49
35	1	0.017495682		398	89.49
36	1	0.3294509		78	91.22
37	1	0.0		75	93.2
38	1	0.0		402	89.45
39	1	0.0		398	89.49
40	1	0.010840109		402	89.45
41	1	0.024390243		78	91.22
42	1	0.024390243		96	91.12
43	1	0.032520324		105	91.09
44	1	0.0		75	93.2
45	1	0.0		390	89.91
46	1	0.0		75	93.2
47	1	0.0049916804		78	91.22
48	1	0.23656146		417	87.88
49	1	0.0		390	89.91
50	1	0.0		394	89.79
51	1	0.02771803		105	91.09
52	1	0.036037497		87	91.19
53	1	0.024390243		96	91.12
54	1	0.0		105	91.09
55	1	0.0049916804		96	91.12
56	1	0.0		78	91.22
57	1	0.0		398	89.49
58	1	0.0		398	89.49
59	1	0.0		402	89.45
60	1	0.0		390	89.91
61	1	0.010840109		398	89.49
62	1	0.011647254		96	91.12
63	1	0.03080683		390	89.91
64	1	0.0		394	89.79
65	1	0.0		398	89.49
66	1	0.0049916804		105	91.09
67	1	0.0		78	91.22
68	1	0.0		402	89.45
69	1	0.010840109		394	89.79
70	1	0.0		105	91.09
71	1	0.0		105	91.09
72	1	0.3294509		75	93.2
73	1	0.0		394	89.79
74	1	0.0		105	91.09
75	1	0.0		105	91.09
76	1	0.0		390	89.91
77	1	0.0		394	89.79
78	1	0.006655574		402	89.45
79	1	1000.0081		75	93.2


Run no: 21
0	1	2000.0		3270	74.58
1	1	1000.0		77	80.55
2	1	0.014406514		3270	74.58
3	1	0.0		77	80.55
4	1	1.110751		117	78.32
5	1	0.0117252935		3086	77.4
6	1	0.47504303		3224	77.33
7	1	0.0		3270	74.58
8	1	0.0		87	80.51
9	1	0.18592964		103	79.4
10	1	0.0043845912		103	79.4
11	1	0.15410385		117	78.32
12	1	0.0		3086	77.4
13	1	0.0		3086	77.4
14	1	0.054944836		3224	77.33
15	1	0.0		3086	77.4
16	1	0.0		87	80.51
17	1	0.0		77	80.55
18	1	0.18591549		103	79.4
19	1	0.0043845912		117	78.32
20	1	0.0		87	80.51
21	1	0.0		77	80.55
22	1	0.0		77	80.55
23	1	0.0		3270	74.58
24	1	0.18592964		87	80.51
25	1	0.9298465		3086	77.4
26	1	0.46063653		3270	74.58
27	1	0.0		87	80.51
28	1	0.0		77	80.55
29	1	0.0		87	80.51
30	1	0.0067001674		77	80.55
31	1	0.1973234		3086	77.4
32	1	0.0		87	80.51
33	1	0.0		87	80.51
34	1	0.0		77	80.55
35	1	0.0		87	80.51
36	1	0.0		77	80.55
37	1	0.0		87	80.51
38	1	0.0		77	80.55
39	1	0.0050109616		87	80.51
40	1	0.0031318509		87	80.51
41	1	0.0		77	80.55
42	1	0.0		77	80.55
43	1	0.0		87	80.51
44	1	0.0		77	80.55
45	1	0.0		77	80.55
46	1	0.0		77	80.55
47	1	0.0		77	80.55
48	1	0.0		87	80.51
49	1	0.0		77	80.55
50	1	0.0		77	80.55
51	1	0.0		87	80.51
52	1	0.0		87	80.51
53	1	0.0		77	80.55
54	1	0.0		87	80.51
55	1	0.0		87	80.51
56	1	0.0		87	80.51
57	1	0.0		77	80.55
58	1	0.0		77	80.55
59	1	0.0		77	80.55
60	1	0.0		77	80.55
61	1	0.0		87	80.51
62	1	0.0067001674		87	80.51
63	1	0.0		77	80.55
64	1	0.0		77	80.55
65	1	0.0		77	80.55
66	1	0.0		77	80.55
67	1	0.0		77	80.55
68	1	0.0		77	80.55
69	1	0.0		77	80.55
70	1	0.0		77	80.55
71	1	0.0		77	80.55
72	1	0.0		77	80.55
73	1	0.0		77	80.55
74	1	0.0		77	80.55
75	1	0.0		77	80.55
76	1	0.0		77	80.55
77	1	0.0		77	80.55
78	1	0.0		77	80.55
79	1	1000.0031		77	80.55


Run no: 22
0	1	1000.00903		3489	76.0
1	1	1000.1057		67	95.58
2	1	0.0		67	95.58
3	1	0.0		3489	76.0
4	1	0.21179576		3102	80.38
5	1	0.00905903		3458	80.25
6	1	0.0		3489	76.0
7	1	0.6933723		3102	80.38
8	1	0.2079577		118	90.12
9	1	0.13891727		393	83.84
10	1	0.0		160	86.56
11	1	0.0		160	86.56
12	1	0.10403273		3458	80.25
13	1	0.0		67	95.58
14	1	0.105720125		68	93.51
15	1	0.0		73	92.08
16	1	0.0015321757		105	90.37
17	1	0.0		68	93.51
18	1	0.009351256		73	92.08
19	1	0.06808884		160	86.56
20	1	0.010146149		421	83.24
21	1	0.0010214505		638	83.11
22	1	0.07005264		638	83.11
23	1	0.0010214505		728	83.09
24	1	0.016343208		393	83.84
25	1	8.766803E-4		396	83.52
26	1	0.015105945		728	83.09
27	1	0.012768131		736	82.84
28	1	0.15119079		160	86.56
29	1	0.0027010827		109	90.34
30	1	0.009414239		746	82.69
31	1	0.06749901		421	83.24
32	1	0.0064209295		409	83.32
33	1	0.07449484		73	92.08
34	1	0.0		105	90.37
35	1	0.21705823		3458	80.25
36	1	0.0105831465		736	82.84
37	1	0.004085802		396	83.52
38	1	0.0		3102	80.38
39	1	0.02630041		638	83.11
40	1	0.0		408	83.44
41	1	0.013136772		746	82.69
42	1	0.007592523		409	83.32
43	1	0.007592523		408	83.44
44	1	0.006128703		408	83.44
45	1	0.002337814		736	82.84
46	1	0.013865996		109	90.34
47	1	0.0		736	82.84
48	1	0.0		728	83.09
49	1	0.08850292		105	90.37
50	1	0.0		109	90.34
51	1	0.0		109	90.34
52	1	0.009351256		105	90.37
53	1	0.02630041		728	83.09
54	1	0.06808884		393	83.84
55	1	0.019849928		396	83.52
56	1	2.9222676E-4		408	83.44
57	1	2.9222676E-4		68	93.51
58	1	1000.0		3489	76.0
59	1	1000.0		67	95.58
60	1	0.0		3458	80.25
61	1	0.21705823		3489	76.0
62	1	0.18181819		160	86.56
63	1	0.0		393	83.84
64	1	0.073033705		68	93.51
65	1	2.9222676E-4		67	95.58
66	1	0.006639428		3458	80.25
67	1	0.0		105	90.37
68	1	0.087334014		73	92.08
69	1	0.0		73	92.08
70	1	0.0014611338		68	93.51
71	1	0.0		393	83.84
72	1	8.766803E-4		393	83.84
73	1	0.8064638		752	82.49
74	2	2000.0		753	82.64
75	2	1001.0		759	82.49
76	2	1000.0		759	82.49
77	2	1.0		759	82.49
78	2	0.0		759	82.49
79	2	0.0		759	82.49


Run no: 23
0	1	2000.0		61	91.43
1	1	1000.0		6288	81.37
2	1	0.029227557		6288	81.37
3	1	0.64163595		387	84.78
4	1	0.0		3797	84.31
5	1	0.3841416		4267	81.59
6	1	0.34642315		6106	81.52
7	1	0.0		61	91.43
8	1	0.18290259		97	88.66
9	1	0.0		110	86.82
10	1	0.0		97	88.66
11	1	0.15336613		4172	82.26
12	1	0.0		3800	84.18
13	1	0.0		4128	82.98
14	1	0.117617406		369	85.64
15	1	0.11729623		110	86.82
16	1	0.08234853		369	85.64
17	1	0.06958251		4160	82.96
18	1	0.065596305		3800	84.18
19	1	0.0		4128	82.98
20	1	0.54761523		3797	84.31
21	1	0.0		371	85.23
22	1	1000.0149		6288	81.37
23	1	0.0025694557		371	85.23
24	1	0.005781275		97	88.66
25	1	0.27534792		61	91.43
26	1	0.119284295		4128	82.98
27	1	0.0		4160	82.96
28	1	3.2118196E-4		371	85.23
29	1	0.0		110	86.82
30	1	0.0		97	88.66
31	1	0.0051389113		4160	82.96
32	1	0.0		4160	82.96
33	1	0.119766064		3800	84.18
34	1	0.047201455		3797	84.31
35	1	0.0		369	85.64
36	1	0.04473161		371	85.23
37	1	0.0		97	88.66
38	1	0.0		97	88.66
39	1	0.041593064		110	86.82
40	1	0.05466191		4128	82.98
41	1	0.0		4128	82.98
42	1	0.0		4160	82.96
43	1	0.012922465		3797	84.31
44	1	0.0		371	85.23
45	1	0.0		110	86.82
46	1	0.0		371	85.23
47	1	0.0		4160	82.96
48	1	0.0		4128	82.98
49	1	0.18290259		110	86.82
50	1	0.0		4160	82.96
51	1	0.0		371	85.23
52	1	0.040755466		371	85.23
53	1	0.0		97	88.66
54	1	0.0		97	88.66
55	1	0.0		97	88.66
56	1	0.0		97	88.66
57	1	0.27534792		97	88.66
58	1	0.0		4160	82.96
59	1	0.0		97	88.66
60	1	0.0		97	88.66
61	1	0.0		97	88.66
62	1	0.0		97	88.66
63	1	0.0		97	88.66
64	1	0.0020876827		110	86.82
65	1	0.005781275		61	91.43
66	1	0.0		371	85.23
67	1	0.0		97	88.66
68	1	0.0		4128	82.98
69	1	0.0		97	88.66
70	1	0.0		97	88.66
71	1	0.0		4160	82.96
72	1	0.0		97	88.66
73	1	0.0		371	85.23
74	1	0.0		4160	82.96
75	1	0.0020876827		97	88.66
76	1	0.0		4160	82.96
77	1	0.0		4160	82.96
78	1	0.0051389113		4128	82.98
79	1	0.003915163		4160	82.96


Run no: 24
0	1	2000.0		3802	83.96
1	1	1000.0		65	99.6
2	1	1000.0		65	99.6
3	1	1.3297338		142	84.54
4	1	1.0164796		3799	84.45
5	1	0.45785972		77	92.36
6	1	0.45759213		69	99.5
7	1	0.342711		132	89.9
8	1	0.109335035		82	91.61
9	1	0.109335035		132	89.9
10	1	0.047953963		77	92.36
11	1	0.047953963		82	91.61
12	1	0.013379716		132	89.9
13	1	0.013379716		82	91.61
14	1	0.008534617		69	99.5
15	1	0.006393862		65	99.6
16	1	0.0026759433		132	89.9
17	1	0.0021407546		77	92.36
18	1	0.0013379717		82	91.61
19	1	0.0010703773		65	99.6
20	1	0.0		77	92.36
21	1	0.0		82	91.61
22	1	0.0		132	89.9
23	1	0.0		77	92.36
24	1	0.0		82	91.61
25	1	0.0		65	99.6
26	1	0.0		82	91.61
27	1	0.0		65	99.6
28	1	0.0		65	99.6
29	1	0.0		77	92.36
30	1	0.0		132	89.9
31	1	0.0		82	91.61
32	1	0.0		65	99.6
33	1	0.0		77	92.36
34	1	0.0		82	91.61
35	1	0.0		77	92.36
36	1	0.0		77	92.36
37	1	0.0		82	91.61
38	1	0.0		77	92.36
39	1	0.0		82	91.61
40	1	0.0		77	92.36
41	1	0.0		82	91.61
42	1	0.0		65	99.6
43	1	0.0		82	91.61
44	1	0.0		77	92.36
45	1	0.0		77	92.36
46	1	0.0		82	91.61
47	1	0.0		82	91.61
48	1	0.0		82	91.61
49	1	0.0		77	92.36
50	1	0.0		77	92.36
51	1	0.0		82	91.61
52	1	0.0		77	92.36
53	1	0.0		82	91.61
54	1	0.0		77	92.36
55	1	0.0		82	91.61
56	1	0.0		77	92.36
57	1	0.0		77	92.36
58	1	0.0		77	92.36
59	1	0.0		77	92.36
60	1	0.0		77	92.36
61	1	0.0		77	92.36
62	1	0.0		77	92.36
63	1	0.0		77	92.36
64	1	0.0		77	92.36
65	1	0.0		77	92.36
66	1	0.0		77	92.36
67	1	0.0		77	92.36
68	1	0.0		77	92.36
69	1	0.0		77	92.36
70	1	0.0		77	92.36
71	1	0.0		77	92.36
72	1	0.0		77	92.36
73	1	0.0		77	92.36
74	1	0.0		77	92.36
75	1	0.0		77	92.36
76	1	0.0		77	92.36
77	1	0.0		77	92.36
78	1	0.0		77	92.36
79	1	0.0		82	91.61


Run no: 25
0	1	1000.0		74	100.97
1	1	1000.0		3881	83.14
2	1	0.0		3881	83.14
3	1	1000.0		74	100.97
4	1	0.75571316		368	87.9
5	1	0.0		3245	84.75
6	1	0.0		74	100.97
7	1	0.20101869		147	91.19
8	1	0.005608525		368	87.9
9	1	0.09029725		3245	84.75
10	1	1000.0		3881	83.14
11	1	0.0		3245	84.75
12	1	0.0028042626		341	88.6
13	1	0.17666854		3245	84.75
14	1	0.0		3881	83.14
15	1	0.0070921984		109	92.59
16	1	0.0		133	91.21
17	1	0.04655076		109	92.59
18	1	0.05095876		341	88.6
19	1	0.0		349	88.14
20	1	0.0		344	88.55
21	1	0.0013133701		349	88.14
22	1	0.0		356	88.0
23	1	0.0063041765		133	91.21
24	1	0.0		109	92.59
25	1	0.0		356	88.0
26	1	0.08107508		133	91.21
27	1	0.08370182		109	92.59
28	1	0.007851935		356	88.0
29	1	0.0		341	88.6
30	1	0.0		344	88.55
31	1	0.0		74	100.97
32	1	0.0096906535		349	88.14
33	1	0.005608525		356	88.0
34	1	7.8802207E-4		344	88.55
35	1	0.0		349	88.14
36	1	0.0		133	91.21
37	1	0.022994952		344	88.55
38	1	0.42344365		74	100.97
39	1	0.0		3881	83.14
40	1	0.17982063		368	87.9
41	1	0.0		3245	84.75
42	1	0.16706067		3245	84.75
43	1	0.75571316		3245	84.75
44	1	0.0		109	92.59
45	1	0.0		344	88.55
46	1	0.0031520883		356	88.0
47	1	0.0		349	88.14
48	1	0.0		133	91.21
49	1	0.0		109	92.59
50	1	0.0028042626		344	88.55
51	1	0.0021013923		74	100.97
52	1	0.0018387182		356	88.0
53	1	0.0		349	88.14
54	1	0.0013133701		344	88.55
55	1	0.14604881		341	88.6
56	1	0.0		3881	83.14
57	1	0.001121705		133	91.21
58	1	0.0		341	88.6
59	1	0.25735793		3881	83.14
60	1	0.0		133	91.21
61	1	0.0		341	88.6
62	1	0.0		133	91.21
63	1	0.0		349	88.14
64	1	0.022994952		349	88.14
65	1	0.479188		82	93.42
66	2	2000.0		84	96.71
67	2	1000.0258		95	93.61
68	2	1000.0		95	93.61
69	2	0.9741936		84	96.71
70	2	0.9741936		92	93.69
71	2	0.72727275		92	93.69
72	2	0.72727275		84	96.71
73	2	0.27272728		95	93.61
74	2	0.27272728		92	93.69
75	2	0.025806451		92	93.69
76	2	0.0		84	96.71
77	2	0.0		95	93.61
78	2	0.0		95	93.61
79	2	0.0		92	93.69


Run no: 26
0	1	1000.0052		3417	80.64
1	1	1000.0		3417	80.64
2	1	1000.0		69	90.27
3	1	1000.0		69	90.27
4	1	1.362881		3181	80.69
5	1	0.981903		130	84.31
6	1	0.38098627		130	84.31
7	1	0.2841004		71	87.56
8	1	0.28141224		69	90.27
9	1	0.22660202		80	87.5
10	1	0.20872274		110	85.49
11	1	0.12850747		113	84.99
12	1	0.070489846		3417	80.64
13	1	0.05192108		110	85.49
14	1	0.008960574		110	85.49
15	1	0.0062305294		71	87.56
16	1	8.9605735E-4		110	85.49
17	1	5.9737155E-4		71	87.56
18	1	5.9737155E-4		69	90.27
19	1	0.0		69	90.27
20	1	0.0		3417	80.64
21	1	0.0		69	90.27
22	1	0.0		110	85.49
23	1	0.0		110	85.49
24	1	0.0		110	85.49
25	1	0.0		71	87.56
26	1	0.0		71	87.56
27	1	0.0		71	87.56
28	1	0.0		3417	80.64
29	1	0.0		69	90.27
30	1	0.0		71	87.56
31	1	0.0		69	90.27
32	1	0.0		71	87.56
33	1	0.0		110	85.49
34	1	0.0		3417	80.64
35	1	0.0		110	85.49
36	1	0.0		110	85.49
37	1	0.0		69	90.27
38	1	0.0		69	90.27
39	1	0.0		110	85.49
40	1	0.0		69	90.27
41	1	0.0		69	90.27
42	1	0.0		110	85.49
43	1	0.0		110	85.49
44	1	0.0		110	85.49
45	1	0.0		69	90.27
46	1	0.0		69	90.27
47	1	0.0		110	85.49
48	1	0.0		69	90.27
49	1	0.0		110	85.49
50	1	0.0		110	85.49
51	1	0.0		69	90.27
52	1	0.0		69	90.27
53	1	0.0		69	90.27
54	1	0.0		69	90.27
55	1	0.0		69	90.27
56	1	0.0		69	90.27
57	1	0.0		110	85.49
58	1	0.0		110	85.49
59	1	0.0		69	90.27
60	1	0.0		69	90.27
61	1	0.0		69	90.27
62	1	0.0		69	90.27
63	1	0.0		69	90.27
64	1	0.0		69	90.27
65	1	0.0		110	85.49
66	1	0.0		69	90.27
67	1	0.0		69	90.27
68	1	0.0		69	90.27
69	1	0.0		110	85.49
70	1	0.0		110	85.49
71	1	0.0		110	85.49
72	1	0.0		69	90.27
73	1	0.0		69	90.27
74	1	0.0		110	85.49
75	1	0.0		110	85.49
76	1	0.0		69	90.27
77	1	0.0		69	90.27
78	1	0.0		69	90.27
79	1	0.0		69	90.27


Run no: 27
0	1	1000.0		4445	84.24
1	1	0.0		4445	84.24
2	1	1000.0		70	93.2
3	1	0.0		70	93.2
4	1	0.017857144		3697	88.09
5	1	0.7921393		456	88.58
6	1	0.35158035		4139	84.28
7	1	0.2544643		3966	86.56
8	1	0.26709643		442	89.04
9	1	0.0		76	91.7
10	1	0.0		70	93.2
11	1	0.15290178		3727	87.93
12	1	0.20753035		3966	86.56
13	1	0.0578875		456	88.58
14	1	0.0		4386	84.27
15	1	0.072485715		3727	87.93
16	1	0.054539286		442	89.04
17	1	0.0		3966	86.56
18	1	0.006857143		3697	88.09
19	1	0.0		3727	87.93
20	1	0.0		4386	84.27
21	1	0.0		4445	84.24
22	1	0.7408		3697	88.09
23	1	0.0		76	91.7
24	1	0.0		76	91.7
25	1	0.0		76	91.7
26	1	0.0		70	93.2
27	1	0.013485714		4386	84.27
28	1	1000.0		70	93.2
29	1	0.0		70	93.2
30	1	0.0		76	91.7
31	1	0.0		3727	87.93
32	1	0.0033482143		4386	84.27
33	1	0.0013714286		76	91.7
34	1	0.0		4386	84.27
35	1	0.11160714		76	91.7
36	1	0.0		76	91.7
37	1	0.08182857		84	90.7
38	1	0.0		76	91.7
39	1	1000.0		4445	84.24
40	1	0.0		3727	87.93
41	1	0.16741072		70	93.2
42	1	0.0		84	90.7
43	1	0.0		76	91.7
44	1	0.013485714		4445	84.24
45	1	0.0		76	91.7
46	1	0.0		70	93.2
47	1	0.0		76	91.7
48	1	0.0		70	93.2
49	1	0.006857143		3727	87.93
50	1	0.0		76	91.7
51	1	0.0		4386	84.27
52	1	0.0		70	93.2
53	1	0.0		76	91.7
54	1	0.0		4386	84.27
55	1	0.0		3727	87.93
56	1	0.0013714286		70	93.2
57	1	0.0		3727	87.93
58	1	0.0033482143		4445	84.24
59	1	0.18526785		84	90.7
60	1	0.0		3697	88.09
61	1	0.0		76	91.7
62	1	0.056457143		4386	84.27
63	1	0.0		76	91.7
64	1	0.113435715		84	90.7
65	1	0.0		4386	84.27
66	1	0.039542858		3966	86.56
67	1	0.0		76	91.7
68	1	0.0011160715		4386	84.27
69	1	0.0546875		3697	88.09
70	1	0.0		76	91.7
71	1	0.16923928		76	91.7
72	5	2000.0		440	90.74
73	5	1000.2198		88	91.65
74	5	1000.01135		88	91.65
75	5	1.1900911		391	91.05
76	5	1.0692121		92	91.45
77	5	0.578765		391	91.05
78	5	0.47986388		440	90.74
79	5	0.45092407		92	91.45


Run no: 28
0	1	2000.0		3058	83.53
1	1	2000.0		66	101.74
2	1	0.0		66	101.74
3	1	1.0230817		2765	84.94
4	1	0.21971588		503	86.61
5	1	0.715826		72	92.91
6	1	0.48489842		66	101.74
7	1	0.0010026738		103	88.93
8	1	0.0		503	86.61
9	1	0.0		120	87.25
10	1	0.0		503	86.61
11	1	6.684492E-4		115	88.43
12	1	0.0		117	87.43
13	1	0.0		120	87.25
14	1	0.0		503	86.61
15	1	0.21856123		103	88.93
16	1	0.0		106	88.75
17	1	0.055917557		115	88.43
18	1	0.009884679		112	88.61
19	1	0.0		117	87.43
20	1	0.0		120	87.25
21	1	0.0028650444		109	88.71
22	1	0.004512491		111	88.64
23	1	0.0		109	88.71
24	1	0.009884679		106	88.75
25	1	0.0		66	101.74
26	1	0.0		111	88.64
27	1	0.0		112	88.61
28	1	0.0		103	88.93
29	1	0.0		117	87.43
30	1	0.0038440418		109	88.71
31	1	0.0010026738		106	88.75
32	1	0.0		112	88.61
33	1	0.009884679		115	88.43
34	1	0.0		117	87.43
35	1	0.0		111	88.64
36	1	3.342246E-4		112	88.61
37	1	0.0		66	101.74
38	1	0.035145525		120	87.25
39	1	0.0		66	101.74
40	1	0.0		503	86.61
41	1	0.756016		503	86.61
42	1	0.0		120	87.25
43	1	0.010360963		103	88.93
44	1	0.0		106	88.75
45	1	0.0		111	88.64
46	1	0.0		109	88.71
47	1	0.0		66	101.74
48	1	0.0		106	88.75
49	1	0.0		120	87.25
50	1	0.0		103	88.93
51	1	0.0		112	88.61
52	1	0.0		117	87.43
53	1	0.0010026738		109	88.71
54	1	0.0016474464		111	88.64
55	1	0.0		103	88.93
56	1	0.0		120	87.25
57	1	0.009884679		117	87.43
58	1	0.0010026738		120	87.25
59	1	6.684492E-4		117	87.43
60	1	0.003199269		106	88.75
61	1	0.009884679		103	88.93
62	1	0.0		120	87.25
63	1	3.342246E-4		111	88.64
64	1	0.0		103	88.93
65	1	0.0		106	88.75
66	1	0.0016474464		112	88.61
67	1	0.12800802		120	87.25
68	1	0.0		112	88.61
69	1	0.0		66	101.74
70	1	0.035145525		503	86.61
71	1	0.0		117	87.43
72	1	0.0		117	87.43
73	1	0.0		103	88.93
74	1	0.009884679		120	87.25
75	1	0.0		106	88.75
76	1	0.0020053475		66	101.74
77	1	0.0		112	88.61
78	1	0.0010026738		112	88.61
79	1	0.055917557		117	87.43


Run no: 29
0	1	1000.0		3705	81.1
1	1	1000.0		80	104.19
2	1	1000.0		3705	81.1
3	1	0.0		80	104.19
4	1	1.4165062		162	88.19
5	1	0.9773793		3705	81.1
6	1	0.22284447		88	98.45
7	1	0.0		89	93.36
8	1	0.0		80	104.19
9	1	0.0		82	99.27
10	1	0.0		104	90.87
11	1	0.066262454		96	92.61
12	1	0.0		99	91.08
13	1	8.275862E-4		82	99.27
14	1	0.0		85	98.48
15	1	0.0		94	93.15
16	1	0.023386747		96	92.61
17	1	0.0		104	90.87
18	1	0.11606756		104	90.87
19	1	0.0		94	93.15
20	1	0.0		99	91.08
21	1	0.0		89	93.36
22	1	0.0		89	93.36
23	1	0.023386747		94	93.15
24	1	0.009094846		99	91.08
25	1	0.0		85	98.48
26	1	0.0		85	98.48
27	1	0.0		85	98.48
28	1	0.0		99	91.08
29	1	0.0		96	92.61
30	1	0.0		82	99.27
31	1	0.034213945		82	99.27
32	1	0.21307926		80	104.19
33	1	0.0		96	92.61
34	1	0.0		89	93.36
35	1	0.0		80	104.19
36	1	0.0		3705	81.1
37	1	0.21363097		82	99.27
38	1	0.0		104	90.87
39	1	0.067641765		99	91.08
40	1	0.0		96	92.61
41	1	0.0		104	90.87
42	1	0.0		82	99.27
43	1	8.275862E-4		85	98.48
44	1	0.0		96	92.61
45	1	0.0013793104		94	93.15
46	1	8.275862E-4		99	91.08
47	1	0.009094846		89	93.36
48	1	0.0		94	93.15
49	1	0.016		104	90.87
50	1	0.0013793104		104	90.87
51	1	0.0		94	93.15
52	1	0.22044174		89	93.36
53	1	0.0		96	92.61
54	1	8.275862E-4		85	98.48
55	1	0.0		99	91.08
56	1	8.275862E-4		96	92.61
57	1	0.30705935		3705	81.1
58	1	0.0		89	93.36
59	1	0.0		80	104.19
60	1	0.0		99	91.08
61	1	0.0		96	92.61
62	1	0.0		85	98.48
63	1	0.0		94	93.15
64	1	2.7586208E-4		89	93.36
65	1	0.034213945		85	98.48
66	1	0.0012992638		85	98.48
67	1	0.0		82	99.27
68	1	5.5172417E-4		96	92.61
69	1	0.0		80	104.19
70	1	1000.0		80	104.19
71	1	0.0		85	98.48
72	1	5.5172417E-4		80	104.19
73	1	0.0		94	93.15
74	1	0.0		96	92.61
75	1	0.0		89	93.36
76	1	0.0		94	93.15
77	1	0.009094846		104	90.87
78	1	0.0013793104		89	93.36
79	1	0.00964657		94	93.15

