
Run no: 0
90.38	
90.38	
86.92	
86.92	
86.92	
86.92	
86.8	
86.8	
86.8	
86.72	
86.72	
84.79	
84.79	
84.79	
84.79	
84.19	
84.19	
84.19	
83.84	
83.84	
83.84	
83.84	
83.84	
83.84	
83.84	
83.84	
83.84	
82.37	
82.37	
82.37	
82.37	

Run no: 1
93.56	
93.56	
93.56	
88.39	
88.39	
88.39	
88.39	
88.39	
88.39	
88.39	
88.39	
80.6	
80.6	
80.6	
80.6	
80.37	
80.37	
80.37	
80.12	
80.12	
80.12	
80.12	
80.12	
80.12	
80.12	
80.12	
80.12	
80.12	
80.12	
80.12	
80.12	

Run no: 2
88.49	
88.49	
88.49	
88.49	
88.49	
88.24	
88.06	
88.06	
88.06	
86.81	
86.81	
86.81	
86.81	
86.8	
86.8	
86.8	
86.57	
86.51	
86.51	
85.68	
85.68	
85.68	
85.68	
85.68	
85.68	
85.68	
85.68	
85.68	
85.18	
85.18	
85.18	

Run no: 3
94.81	
94.81	
94.81	
91.1	
91.1	
90.77	
90.77	
90.77	
90.77	
90.77	
90.62	
90.62	
90.62	
90.62	
90.34	
83.55	
81.1	
81.1	
81.1	
81.1	
81.1	
81.1	
81.1	
81.1	
81.1	
81.1	
81.1	
81.1	
81.1	
81.1	
81.1	

Run no: 4
97.06	
94.41	
94.41	
94.41	
94.38	
94.38	
93.99	
86.92	
86.92	
86.92	
86.92	
86.09	
86.09	
86.09	
79.98	
79.98	
79.98	
79.98	
79.98	
79.98	
79.91	
79.91	
79.91	
77.17	
77.1	
75.87	
75.87	
75.87	
75.87	
75.67	
75.67	

Run no: 5
91.38	
85.5	
85.5	
85.5	
85.5	
85.5	
85.5	
83.0	
83.0	
83.0	
83.0	
83.0	
83.0	
83.0	
83.0	
83.0	
83.0	
83.0	
83.0	
83.0	
83.0	
83.0	
83.0	
83.0	
83.0	
83.0	
80.57	
80.57	
80.57	
80.57	
80.57	

Run no: 6
96.61	
90.73	
90.73	
90.73	
90.73	
88.76	
88.76	
84.02	
84.02	
84.02	
84.02	
80.94	
80.94	
80.94	
80.94	
80.94	
80.94	
80.44	
80.44	
80.44	
80.44	
80.44	
80.44	
77.46	
77.46	
77.46	
75.53	
75.53	
75.53	
75.53	
75.3	

Run no: 7
92.53	
92.53	
92.53	
92.53	
92.53	
84.27	
84.27	
84.27	
84.27	
84.25	
84.25	
83.95	
83.95	
83.9	
83.9	
83.87	
83.87	
83.66	
83.66	
83.66	
83.19	
83.19	
83.19	
83.19	
83.19	
83.19	
83.19	
83.19	
83.19	
83.19	
83.19	

Run no: 8
92.6	
92.6	
92.6	
92.6	
91.98	
91.98	
91.58	
91.58	
90.55	
90.55	
90.55	
90.55	
90.55	
90.55	
90.55	
90.55	
90.55	
90.11	
86.01	
86.01	
82.44	
82.44	
82.44	
82.44	
82.44	
82.44	
82.44	
82.44	
82.44	
82.44	
82.44	

Run no: 9
94.38	
94.38	
94.38	
91.23	
89.08	
89.08	
89.08	
88.68	
88.68	
88.68	
88.58	
88.58	
88.58	
88.57	
88.57	
88.57	
86.47	
85.08	
85.08	
85.08	
81.08	
81.08	
81.08	
81.08	
80.82	
80.82	
80.31	
80.31	
80.31	
80.31	
80.31	

Run no: 10
94.69	
94.69	
93.34	
93.34	
93.34	
90.57	
90.57	
90.23	
90.23	
90.23	
90.23	
90.23	
90.23	
90.23	
89.7	
88.93	
88.93	
88.93	
88.93	
88.93	
88.93	
88.93	
88.65	
88.65	
88.65	
88.62	
88.62	
88.62	
88.62	
88.62	
81.25	

Run no: 11
89.69	
89.69	
89.69	
86.54	
86.54	
80.93	
80.93	
80.93	
80.93	
80.93	
80.93	
80.93	
80.93	
80.93	
80.93	
80.93	
80.93	
80.93	
80.93	
80.93	
77.98	
77.98	
77.98	
77.98	
77.98	
77.98	
77.62	
77.62	
77.57	
77.57	
77.57	

Run no: 12
89.06	
89.06	
89.06	
87.86	
87.86	
87.6	
87.6	
87.6	
87.6	
85.53	
85.53	
85.53	
85.53	
85.53	
85.26	
85.26	
85.26	
85.26	
85.26	
85.26	
85.26	
85.26	
84.92	
84.92	
84.92	
84.92	
84.92	
84.92	
84.92	
84.82	
84.82	

Run no: 13
87.94	
87.94	
87.94	
87.94	
87.94	
87.94	
87.94	
87.47	
87.47	
87.47	
87.47	
87.11	
87.11	
87.11	
87.11	
87.11	
86.97	
86.97	
86.97	
86.97	
86.97	
86.97	
85.47	
85.47	
85.47	
85.47	
85.19	
85.19	
85.19	
85.19	
85.19	

Run no: 14
91.02	
91.02	
91.02	
91.02	
90.49	
90.49	
89.61	
89.61	
89.61	
89.61	
89.61	
84.76	
84.76	
84.76	
84.76	
84.76	
84.76	
84.56	
84.56	
84.33	
84.33	
84.33	
84.33	
84.33	
84.33	
84.33	
84.33	
84.33	
84.26	
84.26	
84.26	

Run no: 15
85.91	
85.91	
85.91	
85.91	
83.81	
83.81	
83.81	
83.81	
83.81	
83.81	
83.81	
83.81	
83.81	
83.81	
83.31	
83.31	
83.31	
83.31	
83.31	
83.31	
83.31	
82.86	
82.31	
82.31	
80.31	
80.21	
80.21	
80.21	
80.21	
80.21	
80.21	

Run no: 16
93.64	
93.19	
93.19	
89.88	
89.77	
89.77	
89.77	
89.77	
89.77	
89.77	
88.17	
88.17	
88.17	
88.17	
88.17	
87.19	
87.19	
87.19	
87.19	
87.19	
87.19	
86.94	
86.94	
86.94	
86.94	
86.94	
86.94	
86.94	
86.94	
86.94	
86.94	

Run no: 17
91.58	
91.03	
91.03	
83.2	
83.2	
83.2	
83.2	
83.2	
83.2	
82.72	
82.72	
82.72	
82.72	
82.72	
82.72	
82.72	
82.72	
82.43	
82.43	
82.43	
82.15	
82.15	
82.15	
82.15	
81.76	
79.35	
79.35	
79.35	
79.35	
79.11	
79.11	

Run no: 18
92.88	
92.88	
92.88	
92.88	
92.88	
91.19	
87.92	
87.92	
87.92	
87.92	
87.92	
86.25	
85.29	
85.28	
85.28	
85.28	
85.24	
85.24	
85.24	
85.24	
85.24	
85.24	
85.24	
85.24	
85.24	
85.24	
83.81	
83.81	
83.79	
83.79	
83.79	

Run no: 19
93.78	
93.78	
93.78	
93.78	
91.98	
91.98	
80.06	
80.06	
80.06	
80.06	
80.06	
80.06	
80.06	
80.06	
80.06	
80.06	
80.06	
80.06	
80.06	
79.98	
79.98	
79.98	
79.98	
79.98	
79.98	
79.97	
79.97	
79.97	
79.97	
79.97	
79.97	

Run no: 20
89.91	
89.22	
89.22	
89.22	
89.22	
89.22	
89.22	
89.04	
89.04	
89.04	
89.04	
89.04	
89.04	
88.89	
88.89	
88.89	
88.89	
88.89	
87.9	
87.9	
87.9	
87.45	
87.45	
87.45	
87.45	
87.45	
87.45	
87.45	
87.45	
87.45	
87.19	

Run no: 21
91.62	
91.62	
87.54	
87.54	
80.55	
80.55	
80.55	
80.51	
80.51	
80.48	
80.48	
80.48	
80.33	
78.26	
77.72	
77.72	
77.72	
77.72	
77.45	
77.45	
77.45	
77.45	
77.38	
77.38	
77.38	
77.38	
74.58	
74.58	
74.58	
74.58	
74.58	

Run no: 22
83.84	
83.84	
83.84	
83.84	
83.84	
83.84	
83.72	
79.0	
79.0	
79.0	
77.3	
77.3	
77.3	
77.3	
77.3	
77.3	
76.4	
76.4	
76.4	
76.4	
76.4	
76.4	
76.4	
76.4	
76.4	
76.4	
76.3	
76.0	
76.0	
76.0	
76.0	

Run no: 23
89.67	
89.67	
83.64	
83.64	
83.64	
83.64	
83.64	
83.64	
83.49	
83.49	
83.08	
83.08	
83.08	
83.08	
83.08	
83.08	
83.08	
83.08	
83.08	
83.08	
83.08	
83.08	
82.46	
82.46	
82.39	
82.39	
82.39	
82.39	
81.37	
81.37	
81.37	

Run no: 24
95.96	
95.96	
95.96	
95.96	
92.36	
92.36	
92.06	
92.06	
92.06	
89.96	
89.96	
89.96	
89.94	
85.04	
85.04	
84.92	
84.92	
84.92	
84.92	
84.92	
84.92	
84.92	
84.92	
84.9	
84.65	
84.65	
84.65	
84.45	
84.03	
84.03	
83.96	

Run no: 25
88.6	
88.39	
88.39	
88.39	
88.39	
88.39	
88.39	
88.39	
88.39	
88.19	
87.12	
87.12	
87.12	
85.62	
85.62	
85.62	
85.17	
85.17	
85.17	
85.17	
83.21	
83.14	
83.14	
83.14	
83.14	
83.14	
83.14	
83.14	
83.14	
83.14	
83.14	

Run no: 26
89.5	
89.5	
89.5	
89.5	
89.5	
88.6	
88.6	
88.6	
86.72	
86.72	
86.72	
86.72	
86.72	
86.72	
85.49	
85.49	
85.49	
85.49	
85.49	
85.49	
85.49	
85.49	
85.26	
85.26	
85.26	
85.26	
85.12	
80.64	
80.64	
80.64	
80.64	

Run no: 27
91.79	
91.79	
91.79	
91.79	
91.74	
91.74	
91.57	
91.57	
91.57	
91.57	
91.57	
91.53	
85.77	
85.77	
85.77	
84.27	
84.27	
84.27	
84.27	
84.27	
84.27	
84.24	
84.24	
84.24	
84.24	
84.24	
84.24	
84.24	
84.24	
84.24	
84.24	

Run no: 28
94.24	
92.57	
88.93	
88.93	
88.93	
88.93	
88.93	
88.87	
88.87	
85.75	
85.75	
85.75	
84.75	
84.75	
84.4	
84.4	
84.4	
84.4	
84.4	
84.4	
83.95	
83.95	
83.95	
83.95	
83.95	
83.95	
83.95	
83.93	
83.93	
83.53	
83.53	

Run no: 29
93.45	
93.45	
93.45	
93.42	
93.18	
93.18	
86.11	
86.11	
85.98	
85.76	
85.76	
85.76	
85.76	
85.76	
85.76	
85.76	
85.76	
85.76	
85.76	
85.76	
81.18	
81.18	
81.18	
81.18	
81.18	
81.18	
81.1	
81.1	
81.1	
81.1	
81.1	
