
Run no: 0
94.47	
94.47	
94.47	
90.77	
90.77	
90.38	
90.38	
90.38	
90.38	
89.2	
89.2	
89.16	
89.16	
89.16	
89.16	
86.81	
86.81	
86.81	
86.66	
86.66	
86.66	
86.17	
86.17	
86.17	
86.02	
83.54	
83.54	
83.47	
83.47	
83.47	
83.47	

Run no: 1
94.15	
94.15	
90.21	
90.21	
90.21	
90.21	
90.21	
89.91	
88.14	
88.14	
88.14	
88.14	
88.14	
88.14	
87.93	
87.93	
87.84	
87.84	
87.78	
87.78	
87.78	
87.78	
86.78	
86.78	
85.3	
85.3	
76.2	
76.2	
76.2	
76.2	
76.2	

Run no: 2
92.54	
90.64	
80.58	
80.58	
80.58	
80.58	
80.58	
80.58	
80.58	
80.58	
80.58	
80.58	
80.58	
80.58	
79.59	
79.59	
79.59	
79.59	
79.59	
79.59	
79.27	
79.27	
79.04	
79.04	
79.04	
79.04	
79.04	
79.04	
79.04	
78.63	
78.63	

Run no: 3
92.53	
92.53	
92.53	
92.13	
89.61	
86.42	
86.42	
86.42	
86.42	
86.42	
86.42	
86.42	
86.42	
86.42	
84.5	
84.5	
84.5	
84.5	
84.5	
84.5	
84.5	
84.29	
84.29	
84.29	
84.29	
83.1	
83.1	
82.39	
82.39	
82.39	
82.39	

Run no: 4
94.27	
94.27	
92.8	
92.8	
92.8	
92.8	
91.15	
91.15	
91.15	
91.15	
91.15	
88.59	
88.59	
88.59	
87.09	
87.09	
87.09	
87.09	
87.09	
87.01	
87.01	
87.01	
87.01	
87.01	
87.01	
87.01	
85.0	
85.0	
85.0	
85.0	
84.91	

Run no: 5
95.6	
95.04	
95.04	
95.04	
94.52	
93.96	
93.96	
93.96	
93.96	
93.83	
91.86	
91.86	
91.86	
91.86	
91.86	
91.86	
91.86	
91.86	
91.86	
91.86	
91.86	
91.86	
90.07	
89.67	
89.47	
89.47	
88.01	
88.01	
88.01	
87.84	
87.84	

Run no: 6
91.59	
91.59	
91.59	
91.59	
91.59	
91.53	
90.1	
90.1	
89.87	
89.87	
80.63	
80.63	
80.63	
80.63	
80.63	
80.62	
80.56	
78.28	
78.28	
78.28	
78.28	
78.28	
76.89	
76.89	
76.89	
76.76	
76.76	
76.76	
76.76	
76.76	
76.51	

Run no: 7
92.37	
92.37	
92.37	
92.37	
90.9	
90.9	
87.99	
84.97	
84.97	
84.97	
84.97	
84.97	
84.97	
83.47	
83.47	
83.47	
83.4	
80.54	
80.54	
80.54	
80.54	
80.54	
80.54	
80.54	
80.54	
79.96	
79.96	
79.96	
78.83	
78.83	
78.83	

Run no: 8
95.32	
94.01	
93.76	
93.63	
93.63	
92.76	
92.68	
88.72	
88.48	
88.31	
88.31	
84.0	
84.0	
84.0	
84.0	
84.0	
84.0	
83.97	
83.97	
83.96	
83.96	
83.96	
83.63	
83.63	
83.63	
83.63	
83.2	
82.89	
82.89	
82.89	
82.89	

Run no: 9
92.12	
91.15	
91.15	
85.75	
85.75	
85.75	
85.75	
85.75	
85.1	
85.1	
85.1	
85.1	
85.1	
84.2	
84.2	
84.2	
84.2	
84.2	
84.2	
84.2	
82.64	
82.64	
82.64	
82.64	
82.64	
82.64	
79.75	
79.75	
79.75	
79.75	
79.75	

Run no: 10
91.36	
91.36	
91.36	
91.36	
91.36	
91.3	
90.36	
90.36	
90.36	
89.93	
89.93	
89.93	
89.93	
89.93	
81.13	
81.13	
81.13	
81.13	
81.09	
81.09	
81.09	
81.09	
81.09	
81.09	
81.09	
81.09	
80.3	
80.3	
80.3	
80.3	
80.3	

Run no: 11
92.95	
92.95	
92.95	
92.95	
83.43	
83.43	
83.43	
83.43	
83.43	
83.43	
83.43	
83.43	
83.43	
83.36	
82.94	
82.94	
82.94	
81.76	
81.76	
79.27	
79.27	
79.27	
79.25	
79.25	
79.25	
79.15	
79.15	
79.15	
79.15	
79.15	
79.15	

Run no: 12
93.36	
93.36	
93.36	
93.36	
91.93	
90.12	
90.12	
89.92	
89.92	
85.02	
85.02	
81.28	
81.28	
81.28	
80.86	
80.86	
80.86	
80.86	
80.83	
80.83	
80.83	
80.83	
80.83	
80.83	
80.83	
79.34	
79.34	
79.34	
79.34	
79.28	
79.28	

Run no: 13
92.96	
92.96	
92.77	
92.77	
92.77	
91.53	
91.53	
91.53	
91.46	
91.46	
91.27	
91.27	
91.09	
84.97	
84.97	
84.97	
84.97	
84.97	
84.16	
83.47	
83.47	
77.27	
77.27	
77.27	
77.27	
77.27	
77.27	
77.27	
77.27	
77.27	
77.27	

Run no: 14
92.61	
92.61	
92.05	
92.05	
91.73	
91.73	
91.73	
89.68	
89.68	
89.24	
87.45	
87.45	
87.45	
87.45	
87.45	
87.45	
87.45	
87.45	
87.45	
87.43	
87.43	
87.43	
87.43	
87.43	
86.24	
86.24	
86.24	
86.24	
86.24	
85.56	
85.56	

Run no: 15
90.66	
90.66	
90.66	
90.66	
90.5	
90.5	
90.23	
90.21	
90.21	
90.21	
86.5	
86.5	
86.5	
84.8	
84.8	
84.68	
84.68	
84.2	
84.2	
84.2	
84.2	
84.2	
83.85	
83.85	
83.85	
83.85	
81.37	
80.92	
80.92	
80.92	
80.83	

Run no: 16
92.37	
92.37	
89.73	
89.73	
88.9	
88.9	
88.9	
88.9	
88.9	
88.03	
88.03	
88.03	
88.03	
88.03	
88.03	
85.02	
85.02	
85.02	
85.02	
85.02	
85.02	
84.05	
84.05	
83.92	
83.92	
83.92	
83.92	
83.92	
82.43	
82.43	
82.19	

Run no: 17
93.56	
90.95	
89.0	
89.0	
89.0	
86.63	
86.63	
86.63	
85.76	
80.35	
80.35	
80.06	
80.06	
80.06	
79.99	
78.43	
78.43	
78.43	
78.43	
78.43	
78.33	
78.33	
77.1	
77.1	
77.1	
77.1	
77.1	
76.87	
76.87	
76.87	
76.87	

Run no: 18
92.44	
92.44	
92.44	
92.19	
91.96	
91.96	
91.96	
91.96	
88.58	
88.58	
88.58	
88.58	
88.58	
83.56	
83.56	
82.05	
82.05	
81.98	
81.98	
81.98	
81.83	
81.83	
81.83	
81.83	
81.83	
81.82	
81.4	
81.4	
81.4	
81.4	
81.4	

Run no: 19
95.46	
95.46	
95.46	
95.46	
84.06	
84.06	
84.06	
84.06	
84.06	
84.06	
84.06	
84.06	
84.06	
83.56	
83.56	
83.56	
83.42	
81.74	
81.74	
81.74	
81.74	
81.74	
81.74	
81.74	
81.74	
81.74	
81.74	
81.67	
81.67	
81.67	
81.67	

Run no: 20
92.31	
92.31	
92.31	
92.31	
87.07	
83.16	
81.76	
81.76	
81.76	
81.76	
80.51	
79.81	
79.81	
79.81	
79.81	
79.6	
79.6	
79.6	
79.6	
79.6	
79.53	
79.53	
79.53	
79.53	
79.53	
79.53	
79.23	
79.23	
79.23	
79.23	
79.23	

Run no: 21
93.65	
92.03	
92.03	
92.03	
92.03	
86.28	
86.28	
86.12	
85.79	
85.79	
85.35	
82.79	
82.79	
82.79	
82.79	
82.79	
82.79	
82.79	
82.79	
82.43	
82.43	
81.97	
81.97	
81.97	
81.97	
81.97	
81.97	
81.97	
81.97	
81.97	
81.97	

Run no: 22
91.26	
91.26	
91.26	
91.26	
90.6	
90.6	
90.6	
87.98	
87.98	
87.98	
84.61	
84.61	
84.61	
84.54	
84.54	
84.54	
84.34	
84.26	
84.26	
84.26	
84.26	
84.26	
84.26	
84.26	
84.26	
84.26	
82.97	
82.97	
81.04	
81.04	
81.01	

Run no: 23
94.26	
92.95	
92.95	
88.91	
88.91	
88.91	
88.53	
88.53	
88.53	
88.53	
88.53	
85.13	
85.13	
85.13	
82.45	
82.45	
81.56	
81.56	
81.56	
81.56	
81.35	
81.35	
81.35	
81.35	
81.35	
81.3	
81.3	
81.3	
81.3	
80.42	
80.42	

Run no: 24
94.95	
94.95	
87.06	
87.06	
87.06	
84.93	
84.93	
84.93	
84.4	
84.4	
84.4	
81.07	
81.07	
81.07	
81.07	
79.55	
79.55	
79.55	
79.55	
79.55	
79.55	
79.55	
78.53	
78.53	
78.53	
78.53	
78.53	
78.38	
78.38	
78.38	
78.26	

Run no: 25
93.71	
93.71	
93.71	
92.21	
84.75	
84.75	
84.71	
82.5	
82.5	
82.5	
82.5	
82.35	
82.35	
82.35	
82.35	
82.35	
82.18	
82.18	
82.18	
82.18	
82.18	
81.68	
81.68	
81.68	
80.91	
80.91	
80.91	
79.76	
79.76	
79.76	
79.76	

Run no: 26
91.93	
91.93	
91.93	
91.93	
82.85	
82.85	
82.85	
82.83	
82.83	
82.83	
82.83	
81.66	
81.66	
81.66	
81.56	
81.56	
81.56	
81.56	
81.56	
81.01	
81.01	
81.01	
81.01	
81.01	
81.01	
81.01	
80.98	
80.98	
80.98	
80.98	
80.98	

Run no: 27
91.45	
91.45	
91.45	
91.45	
91.45	
91.45	
91.25	
91.25	
91.25	
86.01	
84.96	
84.96	
84.96	
84.96	
84.86	
84.48	
84.48	
84.48	
84.48	
84.48	
84.23	
78.24	
75.28	
75.28	
75.22	
75.22	
75.22	
75.22	
75.15	
75.15	
75.15	

Run no: 28
92.76	
92.28	
92.28	
91.3	
91.3	
91.3	
90.7	
90.7	
90.7	
90.7	
87.79	
87.79	
87.28	
87.28	
86.77	
86.77	
86.77	
86.77	
86.77	
86.7	
86.7	
86.7	
86.7	
84.73	
84.73	
84.73	
84.73	
84.73	
83.16	
83.16	
83.16	

Run no: 29
96.89	
96.89	
93.3	
93.3	
93.3	
93.3	
92.27	
91.58	
91.29	
91.29	
91.29	
91.29	
91.29	
90.39	
85.85	
85.77	
85.73	
85.73	
85.73	
85.62	
85.62	
85.62	
85.62	
85.62	
85.51	
85.51	
85.51	
85.51	
85.51	
82.48	
82.48	
