
Run no: 0
0	1	1000.0		3641	75.69
1	1	1000.0		70	95.45
2	1	0.041497976		70	95.45
3	1	0.23160395		335	86.19
4	1	0.00354251		2916	82.77
5	1	0.37348008		2971	82.7
6	1	0.38561946		3169	76.79
7	1	0.72276676		2916	82.77
8	1	0.76780725		335	86.19
9	1	0.1415183		110	91.81
10	1	2.800336E-4		122	89.08
11	1	0.06860455		3169	76.79
12	1	0.041657265		3478	76.53
13	1	0.0881556		3587	76.31
14	1	0.08332998		75	94.56
15	1	0.020404898		76	92.93
16	1	0.026143745		123	87.58
17	1	0.07927133		122	89.08
18	1	0.06429506		82	92.56
19	1	0.0		335	86.19
20	1	8.401008E-4		126	87.08
21	1	0.08383067		126	87.08
22	1	0.09968828		3478	76.53
23	1	0.042058043		72	94.63
24	1	1000.00055		70	95.45
25	1	0.0		105	91.82
26	1	0.015121815		3641	75.69
27	1	0.045040485		126	87.08
28	1	0.07619096		123	87.58
29	1	2.800336E-4		76	92.93
30	1	1000.0314		3641	75.69
31	1	0.0019062409		105	91.82
32	1	0.004382611		72	94.63
33	1	0.18847877		2916	82.77
34	1	0.0		75	94.56
35	1	0.13815789		122	89.08
36	1	0.0019062409		110	91.81
37	1	0.043890167		105	91.82
38	1	0.08248988		76	92.93
39	1	0.0038225437		75	94.56


Run no: 1
0	1	1000.00366		3610	77.24
1	1	1000.0		69	100.41
2	1	1000.0		69	100.41
3	1	1.1276327		91	85.84
4	1	0.0		3380	82.32
5	1	0.0		80	86.94
6	1	8.472183E-4		77	93.75
7	1	0.0		77	93.75
8	1	0.0014120305		72	99.91
9	1	0.08890807		3380	82.32
10	1	0.13917635		3558	80.26
11	1	0.037772577		3597	79.64
12	1	0.0		3610	77.24
13	1	0.0		3380	82.32
14	1	0.050268285		3380	82.32
15	1	0.0011296244		87	86.9
16	1	0.037772577		3558	80.26
17	1	0.10358222		3597	79.64
18	1	0.0		72	99.91
19	1	0.0		69	100.41
20	1	0.0036712794		3597	79.64
21	1	1000.1036		3610	77.24
22	1	0.047725655		87	86.9
23	1	0.0		87	86.9
24	1	0.0		80	86.94
25	1	0.26586103		77	93.75
26	1	8.472183E-4		72	99.91
27	1	0.0		87	86.9
28	1	0.021579629		72	99.91
29	1	0.0014120305		77	93.75
30	1	0.0		80	86.94
31	1	0.021579629		69	100.41
32	1	0.0025735886		80	86.94
33	1	0.29391456		77	93.75
34	1	0.26586103		72	99.91
35	1	1.0807543		3380	82.32
36	1	0.0		87	86.9
37	1	8.472183E-4		69	100.41
38	1	0.0017263703		87	86.9
39	1	0.29589137		80	86.94


Run no: 2
0	1	1000.0647		3747	76.69
1	1	1000.0466		3747	76.69
2	1	1000.0		69	91.08
3	1	1000.0		69	91.08
4	1	0.046560112		3509	77.36
5	1	0.9246873		108	81.85
6	1	0.011118833		75	90.92
7	1	0.008036818		79	84.43
8	1	0.9246873		3509	77.36
9	1	0.31392545		108	81.85
10	1	0.10000865		87	84.01
11	1	0.057950832		93	82.93
12	1	0.3767313		3509	77.36
13	1	0.012780573		94	82.1
14	1	0.07668344		93	82.93
15	1	0.03136203		83	84.33
16	1	0.021179592		101	81.92
17	1	0.05958215		94	82.1
18	1	0.0		69	91.08
19	1	0.0		75	90.92
20	1	0.0		79	84.43
21	1	0.0		108	81.85
22	1	0.004864489		108	81.85
23	1	0.0		75	90.92
24	1	0.0		79	84.43
25	1	0.0		75	90.92
26	1	0.0		79	84.43
27	1	0.0		69	91.08
28	1	0.45263895		75	90.92
29	1	0.0		75	90.92
30	1	0.0		69	91.08
31	1	0.0		79	84.43
32	1	0.011118833		69	91.08
33	1	0.0		69	91.08
34	1	0.0		79	84.43
35	1	0.0		75	90.92
36	1	0.0016313214		69	91.08
37	1	0.0010875476		75	90.92
38	1	0.0		79	84.43
39	1	0.45209518		79	84.43


Run no: 3
0	1	2000.0		6847	78.98
1	1	1000.0		70	89.31
2	1	1000.0		70	89.31
3	1	0.6795741		4420	80.05
4	1	0.6795741		130	87.07
5	1	0.63302344		130	87.07
6	1	0.63302344		4420	80.05
7	1	0.41219312		4482	79.59
8	1	0.1545757		119	88.65
9	1	0.1545757		130	87.07
10	1	0.051519282		112	88.72
11	1	0.04356244		111	89.17
12	1	0.027034096		4420	80.05
13	1	0.021592308		4480	79.63
14	1	0.021297192		4472	79.85
15	1	0.019602634		73	89.25
16	1	0.019361084		4472	79.85
17	1	0.007809285		119	88.65
18	1	0.007744434		111	89.17
19	1	0.0076730116		4472	79.85
20	1	0.0058083255		70	89.31
21	1	0.005607201		111	89.17
22	1	0.003872217		4480	79.63
23	1	0.0011804634		4480	79.63
24	1	0.0011804634		4472	79.85
25	1	4.4267374E-4		70	89.31
26	1	1.4755792E-4		111	89.17
27	1	0.0		130	87.07
28	1	0.0		130	87.07
29	1	0.0		4472	79.85
30	1	0.0		70	89.31
31	1	0.0		4472	79.85
32	1	0.0		70	89.31
33	1	0.0		111	89.17
34	1	0.0		70	89.31
35	1	0.0		70	89.31
36	1	0.0		111	89.17
37	1	0.0		70	89.31
38	1	0.0		111	89.17
39	1	0.0		111	89.17


Run no: 4
0	1	2000.0		3847	80.22
1	1	1000.1025		63	87.93
2	1	1000.0016		63	87.93
3	1	1.694412		3142	84.15
4	1	0.90464735		82	86.4
5	1	0.6334097		3544	80.39
6	1	0.29182878		82	86.4
7	1	0.20346472		69	87.14
8	1	0.10212328		3664	80.33
9	1	0.003435518		82	86.4
10	1	0.0		63	87.93
11	1	0.0		63	87.93
12	1	0.0		82	86.4
13	1	0.0		63	87.93
14	1	0.0		82	86.4
15	1	0.0		63	87.93
16	1	0.0		63	87.93
17	1	0.0		63	87.93
18	1	0.0		63	87.93
19	1	0.0		63	87.93
20	1	0.0		63	87.93
21	1	0.0		63	87.93
22	1	0.0		63	87.93
23	1	0.0		63	87.93
24	1	0.0		63	87.93
25	1	0.0		63	87.93
26	1	0.0		63	87.93
27	1	0.0		63	87.93
28	1	0.0		63	87.93
29	1	0.0		63	87.93
30	1	0.0		63	87.93
31	1	0.0		63	87.93
32	1	0.0		63	87.93
33	1	0.0		63	87.93
34	1	0.0		63	87.93
35	1	0.0		63	87.93
36	1	0.0		63	87.93
37	1	0.0		63	87.93
38	1	0.0		63	87.93
39	1	0.0		63	87.93


Run no: 5
0	1	2000.0		3313	76.86
1	1	2000.0		63	101.0
2	1	0.16859983		63	101.0
3	1	1.2835628		3161	79.68
4	1	1.1199751		135	84.24
5	1	0.40678173		71	96.43
6	1	0.0		135	84.24
7	1	9.2307694E-4		64	96.93
8	1	0.010356255		114	84.81
9	1	0.022866357		67	96.78
10	1	0.014806449		71	96.43
11	1	0.007929387		120	84.48
12	1	0.012923077		114	84.81
13	1	0.011279332		117	84.56
14	1	0.0		135	84.24
15	1	0.16890752		64	96.93
16	1	0.010865082		120	84.48
17	1	0.0033140017		117	84.56
18	1	0.07580779		114	84.81
19	1	0.0		117	84.56
20	1	9.2307694E-4		114	84.81
21	1	9.2307694E-4		117	84.56
22	1	0.006213753		64	96.93
23	1	0.01455739		135	84.24
24	1	0.0		64	96.93
25	1	3.076923E-4		63	101.0
26	1	0.4945895		72	86.64
27	2	2000.0		85	91.09
28	2	1000.00525		109	87.27
29	2	1000.0		109	87.27
30	2	1.5285777		94	91.03
31	2	1.2290576		103	87.29
32	2	0.3802356		103	87.29
33	2	0.25		109	87.27
34	2	0.21618673		90	91.06
35	2	0.20833333		85	91.09
36	2	0.16666667		90	91.06
37	2	0.007853403		85	91.09
38	2	0.007853403		90	91.06
39	2	0.0		103	87.29


Run no: 6
0	1	2000.0		4922	80.01
1	1	1000.0		70	93.07
2	1	1000.0		70	93.07
3	1	0.8364707		398	88.76
4	1	0.76409435		2467	84.35
5	1	0.47469097		3230	82.46
6	1	0.3615042		4906	82.25
7	1	0.17481369		4919	80.14
8	1	0.17122129		109	90.05
9	1	0.17122129		103	92.27
10	1	0.16156203		4906	82.25
11	1	0.11088968		2848	82.91
12	1	0.10468805		2589	83.48
13	1	0.09702477		2596	83.33
14	1	0.09175989		2467	84.35
15	1	0.0863937		2848	82.91
16	1	0.07692191		109	90.05
17	1	0.075144336		162	89.07
18	1	0.0719755		133	89.11
19	1	0.037165646		90	92.29
20	1	0.036753446		88	92.77
21	1	0.023383105		88	92.77
22	1	0.022970904		70	93.07
23	1	0.004946414		133	89.11
24	1	0.0042694067		156	89.09
25	1	0.004210701		90	92.29
26	1	0.0037098103		88	92.77
27	1	0.0037098103		70	93.07
28	1	0.0035037098		139	89.1
29	1	0.002767997		156	89.09
30	1	0.0026793075		4906	82.25
31	1	0.0026793075		103	92.27
32	1	0.0020023002		133	89.11
33	1	0.0020023002		139	89.1
34	1	0.0015313936		103	92.27
35	1	7.656968E-4		139	89.1
36	1	0.0		88	92.77
37	1	0.0		70	93.07
38	1	0.0		156	89.09
39	1	0.0		103	92.27


Run no: 7
0	1	2000.0		75	91.87
1	1	1000.0		5948	80.74
2	1	1000.0		5948	80.74
3	1	0.9595473		4138	85.09
4	1	0.8274654		284	86.22
5	1	0.35855803		5761	82.47
6	1	0.32789645		4405	83.35
7	1	0.08645255		190	89.77
8	1	0.0		207	86.85
9	1	0.18727638		5890	80.77
10	1	0.0		4734	82.57
11	1	0.26388642		190	89.77
12	1	0.09632826		181	90.7
13	1	0.008984726		4734	82.57
14	1	0.056603774		207	86.85
15	1	0.0		4734	82.57
16	1	0.05320157		106	91.06
17	1	0.0359207		96	91.51
18	1	0.0359207		75	91.87
19	1	0.03404772		106	91.06
20	1	0.042133976		96	91.51
21	1	0.0		181	90.7
22	1	0.013110846		207	86.85
23	1	0.0		181	90.7
24	1	0.262354		207	86.85
25	1	0.012571121		5948	80.74
26	1	0.0		181	90.7
27	1	0.0		4734	82.57
28	1	0.0		207	86.85
29	1	0.03234501		181	90.7
30	1	0.0028946025		207	86.85
31	1	0.0		181	90.7
32	1	0.0		207	86.85
33	1	0.0		181	90.7
34	1	0.05601907		4734	82.57
35	1	0.0		181	90.7
36	1	0.0		207	86.85
37	1	0.0		181	90.7
38	1	0.0015324366		181	90.7
39	1	0.24494891		4734	82.57


Run no: 8
0	1	2000.0		7227	77.55
1	1	1000.0		75	92.32
2	1	0.10155721		75	92.32
3	1	0.81025773		202	84.61
4	1	0.80532664		3603	80.85
5	1	0.48543173		3773	80.09
6	1	0.06364252		6455	79.57
7	1	0.24470554		6609	78.63
8	1	0.0		126	87.26
9	1	0.050778605		118	89.5
10	1	0.10759905		79	90.82
11	1	0.007212001		134	87.17
12	1	1000.0		75	92.32
13	1	0.0		142	85.67
14	1	0.109946474		142	85.67
15	1	0.021532439		6455	79.57
16	1	0.15291716		118	89.5
17	1	0.0020973154		109	90.25
18	1	0.0		94	90.77
19	1	0.0		109	90.25
20	1	0.375		6455	79.57
21	1	0.07288566		142	85.67
22	1	0.10267578		134	87.17
23	1	0.0		126	87.26
24	1	0.005482556		94	90.77
25	1	0.0		109	90.25
26	1	0.0011185682		118	89.5
27	1	0.0011185682		126	87.26
28	1	0.0060934327		126	87.26
29	1	0.0		75	92.32
30	1	0.0		75	92.32
31	1	0.0		142	85.67
32	1	5.592841E-4		75	92.32
33	1	0.0352065		109	90.25
34	1	0.037303817		94	90.77
35	1	0.052036993		109	90.25
36	1	0.0		6455	79.57
37	1	0.0352065		6455	79.57
38	1	0.0		126	87.26
39	1	0.15277733		126	87.26


Run no: 9
0	1	2000.0		5437	71.3
1	1	2000.0		67	99.94
2	1	0.0		67	99.94
3	1	0.5396415		119	87.72
4	1	0.6655261		2971	87.6
5	1	0.44155028		3596	78.67
6	1	0.046089385		5295	75.97
7	1	0.30891526		73	99.04
8	1	0.0016759776		78	90.38
9	1	0.18950187		5394	74.65
10	1	0.040409684		2973	83.75
11	1	0.0045623835		2971	87.6
12	1	0.124976724		5437	71.3
13	1	0.11112663		3142	81.59
14	1	0.106890135		2980	82.63
15	1	0.0		5295	75.97
16	1	0.06047486		3552	79.32
17	1	0.0050977655		105	87.77
18	1	0.042108938		87	89.27
19	1	0.31638733		5295	75.97
20	1	0.043947857		3378	81.57
21	1	0.037872437		3527	81.28
22	1	0.052374303		87	89.27
23	1	0.0		3545	80.13
24	1	0.13479981		2973	83.75
25	1	0.3023743		78	90.38
26	1	0.043505587		3527	81.28
27	1	0.0101256985		3378	81.57
28	1	0.029585661		3545	80.13
29	1	0.02655959		71	99.19
30	1	0.026187152		67	99.94
31	1	0.1127095		5295	75.97
32	1	0.005982309		71	99.19
33	1	0.054981377		105	87.77
34	1	0.043505587		3545	80.13
35	1	0.03968808		78	90.38
36	1	0.0016759776		87	89.27
37	1	0.0		71	99.19
38	1	7.4487895E-4		67	99.94
39	1	0.028445065		3378	81.57


Run no: 10
0	1	1000.2556		68	97.72
1	1	2000.0		4515	80.82
2	1	0.50199735		663	82.41
3	1	0.0059409775		4507	80.89
4	1	0.49021626		2427	82.03
5	1	0.39667192		2427	82.03
6	1	0.015100666		72	93.4
7	1	1000.0009		68	97.72
8	1	0.12596498		86	88.21
9	1	0.087207116		75	91.18
10	1	0.014650925		74	93.16
11	1	0.10697658		102	87.68
12	1	0.027810652		601	84.19
13	1	0.13730472		429	86.38
14	1	0.10492334		587	84.66
15	1	0.0910061		76	89.71
16	1	0.087207116		76	89.71
17	1	0.117384635		75	91.18
18	1	0.07201771		417	87.66
19	1	0.46773106		4507	80.89
20	1	0.0		424	86.63
21	1	0.0061420305		418	87.56
22	1	0.015917253		429	86.38
23	1	0.036427192		663	82.41
24	1	0.03552957		587	84.66
25	1	0.013941984		601	84.19
26	1	0.027810652		587	84.66
27	1	0.06745562		2427	82.03
28	1	0.016142124		424	86.63
29	1	0.25607103		72	93.4
30	1	0.117384635		74	93.16
31	1	0.108473636		601	84.19
32	1	0.05637881		418	87.56
33	1	0.00591716		417	87.66
34	1	0.0		4507	80.89
35	1	0.0		587	84.66
36	1	0.0		601	84.19
37	1	0.06745562		4507	80.89
38	1	2.248707E-4		417	87.66
39	1	0.05615394		424	86.63


Run no: 11
0	1	1000.0182		3487	84.51
1	1	1000.0		3487	84.51
2	1	1000.16327		73	98.78
3	1	0.0		73	98.78
4	1	1.0930445		3202	84.88
5	1	0.21452107		430	87.82
6	1	0.05676244		430	87.82
7	1	0.04742252		82	96.45
8	1	1000.0		73	98.78
9	1	0.13733241		401	88.63
10	1	0.1296426		129	92.2
11	1	0.053143635		385	90.35
12	1	0.20462796		385	90.35
13	1	0.10932313		129	92.2
14	1	0.08304689		87	94.66
15	1	0.079480015		86	95.79
16	1	0.0035668702		92	94.63
17	1	0.0028660994		3420	84.72
18	1	0.0032220269		103	93.6
19	1	0.06856059		387	89.6
20	1	0.8119508		430	87.82
21	1	0.056658573		387	89.6
22	1	0.04742252		86	95.79
23	1	0.16591582		82	96.45
24	1	0.04052976		115	92.69
25	1	0.023774277		113	93.26
26	1	0.038438533		115	92.69
27	1	0.023774277		106	93.57
28	1	0.04052976		113	93.26
29	1	0.013314646		3487	84.51
30	1	0.014779204		3425	84.7
31	1	0.019562058		3425	84.7
32	1	0.0029810471		106	93.57
33	1	0.0041007614		129	92.2
34	1	0.075401425		92	94.63
35	1	0.0021023126		103	93.6
36	1	0.07506705		3420	84.72
37	1	0.0		82	96.45
38	1	0.0026362038		73	98.78
39	1	0.07305813		103	93.6


Run no: 12
0	1	2000.0		100	86.27
1	1	1000.0		65	98.02
2	1	0.0		65	98.02
3	1	0.09361702		86	87.37
4	1	0.8305167		84	95.45
5	1	0.0		76	97.71
6	1	0.0		86	87.37
7	1	0.0		65	98.02
8	1	0.0		79	95.7
9	1	0.0		84	95.45
10	1	0.021276595		79	95.7
11	1	0.0		86	87.37
12	1	0.026382979		76	97.71
13	1	0.0		86	87.37
14	1	0.0		84	95.45
15	1	0.48534957		76	97.71
16	1	0.0		65	98.02
17	1	0.0		84	95.45
18	1	0.08571429		79	95.7
19	1	0.0		65	98.02
20	1	0.0		84	95.45
21	1	0.17106383		79	95.7
22	1	0.08571429		76	97.71
23	1	1000.0		65	98.02
24	1	0.021276595		84	95.45
25	1	0.0		79	95.7
26	1	0.0		86	87.37
27	1	0.0		84	95.45
28	1	0.0		65	98.02
29	1	0.0		79	95.7
30	1	0.057142857		86	87.37
31	1	0.026382979		65	98.02
32	1	0.0		86	87.37
33	1	0.31428573		65	98.02
34	1	0.0		84	95.45
35	1	0.14285715		79	95.7
36	1	0.057142857		84	95.45
37	1	0.0		86	87.37
38	1	0.0		86	87.37
39	1	1.0876596		86	87.37


Run no: 13
0	1	1000.0		3726	82.32
1	1	1000.0		69	92.74
2	1	0.0		69	92.74
3	1	0.12742685		3726	82.32
4	1	0.040028404		92	85.05
5	1	0.86628383		3260	84.65
6	1	2.7344818E-4		70	88.37
7	1	0.0		69	92.74
8	1	0.22360845		3260	84.65
9	1	1000.22363		3726	82.32
10	1	0.03358925		86	85.4
11	1	0.0		74	87.62
12	1	0.16581456		3260	84.65
13	1	0.0		73	87.97
14	1	0.038387716		70	88.37
15	1	0.2163332		86	85.4
16	1	0.0		92	85.05
17	1	0.0		74	87.62
18	1	0.038387716		73	87.97
19	1	0.21305183		74	87.62
20	1	0.0016406891		86	85.4
21	1	0.8998731		92	85.05
22	1	0.0		70	88.37
23	1	0.0		73	87.97
24	1	2.7344818E-4		74	87.62
25	1	8.2034455E-4		70	88.37
26	1	0.034409598		73	87.97
27	1	1000.0		69	92.74
28	1	0.0		69	92.74
29	1	0.0		70	88.37
30	1	0.4193858		70	88.37
31	1	0.0		73	87.97
32	1	0.0		74	87.62
33	1	0.4193858		69	92.74
34	1	0.0		70	88.37
35	1	2.7344818E-4		69	92.74
36	1	0.0		73	87.97
37	1	0.0		74	87.62
38	1	2.7344818E-4		73	87.97
39	1	0.03687063		74	87.62


Run no: 14
0	1	2000.0		2882	74.95
1	1	1000.429		77	105.53
2	1	0.063101605		2882	74.95
3	1	0.0		77	105.53
4	1	0.7508996		2385	75.36
5	1	0.7232049		494	76.86
6	1	1000.0011		77	105.53
7	1	0.0010695187		80	92.41
8	1	0.3439144		151	77.07
9	1	0.23532489		133	84.07
10	1	0.012662384		81	88.98
11	1	0.11216481		80	92.41
12	1	0.020559382		440	76.9
13	1	0.057848908		106	86.83
14	1	0.0057041		116	84.32
15	1	0.066197306		2437	75.08
16	1	0.039156698		2705	74.97
17	1	6.540222E-4		2882	74.95
18	1	0.057040997		2597	75.05
19	1	0.08386232		106	86.83
20	1	0.056066375		101	88.49
21	1	0.0		494	76.86
22	1	0.0026160888		2597	75.05
23	1	0.0657177		2705	74.97
24	1	0.10858949		440	76.9
25	1	0.019519357		2437	75.08
26	1	0.019251337		494	76.86
27	1	0.014088408		89	88.68
28	1	0.11252132		81	88.98
29	1	0.002318573		132	84.26
30	1	0.010491286		101	88.49
31	1	0.005527129		116	84.32
32	1	0.0065697175		133	84.07
33	1	0.009065261		89	88.68
34	1	0.0		89	88.68
35	1	0.08207979		116	84.32
36	1	0.039483707		2597	75.05
37	1	0.011917311		132	84.26
38	1	0.0013080444		494	76.86
39	1	0.42939508		80	92.41


Run no: 15
0	1	2000.0		72	93.98
1	1	2000.0		7163	73.38
2	1	0.013405137		7163	73.38
3	1	0.52520037		3131	82.97
4	1	0.0022563813		406	85.06
5	1	0.42741132		4333	78.45
6	1	0.079615004		5799	75.99
7	1	0.23944053		7154	73.63
8	1	0.09417811		6009	74.96
9	1	0.16893765		390	86.06
10	1	0.32615843		5799	75.99
11	1	0.14685695		3484	80.63
12	1	0.13605604		3397	82.93
13	1	0.22041807		4331	80.53
14	1	0.01540925		344	88.36
15	1	0.48574626		406	85.06
16	1	0.107992284		3417	80.9
17	1	0.0		4331	80.53
18	1	0.09973425		72	93.98
19	1	0.09973425		77	91.94
20	1	0.0738027		77	91.94
21	1	0.0024434775		84	90.44
22	1	0.010357105		268	89.4
23	1	0.053363215		143	89.41
24	1	0.0		6009	74.96
25	1	0.045794		338	88.66
26	1	0.0073793116		134	90.11
27	1	0.21147229		6009	74.96
28	1	0.01540925		338	88.66
29	1	0.015927272		3417	80.9
30	1	0.11813758		344	88.36
31	1	0.019029798		92	90.14
32	1	0.015691297		88	90.41
33	1	0.05355031		268	89.4
34	1	0.035249796		134	90.11
35	1	0.002020406		92	90.14
36	1	0.0051364168		4331	80.53
37	1	0.0047622244		3397	82.93
38	1	0.048543688		406	85.06
39	1	0.07337963		84	90.44


Run no: 16
0	1	1000.9023		56	88.52
1	1	1000.049		4016	84.74
2	1	1000.00793		4016	84.74
3	1	1000.0		56	88.52
4	1	1.4498918		3629	86.45
5	1	0.54761904		56	88.52
6	1	0.27513227		3801	85.81
7	1	0.27513227		3822	84.77
8	1	0.1746152		3801	85.81
9	1	0.16931216		3629	86.45
10	1	0.056926407		3822	84.77
11	1	0.043434344		3801	85.81
12	1	0.043434344		3629	86.45
13	1	0.0053030304		3822	84.77
14	1	0.0		56	88.52
15	1	0.0		4016	84.74
16	1	0.0		3629	86.45
17	1	0.0		56	88.52
18	1	0.0		3822	84.77
19	1	0.0		56	88.52
20	1	0.0		56	88.52
21	1	0.0		56	88.52
22	1	0.0		56	88.52
23	1	0.0		56	88.52
24	1	0.0		56	88.52
25	1	0.0		56	88.52
26	1	0.0		3629	86.45
27	1	0.0		56	88.52
28	1	0.0		56	88.52
29	1	0.0		56	88.52
30	1	0.0		56	88.52
31	1	0.0		56	88.52
32	1	0.0		56	88.52
33	1	0.0		56	88.52
34	1	0.0		56	88.52
35	1	0.0		3629	86.45
36	1	0.0		56	88.52
37	1	0.0		56	88.52
38	1	0.0		56	88.52
39	1	0.0		56	88.52


Run no: 17
0	1	2000.0		3636	80.5
1	1	1000.00616		68	96.76
2	1	1000.0		68	96.76
3	1	1.0310413		3359	81.36
4	1	0.0		286	83.35
5	1	0.5098401		76	88.37
6	1	0.5106809		71	96.66
7	1	0.32111353		99	86.48
8	1	0.8612668		286	83.35
9	1	0.052410316		286	83.35
10	1	0.07967846		97	87.71
11	1	0.06913924		3482	81.15
12	1	0.007605875		3485	80.81
13	1	0.19249693		286	83.35
14	1	0.05434048		3635	80.7
15	1	0.0		76	88.37
16	1	0.034440346		79	87.81
17	1	0.0		3635	80.7
18	1	0.020910209		3485	80.81
19	1	0.0		3635	80.7
20	1	8.4080716E-4		68	96.76
21	1	0.0		71	96.66
22	1	0.004250575		89	87.73
23	1	0.003472165		87	87.79
24	1	0.003472165		89	87.73
25	1	0.003690037		87	87.79
26	1	8.4080716E-4		79	87.81
27	1	0.0		79	87.81
28	1	0.0014013452		76	88.37
29	1	0.0		71	96.66
30	1	5.6053814E-4		87	87.79
31	1	0.007551407		71	96.66
32	1	0.03528115		76	88.37
33	1	0.0		87	87.79
34	1	0.122386225		286	83.35
35	1	0.0		3485	80.81
36	1	0.003472165		79	87.81
37	1	0.0		3485	80.81
38	1	0.04204036		3485	80.81
39	1	0.0070453365		3635	80.7


Run no: 18
0	1	2000.0		5250	80.17
1	1	1000.00055		76	94.73
2	1	1000.0		76	94.73
3	1	0.72005975		2298	81.91
4	1	0.59617454		5040	80.42
5	1	0.5384167		2670	81.59
6	1	0.40993428		177	86.17
7	1	0.35733613		80	89.37
8	1	0.35733613		79	94.57
9	1	0.29470843		177	86.17
10	1	0.109268874		166	87.73
11	1	0.10714286		177	86.17
12	1	0.059090093		84	88.62
13	1	0.054258242		109	87.83
14	1	0.052284084		84	88.62
15	1	0.052284084		80	89.37
16	1	0.049495418		2588	81.7
17	1	0.041940473		2371	81.86
18	1	0.026837483		2588	81.7
19	1	0.023403417		2670	81.59
20	1	0.017543072		2371	81.86
21	1	0.011568833		79	94.57
22	1	0.010989011		2371	81.86
23	1	0.010989011		76	94.73
24	1	0.0062054778		141	87.81
25	1	0.00618477		109	87.83
26	1	0.00618477		141	87.81
27	1	0.0054945056		166	87.73
28	1	0.0054945056		141	87.81
29	1	0.0048318515		109	87.83
30	1	0.0048318515		166	87.73
31	1	0.0013736264		109	87.83
32	1	0.0		76	94.73
33	1	0.0		177	86.17
34	1	0.0		84	88.62
35	1	0.0		80	89.37
36	1	0.0		79	94.57
37	1	0.0		177	86.17
38	1	0.0		84	88.62
39	1	0.0		76	94.73


Run no: 19
0	1	2000.0		69	98.57
1	1	2000.0		708	82.74
2	1	0.6887321		96	88.55
3	1	0.069862		78	89.21
4	1	0.0		441	87.3
5	1	0.008843967		75	97.69
6	1	0.027163614		702	83.17
7	1	0.0		465	86.22
8	1	0.20206182		465	86.22
9	1	0.0		702	83.17
10	1	0.0		441	87.3
11	1	0.0093896715		459	86.97
12	1	0.047378395		465	86.22
13	1	0.0046948357		72	97.83
14	1	0.54038656		78	89.21
15	1	0.036768798		446	87.23
16	1	0.047378395		459	86.97
17	1	0.0044219834		446	87.23
18	1	0.020344287		459	86.97
19	1	0.54038656		75	97.69
20	1	0.0093896715		702	83.17
21	1	0.37089202		465	86.22
22	1	0.0		72	97.83
23	1	0.0		446	87.23
24	1	0.5399061		441	87.3
25	1	0.0046948357		75	97.69
26	1	0.046746682		72	97.83
27	1	0.008843967		72	97.83
28	1	0.0		441	87.3
29	1	0.0		441	87.3
30	1	0.37089202		702	83.17
31	1	0.0044219834		441	87.3
32	1	0.0		459	86.97
33	1	0.19267215		702	83.17
34	1	0.007824726		446	87.23
35	1	0.0		446	87.23
36	1	0.0		75	97.69
37	1	0.01642451		459	86.97
38	1	0.0046948357		72	97.83
39	1	0.08678872		441	87.3


Run no: 20
0	1	1.0653043		207	89.28
1	1	0.0		3468	84.64
2	1	0.088111885		3468	84.64
3	1	2000.0		68	91.16
4	1	2000.0		5663	84.01
5	1	0.027972028		77	90.52
6	1	0.0		68	91.16
7	1	0.39231455		3468	84.64
8	1	0.091119066		73	91.13
9	1	0.1642213		102	90.32
10	1	0.14631195		2718	85.52
11	1	0.25712517		3468	84.64
12	1	7.14924E-4		77	90.52
13	1	0.97466767		2588	85.88
14	1	0.13404825		2718	85.52
15	1	0.0		77	90.52
16	1	0.0		2718	85.52
17	1	0.05034965		2718	85.52
18	1	0.0		77	90.52
19	1	0.032440305		102	90.32
20	1	0.0050894595		68	91.16
21	1	0.0		77	90.52
22	1	0.08978296		77	90.52
23	2	2000.0		5665	84.01
24	3	2000.0		5865	84.01
25	3	2000.0		5865	84.01
26	5	2000.0		2953	85.76
27	5	2000.0		2953	85.76
28	6	2000.0		2877	85.9
29	6	2000.0		2754	88.06
30	6	1.4232159		2768	86.9
31	6	1.3491418		2877	85.9
32	6	0.57678413		2768	86.9
33	6	0.0		2768	86.9
34	6	0.0		2768	86.9
35	6	0.0		2768	86.9
36	6	0.0		2768	86.9
37	6	0.0		2768	86.9
38	6	0.0		2768	86.9
39	6	0.0		2768	86.9


Run no: 21
0	1	2000.0		101	84.59
1	1	1000.0		62	101.42
2	1	0.0		62	101.42
3	1	0.0		84	91.22
4	1	0.0		84	91.22
5	1	0.0		101	84.59
6	1	0.0		101	84.59
7	1	0.0		81	95.82
8	1	0.82983685		84	91.22
9	1	0.17793319		78	97.52
10	1	0.046437223		63	98.19
11	1	0.1788016		68	97.84
12	1	0.10494081		74	97.73
13	1	0.028017735		69	97.77
14	1	0.0		63	98.19
15	1	0.14068286		74	97.73
16	1	0.27332145		81	95.82
17	1	0.07692308		81	95.82
18	1	0.07692308		81	95.82
19	1	0.102564104		78	97.52
20	1	0.12820514		63	98.19
21	1	0.0		69	97.77
22	1	1000.0		62	101.42
23	1	0.1919192		63	98.19
24	1	0.012477718		78	97.52
25	1	0.0		69	97.77
26	1	0.1919192		62	101.42
27	1	0.0		101	84.59
28	1	0.07692308		84	91.22
29	1	0.0		84	91.22
30	1	0.82983685		101	84.59
31	1	0.0		63	98.19
32	1	0.025641026		62	101.42
33	1	0.0		69	97.77
34	1	0.0		78	97.52
35	1	0.0		78	97.52
36	1	0.27332145		84	91.22
37	1	0.1010101		81	95.82
38	1	0.0		69	97.77
39	1	0.13236438		69	97.77


Run no: 22
0	1	1000.0061		2844	75.9
1	1	1000.0		63	99.83
2	1	0.020894274		63	99.83
3	1	1000.0		2844	75.9
4	1	0.97811157		2724	76.15
5	1	0.8274097		459	79.16
6	1	0.3951643		408	80.88
7	1	0.111529		99	90.19
8	1	0.051642895		73	92.79
9	1	0.021973023		70	97.83
10	1	0.0		459	79.16
11	1	0.39228764		99	90.19
12	1	0.05344081		81	91.58
13	1	0.060904443		82	90.23
14	1	0.05359708		2827	76.13
15	1	0.21349095		73	92.79
16	1	0.056774125		81	91.58
17	1	0.042507716		68	98.33
18	1	0.0428673		65	99.33
19	1	0.13116962		408	80.88
20	1	0.011545421		425	80.4
21	1	0.21133345		70	97.83
22	1	0.021613441		65	99.33
23	1	0.021973023		68	98.33
24	1	1000.00073		63	99.83
25	1	0.018756311		444	79.79
26	1	0.018046914		442	79.95
27	1	0.006870843		429	80.27
28	1	0.014392782		455	79.47
29	1	0.12722187		459	79.16
30	1	0.0074053337		442	79.95
31	1	0.0		2844	75.9
32	1	0.0063363523		450	79.57
33	1	0.007784451		90	90.2
34	1	0.018046914		429	80.27
35	1	0.010991395		450	79.57
36	1	0.0		425	80.4
37	1	0.009611366		2844	75.9
38	1	0.0059767696		455	79.47
39	1	0.021496836		425	80.4


Run no: 23
0	1	2000.0		3961	77.22
1	1	0.05894075		3961	77.22
2	1	0.34611976		3791	77.29
3	1	0.17145962		3742	79.1
4	1	2000.0		67	81.8
5	1	0.40777996		3744	78.55
6	1	1.5332793		3714	79.3
7	2	2000.0		69	99.51
8	2	1000.9471		3716	79.3
9	2	1000.0		3716	79.3
10	2	1.2581735		262	82.63
11	2	0.2956725		71	96.01
12	2	0.29539832		72	90.04
13	2	0.17372999		71	96.01
14	2	0.16476992		3716	79.3
15	2	0.14796895		221	85.36
16	2	0.13370441		72	90.04
17	2	0.13260762		76	87.36
18	2	0.06782309		86	87.07
19	2	0.05987135		115	85.86
20	2	0.026568577		174	85.57
21	2	0.022301072		115	85.86
22	2	0.017091312		86	87.07
23	2	0.01617768		115	85.86
24	2	0.015446124		76	87.36
25	2	0.014349332		174	85.57
26	2	0.012887305		174	85.57
27	2	0.011242117		221	85.36
28	2	0.010390895		221	85.36
29	2	0.0027419797		76	87.36
30	2	2.7419798E-4		72	90.04
31	2	0.0		3716	79.3
32	2	0.0		72	90.04
33	2	0.0		71	96.01
34	2	0.0		86	87.07
35	2	0.0		174	85.57
36	2	0.0		86	87.07
37	2	0.0		76	87.36
38	2	0.0		71	96.01
39	2	0.0		86	87.07


Run no: 24
0	1	2000.0		83	106.04
1	1	1000.0		5839	78.47
2	1	0.0		83	106.04
3	1	0.0		5839	78.47
4	1	1.0787556		4171	79.95
5	1	0.0		215	81.88
6	1	0.0		94	82.78
7	1	0.0		89	98.15
8	1	0.34346613		5727	78.54
9	1	0.0		83	106.04
10	1	0.287223		89	98.15
11	1	0.05170892		168	82.15
12	1	0.0119874915		99	82.75
13	1	0.0		5839	78.47
14	1	0.008165393		215	81.88
15	1	0.07000363		215	81.88
16	1	0.019457957		5839	78.47
17	1	8.6865877E-4		94	82.78
18	1	0.0019567981		99	82.75
19	1	0.0		89	98.15
20	1	0.0		83	106.04
21	1	0.021762786		99	82.75
22	1	0.0010881393		94	82.78
23	1	0.55835867		89	98.15
24	1	1000.00256		5839	78.47
25	1	0.68728286		215	81.88
26	1	0.0		94	82.78
27	1	0.0		215	81.88
28	1	0.0		215	81.88
29	1	0.0		99	82.75
30	1	0.009793254		215	81.88
31	1	0.0		94	82.78
32	1	0.28618065		83	106.04
33	1	0.0		83	106.04
34	1	0.0		89	98.15
35	1	0.0		83	106.04
36	1	0.0		94	82.78
37	1	0.0010423906		83	106.04
38	1	0.0		94	82.78
39	1	0.55835867		94	82.78


Run no: 25
0	1	2000.0		3416	77.61
1	1	2000.0		64	96.02
2	1	0.0		64	96.02
3	1	1.0257007		3128	79.52
4	1	0.90675193		728	81.73
5	1	0.4632423		67	95.83
6	1	0.01629549		91	87.64
7	1	0.0		131	85.61
8	1	0.08193622		633	85.55
9	1	0.0032590984		633	85.55
10	1	0.079304725		640	84.08
11	1	0.0020883055		640	84.08
12	1	0.048343293		653	82.62
13	1	0.063850746		97	87.34
14	1	2.9832937E-4		98	86.17
15	1	0.0038782817		653	82.62
16	1	0.008575551		120	85.68
17	1	0.0		653	82.62
18	1	0.02188775		104	86.05
19	1	0.0017899761		97	87.34
20	1	0.0		91	87.64
21	1	0.023379397		120	85.68
22	1	0.0071599046		91	87.64
23	1	0.008308173		98	86.17
24	1	0.0		104	86.05
25	1	0.00477327		104	86.05
26	1	0.0		640	84.08
27	1	0.10167943		653	82.62
28	1	0.15356362		131	85.61
29	1	0.0065407213		131	85.61
30	1	0.14976133		633	85.55
31	1	0.08372619		640	84.08
32	1	0.01629549		97	87.34
33	1	0.0		98	86.17
34	1	0.006518197		104	86.05
35	1	0.0		91	87.64
36	1	0.010320478		64	96.02
37	1	0.06355242		98	86.17
38	1	8.949881E-4		64	96.02
39	1	0.44665688		91	87.64


Run no: 26
0	1	2000.0		6291	73.48
1	1	1000.0		67	93.31
2	1	1000.0		67	93.31
3	1	0.1076513		2824	90.27
4	1	0.5024755		6036	78.25
5	1	0.055471506		3532	79.35
6	1	0.3488591		771	90.56
7	1	0.33993953		3496	79.65
8	1	0.23146747		3403	85.68
9	1	0.2368247		6225	77.24
10	1	0.3971117		3403	85.68
11	1	0.10221555		649	90.81
12	1	0.015499191		85	93.06
13	1	0.56131965		2824	90.27
14	1	0.014942159		3403	85.68
15	1	0.0		649	90.81
16	1	0.0		85	93.06
17	1	0.0057840617		3532	79.35
18	1	0.02905748		6107	77.59
19	1	0.052241772		6107	77.59
20	1	0.0010085729		750	90.58
21	1	0.4174422		3532	79.35
22	1	0.20408142		85	93.06
23	1	0.0		750	90.58
24	1	0.12969196		649	90.81
25	1	0.016227506		750	90.58
26	1	0.0		750	90.58
27	1	0.012607161		67	93.31
28	1	0.0		67	93.31
29	1	0.0		67	93.31
30	1	0.0		750	90.58
31	1	0.0		750	90.58
32	1	0.0		750	90.58
33	1	0.0		67	93.31
34	1	0.0		67	93.31
35	1	0.0		750	90.58
36	1	0.0		750	90.58
37	1	0.0028920309		67	93.31
38	1	0.0		750	90.58
39	1	0.014972624		750	90.58


Run no: 27
0	1	2000.0		5484	82.52
1	1	0.5652689		2466	87.06
2	1	0.5520357		91	89.21
3	1	0.3124615		78	95.58
4	1	0.27418938		2896	83.36
5	1	0.24817601		4326	83.17
6	1	0.27418938		4326	83.17
7	1	0.24207295		78	95.58
8	1	0.0018474044		81	91.01
9	1	0.023182297		2755	83.8
10	1	0.096684076		91	89.21
11	1	0.09539089		81	91.01
12	1	0.081363566		2711	85.19
13	1	0.054342013		2514	86.37
14	1	0.0492307		2896	83.36
15	1	0.040945217		2514	86.37
16	1	0.03688093		2657	85.67
17	1	0.0		2492	86.9
18	1	0.0012931831		2657	85.67
19	1	0.026048401		2755	83.8
20	1	0.081363566		2755	83.8
21	1	0.0012931831		2704	85.3
22	1	0.0060964343		2671	85.49
23	1	0.012494216		2492	86.9
24	1	0.0012931831		2671	85.49
25	1	0.011892009		2704	85.3
26	1	0.0070887576		2711	85.19
27	1	0.010010538		2671	85.49
28	1	0.0076156277		2664	85.61
29	1	0.0		2704	85.3
30	1	0.032727383		2492	86.9
31	1	0.0044544055		2664	85.61
32	1	0.029579105		2657	85.67
33	1	0.24077977		81	91.01
34	1	0.0		2657	85.67
35	1	0.010010538		2704	85.3
36	1	0.006322445		2671	85.49
37	1	2000.0		71	101.5
38	2	2000.0		72	106.08
39	2	NaN		72	106.08


Run no: 28
0	1	2000.0		4776	79.48
1	1	1000.0		75	96.25
2	1	1000.0		75	96.25
3	1	1.1173651		204	90.49
4	1	1.0858098		2813	82.02
5	1	0.54327875		4774	79.66
6	1	0.40331843		2878	81.82
7	1	0.1650469		76	93.5
8	1	0.16419603		75	96.25
9	1	0.13007775		112	91.78
10	1	0.12880144		2878	81.82
11	1	0.09004174		108	93.29
12	1	0.057904553		114	91.13
13	1	0.03858883		114	91.13
14	1	0.019329423		81	93.47
15	1	0.013826845		2878	81.82
16	1	0.011926059		2878	81.82
17	1	0.010733453		108	93.29
18	1	0.005743459		108	93.29
19	1	0.0017889087		76	93.5
20	1	8.508828E-4		108	93.29
21	1	2.127207E-4		76	93.5
22	1	0.0		75	96.25
23	1	0.0		76	93.5
24	1	0.0		75	96.25
25	1	0.0		2878	81.82
26	1	0.0		114	91.13
27	1	0.0		114	91.13
28	1	0.0		108	93.29
29	1	0.0		108	93.29
30	1	0.0		76	93.5
31	1	0.0		108	93.29
32	1	0.0		76	93.5
33	1	0.0		76	93.5
34	1	0.0		114	91.13
35	1	0.0		76	93.5
36	1	0.0		114	91.13
37	1	0.0		108	93.29
38	1	0.0		76	93.5
39	1	0.0		108	93.29


Run no: 29
0	1	2000.0		446	80.31
1	1	1000.0		59	91.5
2	1	0.060768545		59	91.5
3	1	1.2019175		109	84.8
4	1	0.0		413	80.96
5	1	0.62581486		74	90.82
6	1	0.0		84	85.22
7	1	0.04134367		413	80.96
8	1	0.0		59	91.5
9	1	0.0		90	85.07
10	1	0.041634627		438	80.35
11	1	0.34316355		413	80.96
12	1	0.04134367		429	80.6
13	1	0.0		59	91.5
14	1	0.0		413	80.96
15	1	0.03217158		429	80.6
16	1	0.02820902		429	80.6
17	1	0.013404826		84	85.22
18	1	0.024128687		90	85.07
19	1	0.017388172		433	80.4
20	1	0.015503876		90	85.07
21	1	0.5159507		84	85.22
22	1	0.013404826		90	85.07
23	1	0.025839793		84	85.22
24	1	0.0		433	80.4
25	1	0.0		433	80.4
26	1	0.0		433	80.4
27	1	0.04909561		90	85.07
28	1	0.0		84	85.22
29	1	0.0		59	91.5
30	1	0.81770134		413	80.96
31	1	0.0		413	80.96
32	1	0.010335918		433	80.4
33	1	0.0		84	85.22
34	1	0.0		90	85.07
35	1	0.0		433	80.4
36	1	0.0		433	80.4
37	1	0.0		59	91.5
38	1	0.017873101		433	80.4
39	1	1000.03876		59	91.5

