
Run no: 0
97.9	
97.09	
97.09	
95.67	
95.67	
89.08	
89.08	
89.08	
86.47	
86.47	
86.47	
86.47	
85.72	
85.72	
85.72	
84.78	
79.23	
79.23	
76.74	
76.74	
76.09	
76.09	
75.84	
75.84	
75.69	
75.69	
75.69	
75.69	
75.69	
75.69	
75.69	

Run no: 1
98.72	
89.61	
89.61	
89.61	
89.51	
89.51	
89.51	
89.51	
89.51	
89.37	
89.37	
86.94	
82.23	
82.06	
82.06	
82.06	
82.06	
82.06	
82.06	
80.54	
80.54	
80.54	
80.54	
80.54	
80.24	
80.24	
80.2	
80.2	
77.24	
77.24	
77.24	

Run no: 2
92.69	
92.69	
90.52	
89.74	
89.74	
84.43	
84.43	
84.43	
84.43	
84.43	
84.43	
84.17	
84.17	
84.17	
82.47	
82.47	
82.47	
82.47	
77.16	
77.16	
77.16	
76.74	
76.74	
76.74	
76.74	
76.69	
76.69	
76.69	
76.69	
76.69	
76.69	

Run no: 3
95.78	
81.09	
81.09	
81.09	
81.09	
81.08	
80.84	
80.62	
80.62	
80.62	
80.62	
80.43	
80.43	
80.43	
80.43	
80.43	
80.43	
80.43	
80.36	
80.36	
79.85	
79.85	
79.85	
79.85	
79.85	
79.73	
79.73	
79.63	
79.63	
79.63	
78.98	

Run no: 4
94.96	
94.96	
94.5	
91.7	
91.7	
91.7	
91.56	
91.56	
91.56	
90.83	
90.83	
90.83	
90.83	
90.83	
90.83	
90.83	
85.45	
85.45	
85.45	
85.45	
85.45	
85.45	
85.45	
85.45	
85.45	
80.7	
80.7	
80.7	
80.7	
80.22	
80.22	

Run no: 5
94.72	
94.72	
94.72	
92.83	
92.83	
87.78	
87.78	
82.0	
82.0	
82.0	
82.0	
82.0	
82.0	
81.85	
81.85	
81.83	
81.83	
81.83	
76.86	
76.86	
76.86	
76.86	
76.86	
76.86	
76.86	
76.86	
76.86	
76.86	
76.86	
76.86	
76.86	

Run no: 6
93.34	
93.34	
93.34	
93.34	
91.89	
90.1	
90.1	
86.32	
86.32	
85.69	
85.69	
85.69	
80.31	
80.31	
80.31	
80.31	
80.31	
80.31	
80.31	
80.31	
80.31	
80.31	
80.31	
80.31	
80.01	
80.01	
80.01	
80.01	
80.01	
80.01	
80.01	

Run no: 7
97.55	
95.71	
93.42	
93.25	
93.25	
93.25	
93.25	
87.03	
87.03	
87.03	
87.03	
86.41	
86.41	
86.41	
86.41	
86.41	
85.86	
85.86	
83.68	
83.68	
83.68	
83.66	
83.66	
83.66	
80.8	
80.77	
80.77	
80.77	
80.74	
80.74	
80.74	

Run no: 8
90.24	
90.24	
90.24	
90.24	
84.61	
84.61	
84.61	
84.61	
84.61	
84.61	
81.79	
81.79	
81.79	
81.79	
81.79	
81.79	
78.14	
78.14	
78.14	
78.14	
78.14	
78.14	
78.14	
78.14	
78.14	
77.55	
77.55	
77.55	
77.55	
77.55	
77.55	

Run no: 9
94.44	
94.44	
94.44	
93.94	
93.94	
82.03	
82.03	
82.03	
82.03	
82.03	
82.03	
81.66	
81.66	
80.8	
80.8	
80.8	
80.21	
80.21	
79.32	
79.32	
71.62	
71.62	
71.62	
71.62	
71.62	
71.62	
71.62	
71.59	
71.59	
71.59	
71.3	

Run no: 10
89.93	
89.93	
89.93	
89.93	
89.93	
89.93	
89.48	
89.48	
89.48	
89.48	
88.3	
84.67	
83.45	
83.45	
83.45	
83.45	
83.45	
83.45	
83.38	
83.38	
83.38	
82.88	
82.88	
82.03	
82.03	
82.03	
82.03	
80.89	
80.89	
80.89	
80.82	

Run no: 11
90.6	
84.98	
84.98	
84.58	
84.58	
84.58	
84.58	
84.58	
84.58	
84.58	
84.58	
84.58	
84.58	
84.52	
84.52	
84.52	
84.52	
84.52	
84.52	
84.52	
84.52	
84.51	
84.51	
84.51	
84.51	
84.51	
84.51	
84.51	
84.51	
84.51	
84.51	

Run no: 12
96.27	
95.94	
95.7	
95.7	
93.98	
93.98	
90.62	
89.23	
89.23	
89.23	
89.23	
89.23	
89.2	
89.19	
89.19	
89.19	
89.19	
89.19	
88.87	
87.93	
87.92	
87.37	
87.37	
87.37	
87.37	
87.37	
87.18	
87.18	
87.18	
87.18	
86.27	

Run no: 13
95.84	
93.51	
92.63	
92.01	
89.77	
89.77	
89.77	
89.2	
89.2	
89.2	
89.05	
88.37	
88.37	
88.37	
87.74	
87.74	
87.74	
87.74	
85.43	
85.43	
85.36	
85.36	
85.36	
85.36	
85.36	
85.36	
85.36	
85.36	
82.32	
82.32	
82.32	

Run no: 14
92.6	
92.6	
92.6	
92.6	
89.13	
89.13	
89.13	
88.15	
87.13	
87.13	
75.02	
75.02	
75.02	
75.02	
74.95	
74.95	
74.95	
74.95	
74.95	
74.95	
74.95	
74.95	
74.95	
74.95	
74.95	
74.95	
74.95	
74.95	
74.95	
74.95	
74.95	

Run no: 15
93.63	
93.63	
93.63	
93.37	
91.94	
83.14	
83.14	
83.14	
83.14	
83.14	
83.14	
83.14	
79.85	
79.75	
79.75	
76.59	
76.59	
76.59	
76.59	
76.09	
75.99	
75.99	
73.96	
73.96	
73.96	
73.38	
73.38	
73.38	
73.38	
73.38	
73.38	

Run no: 16
98.41	
98.41	
92.29	
92.29	
92.29	
92.29	
91.87	
91.11	
91.11	
91.11	
91.11	
91.11	
91.11	
89.59	
89.59	
86.24	
86.24	
86.24	
86.24	
86.24	
86.24	
86.24	
86.24	
86.24	
86.24	
84.84	
84.84	
84.74	
84.74	
84.74	
84.74	

Run no: 17
94.16	
94.16	
94.09	
94.09	
84.8	
84.8	
84.73	
81.01	
81.01	
80.6	
80.6	
80.6	
80.6	
80.6	
80.6	
80.6	
80.6	
80.6	
80.6	
80.6	
80.6	
80.6	
80.58	
80.58	
80.58	
80.58	
80.58	
80.58	
80.58	
80.58	
80.5	

Run no: 18
95.38	
86.67	
86.67	
86.67	
86.67	
86.67	
86.67	
86.67	
86.67	
84.79	
84.79	
84.79	
82.13	
82.13	
82.13	
82.13	
82.13	
81.63	
80.65	
80.65	
80.65	
80.32	
80.32	
80.32	
80.32	
80.32	
80.28	
80.28	
80.28	
80.28	
80.17	

Run no: 19
91.12	
91.12	
91.12	
86.83	
86.83	
86.83	
86.71	
86.71	
86.71	
86.61	
86.61	
86.61	
86.61	
86.61	
86.61	
86.61	
86.61	
86.09	
86.09	
86.09	
85.67	
85.67	
85.51	
85.51	
83.17	
83.17	
83.17	
83.17	
82.81	
82.74	
82.74	

Run no: 20
94.59	
94.59	
91.79	
91.79	
91.79	
91.79	
91.69	
84.24	
84.24	
84.24	
84.24	
84.17	
84.17	
84.17	
84.17	
84.17	
84.17	
84.17	
84.17	
84.08	
84.08	
84.08	
84.08	
84.08	
84.08	
84.08	
84.01	
84.01	
84.01	
84.01	
84.01	

Run no: 21
95.92	
95.79	
95.79	
95.79	
95.79	
95.73	
93.76	
90.31	
88.26	
88.26	
88.26	
88.26	
88.26	
87.79	
87.79	
87.79	
87.79	
87.79	
87.79	
87.79	
87.37	
87.37	
87.37	
87.37	
84.59	
84.59	
84.59	
84.59	
84.59	
84.59	
84.59	

Run no: 22
81.67	
81.67	
81.67	
81.67	
80.56	
80.56	
80.56	
76.23	
76.23	
76.23	
76.13	
76.13	
76.13	
76.13	
76.13	
76.13	
76.13	
76.04	
76.04	
76.04	
75.9	
75.9	
75.9	
75.9	
75.9	
75.9	
75.9	
75.9	
75.9	
75.9	
75.9	

Run no: 23
93.2	
93.2	
93.2	
86.92	
84.0	
83.63	
83.63	
83.63	
83.63	
83.63	
83.63	
83.63	
83.63	
83.63	
83.63	
83.45	
79.33	
79.33	
79.33	
79.14	
79.14	
79.14	
77.81	
77.81	
77.81	
77.22	
77.22	
77.22	
77.22	
77.22	
77.22	

Run no: 24
92.93	
92.93	
92.93	
85.66	
85.66	
85.66	
83.85	
83.85	
83.85	
83.85	
83.85	
81.51	
81.51	
81.51	
81.51	
81.35	
81.35	
81.35	
81.35	
81.35	
81.35	
81.35	
80.69	
79.24	
79.24	
79.21	
78.47	
78.47	
78.47	
78.47	
78.47	

Run no: 25
98.9	
98.9	
95.36	
95.36	
95.36	
95.29	
87.64	
87.64	
87.44	
87.44	
87.44	
87.44	
86.91	
86.01	
86.01	
84.81	
82.31	
82.31	
81.55	
81.55	
81.55	
81.55	
81.55	
81.55	
81.36	
81.36	
81.36	
81.36	
79.12	
79.12	
77.61	

Run no: 26
96.12	
96.12	
86.33	
86.33	
85.71	
85.71	
85.6	
85.6	
85.05	
85.05	
85.05	
85.05	
79.8	
79.8	
79.8	
79.8	
79.8	
79.8	
79.55	
79.55	
77.42	
77.42	
77.42	
77.42	
76.92	
76.92	
73.48	
73.48	
73.48	
73.48	
73.48	

Run no: 27
94.13	
92.31	
92.31	
91.81	
91.81	
91.76	
91.76	
91.76	
83.86	
83.86	
83.86	
83.86	
83.86	
83.86	
83.86	
83.86	
83.86	
83.86	
83.85	
83.85	
83.85	
83.8	
83.63	
83.62	
83.62	
83.62	
83.52	
83.52	
82.52	
82.52	
82.52	

Run no: 28
98.37	
92.76	
92.76	
87.95	
87.95	
80.17	
80.17	
80.17	
80.17	
80.17	
80.17	
80.17	
80.17	
80.17	
80.17	
80.17	
80.17	
79.66	
79.66	
79.66	
79.66	
79.66	
79.66	
79.66	
79.66	
79.66	
79.66	
79.66	
79.66	
79.48	
79.48	

Run no: 29
85.97	
85.97	
85.97	
85.97	
85.97	
85.93	
85.93	
85.93	
85.93	
85.93	
84.13	
82.15	
82.15	
82.15	
82.15	
82.15	
80.4	
80.4	
80.4	
80.4	
80.4	
80.4	
80.4	
80.4	
80.4	
80.4	
80.4	
80.4	
80.4	
80.35	
80.31	
