
Run no: 0
94.11	
89.79	
85.28	
85.28	
85.28	
85.28	
85.28	
85.11	
85.11	
85.11	
85.11	
85.11	
85.11	
85.0	
85.0	
85.0	
85.0	
84.23	
84.23	
84.23	
84.23	
84.23	
83.73	
83.73	
83.73	
83.73	
83.63	
83.63	
83.63	
83.63	
83.63	

Run no: 1
95.92	
87.5	
87.5	
87.5	
87.5	
87.5	
87.5	
87.5	
86.33	
86.33	
86.33	
86.33	
86.33	
83.27	
83.27	
83.27	
83.27	
83.27	
83.22	
83.22	
83.22	
83.22	
83.22	
83.22	
83.22	
83.22	
83.2	
83.2	
81.82	
81.82	
81.72	

Run no: 2
96.66	
96.66	
96.66	
90.87	
90.87	
90.87	
90.87	
90.87	
90.68	
89.84	
89.84	
89.84	
89.84	
89.84	
89.34	
89.34	
89.34	
86.83	
86.83	
86.83	
86.22	
86.22	
86.22	
86.22	
86.22	
86.22	
86.22	
86.22	
86.22	
86.22	
86.22	

Run no: 3
93.98	
93.41	
92.68	
92.08	
92.08	
91.92	
91.92	
91.75	
91.29	
91.29	
91.29	
84.83	
84.83	
84.83	
84.83	
84.83	
84.83	
84.53	
84.53	
84.23	
84.23	
84.01	
82.84	
82.84	
82.84	
82.84	
82.84	
78.91	
78.91	
78.91	
78.91	

Run no: 4
87.97	
87.97	
87.97	
87.96	
87.96	
87.96	
87.96	
83.66	
83.66	
83.66	
83.05	
83.05	
83.05	
83.05	
83.05	
83.05	
83.05	
83.05	
83.05	
83.05	
83.05	
83.05	
83.05	
83.05	
82.97	
82.97	
82.97	
82.97	
82.97	
82.97	
82.97	

Run no: 5
97.13	
97.13	
96.5	
95.7	
95.7	
82.9	
82.63	
82.53	
82.53	
82.53	
82.53	
82.53	
82.53	
81.13	
81.13	
81.13	
79.7	
79.7	
78.71	
78.55	
78.55	
78.55	
78.55	
78.55	
78.55	
78.55	
78.55	
78.55	
78.55	
78.55	
78.55	

Run no: 6
94.32	
94.32	
94.32	
94.32	
94.32	
94.32	
89.96	
89.96	
89.96	
89.96	
89.96	
89.96	
89.96	
89.4	
89.4	
87.46	
87.46	
87.46	
87.46	
87.46	
87.39	
87.39	
87.39	
87.31	
87.31	
87.29	
85.91	
85.91	
85.91	
85.91	
85.91	

Run no: 7
94.53	
94.53	
92.83	
92.74	
92.74	
89.78	
89.78	
89.78	
89.78	
89.78	
85.81	
85.75	
85.75	
85.75	
85.5	
85.5	
83.75	
83.75	
83.75	
78.57	
78.57	
78.57	
78.57	
78.57	
78.57	
78.57	
78.57	
78.57	
78.57	
78.57	
78.05	

Run no: 8
88.67	
88.67	
88.67	
88.67	
88.67	
88.67	
86.63	
86.63	
85.38	
84.98	
84.86	
84.86	
84.86	
84.86	
84.86	
84.86	
82.8	
82.8	
82.8	
82.8	
82.8	
82.8	
82.8	
82.8	
82.8	
82.51	
82.51	
82.51	
82.51	
82.51	
82.51	

Run no: 9
96.68	
95.19	
94.44	
94.44	
94.44	
84.39	
84.39	
84.39	
84.39	
84.34	
84.34	
84.34	
84.24	
83.18	
83.18	
83.18	
83.11	
83.11	
83.11	
83.11	
83.11	
80.57	
80.57	
80.45	
80.45	
79.98	
79.98	
79.98	
79.98	
79.91	
79.91	

Run no: 10
96.89	
96.89	
96.89	
95.81	
95.81	
92.07	
92.07	
85.97	
85.97	
85.82	
85.11	
85.11	
85.11	
85.11	
85.11	
83.92	
83.92	
83.92	
83.92	
83.38	
83.38	
83.38	
83.38	
83.38	
83.38	
83.17	
83.17	
83.17	
83.17	
83.17	
83.17	

Run no: 11
92.62	
91.02	
91.02	
91.02	
90.12	
85.58	
85.58	
85.58	
85.58	
85.49	
80.5	
80.5	
80.5	
76.34	
76.34	
76.34	
76.34	
76.34	
76.34	
76.34	
76.34	
76.34	
76.21	
76.21	
76.21	
75.95	
75.95	
75.95	
75.95	
75.95	
75.95	

Run no: 12
96.49	
93.45	
87.45	
87.45	
87.45	
87.36	
87.36	
87.04	
87.04	
85.11	
85.11	
85.11	
85.11	
85.11	
84.39	
84.39	
84.39	
84.39	
84.39	
84.12	
83.97	
80.19	
80.19	
79.54	
79.42	
79.42	
79.12	
79.12	
79.12	
79.12	
79.12	

Run no: 13
89.08	
89.08	
89.08	
87.56	
86.71	
86.71	
85.2	
85.2	
85.2	
85.2	
85.2	
85.2	
85.2	
85.2	
85.2	
85.2	
85.2	
85.2	
85.2	
85.2	
84.91	
84.91	
84.91	
84.91	
83.93	
83.93	
83.93	
83.93	
83.93	
83.93	
83.93	

Run no: 14
93.6	
93.6	
93.6	
93.6	
88.73	
88.73	
88.73	
88.73	
88.73	
88.73	
86.63	
86.63	
86.63	
86.63	
86.63	
86.63	
86.16	
86.16	
86.16	
85.9	
85.9	
85.9	
85.9	
85.53	
85.53	
85.53	
85.53	
85.53	
83.01	
83.01	
83.01	

Run no: 15
92.01	
92.01	
92.01	
92.01	
92.01	
91.44	
91.44	
91.44	
91.44	
91.44	
91.44	
91.44	
91.44	
91.44	
91.44	
91.44	
91.44	
91.44	
91.44	
91.34	
91.18	
91.18	
85.92	
85.92	
85.59	
85.59	
85.52	
85.52	
85.19	
85.19	
84.88	

Run no: 16
95.65	
95.65	
95.65	
87.0	
87.0	
87.0	
86.98	
86.68	
86.68	
86.68	
86.55	
86.55	
86.45	
86.45	
86.45	
86.45	
86.45	
82.36	
82.36	
82.36	
82.36	
82.36	
81.91	
81.91	
79.65	
79.65	
79.65	
79.65	
79.65	
79.65	
79.65	

Run no: 17
96.9	
96.9	
95.99	
95.99	
94.4	
94.4	
94.4	
90.99	
90.99	
90.99	
90.99	
86.91	
84.32	
84.32	
84.32	
84.32	
84.32	
84.32	
84.32	
84.08	
84.08	
82.76	
82.76	
81.26	
81.26	
81.26	
81.26	
81.26	
81.26	
81.26	
80.91	

Run no: 18
95.73	
93.21	
93.21	
92.43	
92.43	
92.43	
90.1	
90.1	
90.1	
90.1	
90.1	
90.1	
90.0	
90.0	
90.0	
90.0	
89.25	
89.25	
89.25	
89.25	
89.25	
88.9	
88.9	
88.9	
88.9	
88.62	
88.62	
88.62	
88.62	
81.65	
80.9	

Run no: 19
92.4	
92.4	
92.4	
92.25	
92.25	
92.25	
92.25	
92.25	
92.25	
92.25	
92.25	
91.84	
91.84	
88.34	
88.34	
84.15	
84.15	
84.15	
84.15	
83.19	
83.19	
83.19	
83.19	
83.19	
83.0	
83.0	
83.0	
83.0	
83.0	
83.0	
83.0	

Run no: 20
97.62	
97.62	
97.62	
97.62	
89.6	
89.6	
89.6	
89.6	
89.35	
89.18	
87.9	
87.9	
87.9	
85.3	
85.3	
85.3	
85.3	
85.3	
85.3	
85.3	
82.53	
82.53	
82.53	
82.53	
82.53	
82.53	
82.53	
82.53	
82.53	
82.53	
81.31	

Run no: 21
98.94	
98.59	
98.59	
84.31	
84.31	
84.31	
84.02	
84.02	
84.02	
84.02	
84.02	
84.02	
84.02	
84.02	
84.02	
81.45	
81.45	
81.45	
81.45	
81.45	
81.45	
81.45	
81.45	
81.45	
81.45	
81.45	
81.39	
81.39	
81.39	
81.39	
81.39	

Run no: 22
96.76	
90.53	
90.53	
90.53	
90.53	
88.03	
88.03	
87.17	
86.13	
86.13	
86.13	
86.05	
86.05	
86.05	
86.05	
85.84	
85.13	
85.13	
85.13	
83.99	
83.99	
80.33	
80.33	
80.33	
80.33	
80.33	
79.03	
78.81	
78.81	
78.81	
78.81	

Run no: 23
94.26	
94.26	
90.8	
90.8	
84.4	
84.4	
84.4	
84.4	
84.4	
84.4	
82.25	
82.25	
82.25	
82.25	
81.98	
81.98	
81.4	
81.4	
81.4	
81.4	
81.4	
81.4	
81.4	
81.4	
81.4	
81.4	
81.4	
81.4	
81.4	
81.21	
79.57	

Run no: 24
95.94	
93.22	
93.22	
93.22	
93.22	
92.97	
92.97	
92.97	
86.16	
86.16	
86.16	
86.16	
86.16	
80.04	
80.04	
80.04	
80.04	
80.04	
80.04	
80.04	
79.92	
79.09	
79.09	
79.09	
78.81	
78.81	
78.81	
78.81	
78.81	
78.66	
78.66	

Run no: 25
93.89	
93.89	
92.2	
92.2	
92.2	
86.86	
85.77	
85.77	
85.77	
85.46	
85.46	
85.46	
85.46	
85.46	
85.46	
85.08	
85.08	
85.08	
85.08	
85.08	
85.03	
85.03	
82.91	
82.91	
82.91	
82.91	
82.91	
82.69	
82.69	
82.69	
82.38	

Run no: 26
97.85	
97.56	
97.56	
96.58	
96.31	
96.31	
96.31	
96.31	
93.5	
92.85	
92.85	
92.76	
92.76	
92.68	
92.68	
92.68	
92.68	
91.03	
81.2	
81.2	
81.2	
81.2	
81.2	
81.2	
81.2	
81.2	
81.2	
81.2	
80.94	
80.94	
80.94	

Run no: 27
94.42	
94.42	
94.42	
82.12	
82.12	
82.12	
82.12	
82.12	
82.12	
82.12	
82.12	
82.12	
81.83	
81.83	
81.83	
81.83	
81.83	
81.83	
81.76	
81.76	
80.65	
80.65	
80.65	
80.65	
79.65	
79.65	
79.45	
78.61	
78.61	
78.61	
78.61	

Run no: 28
92.79	
92.79	
88.79	
86.65	
86.65	
85.65	
84.65	
84.65	
84.65	
84.65	
84.65	
84.65	
84.65	
79.68	
79.68	
77.43	
77.43	
77.43	
77.43	
77.43	
76.9	
76.9	
76.9	
76.9	
76.9	
76.9	
76.9	
76.86	
76.76	
76.76	
76.76	

Run no: 29
96.1	
96.1	
92.08	
92.08	
92.08	
92.03	
92.03	
92.03	
92.03	
92.03	
92.03	
92.03	
89.84	
89.84	
89.84	
89.84	
89.84	
80.1	
80.1	
80.1	
80.0	
80.0	
80.0	
79.6	
79.6	
79.6	
79.6	
79.6	
79.6	
79.53	
79.53	
