
Run no: 1
46.01	
45.77	
44.03	
44.03	
43.52	
43.52	
43.02	
43.02	
43.02	
43.02	
42.85	
42.85	
42.85	
42.61	
42.61	
42.45	
42.33	
42.33	
42.33	
42.33	
42.33	
42.18	
42.18	
42.18	
42.18	
42.18	
42.16	
42.0	
42.0	
42.0	
42.0	

Run no: 2
43.96	
43.96	
43.96	
43.65	
43.65	
43.65	
43.56	
43.56	
43.56	
43.56	
42.91	
42.91	
42.91	
42.88	
42.88	
42.84	
42.74	
42.74	
42.74	
42.74	
42.68	
42.47	
42.47	
42.47	
42.47	
42.47	
42.47	
42.12	
42.12	
41.69	
41.69	

Run no: 3
43.52	
43.52	
43.42	
43.42	
42.41	
42.27	
42.27	
41.89	
41.89	
41.89	
41.89	
41.89	
41.89	
41.89	
41.79	
41.79	
41.79	
41.63	
41.63	
41.63	
41.63	
41.63	
41.63	
41.45	
41.45	
41.45	
41.45	
41.45	
41.45	
41.33	
41.33	

Run no: 4
41.26	
41.26	
41.26	
41.26	
41.26	
41.26	
41.26	
41.26	
41.26	
40.99	
40.99	
40.99	
40.99	
40.99	
40.99	
40.99	
40.99	
40.94	
40.94	
40.94	
40.79	
40.79	
40.79	
40.79	
40.62	
40.62	
40.62	
40.62	
40.62	
40.62	
40.62	

Run no: 5
44.44	
44.44	
44.44	
43.48	
43.48	
42.57	
42.57	
42.57	
42.57	
41.73	
41.73	
41.63	
41.63	
41.32	
41.32	
41.32	
41.32	
41.32	
41.19	
41.19	
41.12	
41.12	
41.12	
40.82	
40.82	
40.76	
40.76	
40.54	
40.54	
40.54	
40.54	

Run no: 6
44.92	
44.92	
44.92	
44.59	
43.03	
43.03	
42.17	
42.17	
42.17	
42.17	
41.84	
41.61	
41.57	
41.57	
41.57	
41.57	
41.57	
41.57	
41.57	
41.57	
41.32	
41.32	
40.99	
40.99	
40.99	
40.99	
40.96	
40.96	
40.96	
40.62	
40.62	

Run no: 7
44.79	
44.79	
44.76	
44.74	
44.74	
44.74	
44.12	
44.12	
44.12	
44.1	
44.1	
44.1	
42.38	
42.38	
42.38	
42.38	
42.38	
42.38	
42.28	
41.41	
41.41	
41.41	
41.41	
41.41	
41.41	
40.86	
40.86	
40.86	
40.82	
40.82	
40.82	

Run no: 8
43.53	
43.53	
43.53	
43.53	
43.52	
43.52	
43.52	
43.08	
43.07	
42.58	
42.58	
42.58	
42.58	
42.58	
42.51	
42.51	
42.48	
42.48	
42.48	
41.8	
41.8	
41.35	
41.35	
41.35	
41.35	
41.35	
41.29	
41.29	
41.24	
41.24	
41.24	

Run no: 9
44.01	
44.01	
44.01	
43.83	
43.83	
43.08	
43.08	
42.88	
42.88	
42.88	
42.88	
42.43	
42.37	
42.37	
42.37	
42.37	
42.37	
42.37	
42.29	
42.29	
42.29	
42.29	
42.22	
42.22	
42.22	
42.22	
42.22	
42.22	
42.16	
42.16	
42.16	

Run no: 10
45.18	
45.18	
45.18	
44.7	
44.56	
44.56	
43.71	
43.54	
43.4	
43.25	
43.25	
43.21	
43.21	
42.69	
42.69	
42.69	
42.69	
42.69	
42.69	
42.69	
42.69	
42.44	
41.71	
41.71	
41.71	
41.71	
41.71	
39.54	
39.54	
39.36	
39.36	

Run no: 11
44.95	
44.48	
44.48	
44.48	
44.45	
44.45	
43.76	
43.76	
43.17	
43.17	
42.84	
42.84	
42.11	
42.11	
42.01	
41.87	
41.87	
41.87	
41.79	
41.79	
41.79	
41.79	
41.79	
41.66	
41.66	
41.61	
41.45	
41.31	
41.31	
41.08	
41.08	

Run no: 12
44.72	
44.72	
44.72	
44.72	
44.72	
44.72	
44.72	
44.72	
42.43	
42.43	
42.3	
42.3	
42.13	
42.13	
42.13	
42.13	
42.13	
42.13	
42.08	
41.84	
41.84	
41.84	
41.62	
41.62	
41.62	
41.62	
41.48	
41.48	
41.38	
41.38	
41.38	

Run no: 13
45.08	
44.19	
44.19	
44.19	
44.19	
44.19	
44.06	
44.02	
44.02	
43.28	
43.28	
43.28	
42.65	
42.65	
42.65	
42.65	
42.43	
42.26	
42.26	
42.19	
42.19	
42.19	
42.19	
42.19	
42.19	
42.19	
42.19	
42.08	
42.08	
42.08	
42.08	

Run no: 14
42.96	
42.66	
42.63	
42.63	
42.63	
42.63	
42.63	
41.99	
41.99	
41.85	
41.85	
41.85	
41.85	
41.48	
41.48	
41.48	
41.48	
41.48	
41.48	
41.48	
41.48	
41.48	
41.48	
41.48	
41.48	
41.48	
41.38	
41.38	
41.38	
41.38	
41.33	

Run no: 15
45.3	
45.3	
45.29	
44.6	
44.42	
44.42	
44.31	
44.31	
44.31	
43.86	
43.86	
43.86	
43.86	
43.86	
43.6	
43.6	
43.6	
43.6	
43.6	
43.6	
43.5	
42.81	
42.81	
42.81	
41.35	
41.35	
41.35	
41.35	
41.35	
41.3	
41.0	

Run no: 16
45.19	
45.19	
45.19	
43.96	
42.7	
42.7	
42.7	
42.54	
42.54	
42.49	
42.49	
42.49	
42.49	
42.49	
42.49	
42.49	
42.49	
42.49	
42.49	
42.49	
42.45	
42.45	
42.29	
42.05	
42.05	
42.05	
42.05	
42.05	
41.85	
41.61	
41.38	

Run no: 17
44.6	
44.6	
44.34	
44.31	
44.31	
43.68	
43.68	
43.68	
43.37	
43.17	
43.03	
43.03	
42.93	
42.72	
42.68	
42.68	
42.38	
41.68	
41.68	
41.68	
41.35	
41.35	
41.34	
41.33	
41.33	
41.33	
41.33	
41.2	
41.2	
41.2	
41.2	

Run no: 18
44.25	
44.25	
44.25	
44.25	
43.43	
43.11	
43.11	
43.08	
43.07	
42.93	
41.25	
41.25	
41.25	
41.25	
41.25	
41.11	
41.11	
41.11	
41.11	
40.95	
40.74	
40.74	
40.74	
40.74	
40.74	
40.74	
40.74	
40.74	
40.74	
40.74	
40.53	

Run no: 19
45.82	
44.35	
44.35	
44.2	
44.2	
44.2	
44.2	
44.2	
43.81	
43.81	
43.81	
43.8	
43.58	
43.58	
43.48	
43.48	
43.46	
43.34	
41.76	
41.76	
41.76	
41.76	
41.76	
41.71	
41.71	
41.61	
41.61	
41.58	
41.58	
41.58	
41.46	

Run no: 20
42.78	
42.61	
42.61	
42.61	
42.61	
42.61	
42.61	
42.58	
42.26	
42.26	
42.26	
42.26	
42.26	
42.04	
41.92	
41.92	
41.92	
41.92	
41.92	
41.73	
41.73	
41.73	
41.73	
41.73	
41.73	
41.73	
41.73	
41.73	
41.73	
41.7	
41.7	

Run no: 21
45.37	
45.37	
45.06	
43.28	
42.65	
42.65	
42.64	
42.45	
41.85	
41.85	
41.78	
41.72	
41.22	
41.04	
41.04	
41.04	
40.98	
40.98	
40.98	
40.98	
40.84	
40.84	
40.84	
40.84	
40.84	
40.84	
40.84	
40.82	
40.41	
40.41	
40.41	

Run no: 22
45.09	
45.09	
45.09	
45.09	
45.09	
43.7	
43.7	
43.7	
43.7	
43.69	
43.54	
43.54	
43.54	
43.49	
43.05	
43.05	
43.05	
43.05	
43.05	
43.05	
43.05	
41.67	
41.6	
41.6	
41.6	
41.56	
41.56	
41.56	
41.56	
41.47	
41.47	

Run no: 23
44.06	
43.85	
43.85	
43.21	
43.21	
43.21	
43.21	
42.5	
42.42	
41.84	
41.84	
41.84	
41.84	
41.84	
41.42	
41.38	
41.38	
41.38	
40.64	
40.64	
40.64	
40.64	
40.64	
40.64	
40.64	
40.64	
40.64	
40.64	
40.64	
40.64	
40.64	

Run no: 24
43.87	
43.87	
42.53	
42.52	
42.52	
42.17	
41.42	
41.42	
41.42	
41.42	
40.63	
40.63	
40.63	
40.63	
40.63	
40.54	
40.54	
40.36	
40.36	
40.36	
40.36	
40.06	
40.06	
40.06	
40.06	
40.06	
40.06	
40.06	
40.06	
40.06	
39.87	

Run no: 25
44.99	
44.99	
44.99	
44.99	
44.34	
44.34	
44.34	
43.07	
43.07	
42.77	
41.98	
41.98	
41.98	
41.98	
41.35	
41.35	
41.35	
41.35	
41.35	
40.55	
40.55	
40.55	
40.55	
40.55	
40.55	
40.55	
40.55	
40.55	
40.55	
40.4	
40.4	

Run no: 26
46.54	
46.54	
46.5	
44.88	
44.85	
44.78	
42.83	
42.83	
42.83	
42.83	
42.83	
42.83	
42.83	
42.83	
42.7	
42.48	
42.48	
42.36	
42.36	
42.36	
41.98	
41.98	
41.98	
41.98	
41.73	
41.73	
41.64	
41.64	
41.31	
41.31	
41.31	

Run no: 27
46.42	
45.67	
42.7	
42.6	
42.45	
42.38	
42.37	
42.37	
42.09	
42.09	
41.94	
41.43	
41.25	
41.25	
41.25	
41.25	
41.25	
41.25	
41.25	
41.25	
40.84	
40.76	
40.76	
40.76	
40.76	
40.76	
40.46	
40.46	
40.46	
40.46	
40.46	

Run no: 28
44.22	
44.22	
44.22	
44.22	
44.22	
43.67	
43.46	
43.32	
43.32	
43.02	
43.02	
42.68	
42.68	
42.68	
42.49	
42.49	
42.49	
42.49	
42.49	
42.49	
42.49	
41.9	
41.9	
41.9	
41.9	
41.9	
41.43	
41.24	
41.24	
41.24	
40.93	

Run no: 29
42.95	
42.95	
42.95	
42.82	
42.71	
42.63	
42.63	
42.63	
42.6	
41.96	
41.96	
41.96	
41.96	
41.96	
41.96	
41.93	
41.71	
41.71	
41.46	
41.44	
41.36	
41.36	
41.36	
41.36	
40.78	
40.78	
40.78	
40.78	
40.78	
40.78	
40.59	

Run no: 30
43.04	
42.78	
42.78	
42.59	
42.59	
42.59	
42.34	
42.34	
42.26	
42.26	
42.26	
42.12	
42.12	
42.07	
42.07	
42.07	
42.07	
42.01	
41.92	
41.78	
41.78	
41.78	
41.78	
41.76	
41.76	
41.76	
41.76	
41.76	
41.67	
41.67	
41.67	
