
Run no: 0
88.96	
84.87	
84.87	
84.87	
84.87	
84.7	
83.47	
83.47	
83.47	
83.47	
83.47	
83.47	
83.47	
83.43	
83.43	
83.4	
83.22	
83.22	
83.22	
83.22	
83.22	
83.22	
83.22	
83.22	
82.19	
82.19	
82.19	
82.19	
82.19	
82.19	
82.08	

Run no: 1
89.33	
89.33	
89.33	
89.33	
87.28	
87.28	
87.26	
87.26	
86.55	
86.55	
86.55	
86.55	
84.16	
84.16	
84.16	
84.16	
84.16	
80.61	
80.61	
80.61	
80.61	
80.59	
80.47	
80.47	
80.47	
80.47	
80.47	
80.47	
80.47	
80.47	
80.47	

Run no: 2
90.97	
90.97	
90.97	
90.97	
90.97	
90.97	
90.97	
90.97	
90.47	
90.47	
90.47	
90.47	
90.47	
90.47	
90.47	
87.3	
87.3	
87.3	
87.3	
87.3	
86.68	
86.68	
86.68	
86.68	
86.68	
86.33	
86.33	
86.33	
86.33	
86.33	
86.33	

Run no: 3
91.09	
91.09	
91.09	
90.06	
90.06	
90.06	
88.23	
88.23	
84.61	
84.61	
84.61	
84.61	
84.61	
84.13	
84.12	
84.12	
84.09	
84.09	
84.09	
84.09	
84.09	
84.09	
84.09	
79.32	
79.32	
79.32	
79.32	
79.32	
79.32	
79.32	
79.32	

Run no: 4
90.87	
90.87	
90.87	
90.87	
90.05	
90.05	
90.05	
87.37	
85.7	
85.7	
85.7	
85.7	
85.7	
85.7	
85.7	
85.7	
85.7	
85.7	
85.7	
85.7	
85.7	
85.7	
85.15	
85.15	
85.15	
85.15	
84.74	
84.74	
84.61	
80.3	
80.3	

Run no: 5
88.97	
88.97	
88.97	
88.97	
88.97	
88.97	
88.97	
88.57	
88.57	
88.57	
87.47	
87.47	
87.47	
86.78	
86.78	
86.78	
85.45	
85.45	
85.45	
85.45	
85.45	
85.45	
81.99	
81.99	
81.99	
81.99	
81.76	
81.76	
81.76	
81.19	
81.19	

Run no: 6
91.46	
91.46	
91.46	
91.46	
91.46	
90.86	
90.86	
90.86	
90.86	
89.06	
89.06	
89.06	
89.06	
88.7	
88.7	
88.7	
88.7	
88.7	
88.7	
88.7	
88.12	
88.12	
88.12	
88.12	
87.8	
87.8	
87.67	
87.67	
87.67	
87.67	
87.67	

Run no: 7
89.84	
89.84	
89.84	
87.39	
87.39	
87.3	
87.3	
86.46	
86.46	
86.46	
86.46	
86.46	
86.46	
82.85	
77.89	
77.89	
77.89	
77.52	
77.52	
77.52	
77.52	
77.52	
77.52	
77.32	
77.32	
77.32	
77.32	
77.32	
77.32	
77.21	
77.21	

Run no: 8
89.49	
89.49	
89.49	
89.49	
85.41	
85.41	
85.41	
85.41	
85.41	
85.41	
85.41	
85.41	
85.41	
85.36	
85.36	
85.36	
85.36	
85.06	
85.06	
85.06	
85.06	
85.06	
84.91	
84.91	
84.91	
84.91	
82.99	
82.98	
82.98	
82.98	
82.98	

Run no: 9
93.98	
93.98	
93.98	
92.34	
92.34	
92.34	
89.57	
89.57	
89.57	
89.57	
86.96	
84.19	
84.19	
84.19	
83.7	
83.7	
83.7	
83.7	
83.7	
83.42	
83.42	
83.42	
83.42	
83.42	
83.24	
83.24	
81.07	
81.07	
81.07	
81.07	
81.07	

Run no: 10
92.29	
92.29	
88.21	
88.21	
85.45	
85.45	
85.45	
85.45	
85.45	
85.45	
85.45	
85.45	
85.45	
82.76	
82.76	
82.76	
82.76	
82.76	
82.51	
82.51	
82.51	
82.51	
80.71	
80.71	
80.71	
80.71	
80.71	
80.71	
80.71	
80.71	
80.71	

Run no: 11
86.11	
86.11	
86.11	
86.11	
85.86	
85.86	
85.86	
85.04	
85.04	
85.04	
85.04	
83.31	
83.31	
83.31	
83.31	
83.31	
83.31	
83.31	
83.31	
83.31	
83.31	
83.31	
83.31	
83.31	
83.31	
83.21	
83.21	
83.21	
83.21	
83.21	
82.26	

Run no: 12
93.26	
93.26	
93.26	
93.26	
93.26	
91.56	
91.56	
91.56	
91.49	
90.1	
89.78	
89.78	
89.78	
89.78	
89.78	
89.78	
89.78	
89.63	
89.63	
89.63	
82.53	
82.53	
82.53	
82.53	
82.23	
82.23	
82.23	
82.23	
82.23	
82.23	
82.23	

Run no: 13
93.18	
93.18	
89.1	
89.1	
89.1	
89.1	
89.1	
88.93	
88.93	
88.93	
88.93	
87.68	
87.68	
87.56	
87.18	
87.18	
84.72	
84.72	
84.22	
83.86	
83.86	
83.86	
83.86	
83.86	
83.86	
83.86	
82.76	
82.76	
82.76	
82.76	
82.76	

Run no: 14
92.98	
92.98	
92.98	
87.08	
87.08	
83.82	
83.82	
83.82	
83.82	
83.82	
83.82	
83.82	
83.82	
83.63	
83.44	
83.37	
83.37	
82.75	
82.75	
82.75	
82.75	
82.75	
82.75	
82.74	
82.74	
82.74	
82.74	
82.74	
82.59	
82.59	
82.59	

Run no: 15
89.2	
89.2	
89.2	
89.2	
88.9	
88.9	
88.9	
87.67	
87.67	
87.62	
87.56	
87.56	
87.56	
87.56	
87.56	
86.66	
86.66	
86.66	
85.78	
85.78	
84.62	
84.62	
84.62	
84.62	
84.62	
84.62	
84.62	
84.62	
84.62	
84.62	
84.62	

Run no: 16
91.13	
91.13	
90.81	
89.24	
89.24	
89.24	
83.28	
83.28	
83.28	
83.28	
83.28	
83.13	
83.13	
82.98	
82.57	
82.57	
82.24	
82.24	
81.65	
81.65	
81.65	
81.5	
81.5	
81.5	
81.5	
81.5	
81.5	
81.5	
81.5	
81.5	
77.29	

Run no: 17
90.76	
86.75	
86.75	
86.75	
86.75	
86.75	
86.75	
86.75	
86.75	
82.21	
82.21	
82.21	
82.21	
82.21	
82.21	
80.81	
76.95	
76.95	
76.95	
76.95	
76.95	
76.95	
76.95	
76.95	
76.95	
76.95	
76.83	
76.83	
76.83	
76.83	
76.2	

Run no: 18
88.29	
88.29	
88.29	
88.29	
87.27	
87.27	
86.04	
86.04	
86.04	
86.04	
86.04	
86.02	
86.02	
85.51	
85.51	
85.51	
85.51	
85.3	
85.3	
85.11	
84.71	
84.71	
84.71	
83.78	
83.78	
83.78	
81.51	
81.51	
81.51	
81.51	
77.32	

Run no: 19
95.89	
95.89	
95.89	
91.07	
91.07	
91.07	
90.92	
82.64	
82.64	
76.97	
76.97	
76.97	
76.97	
76.97	
76.87	
76.87	
76.87	
76.87	
76.87	
76.87	
76.87	
76.87	
76.87	
76.87	
76.87	
76.87	
76.87	
76.87	
76.87	
76.87	
76.87	

Run no: 20
88.35	
88.35	
88.35	
88.35	
88.35	
88.35	
88.35	
84.89	
84.89	
84.89	
84.89	
84.89	
84.89	
84.89	
84.89	
83.86	
83.86	
83.86	
83.86	
83.86	
83.51	
83.22	
83.22	
83.22	
83.03	
83.03	
83.03	
83.03	
83.03	
83.03	
83.03	

Run no: 21
92.04	
92.04	
92.04	
92.04	
84.08	
84.08	
84.08	
84.08	
83.78	
83.78	
83.78	
83.74	
83.09	
83.09	
82.84	
82.84	
82.84	
82.84	
82.84	
82.84	
82.81	
82.81	
82.81	
81.59	
81.59	
81.59	
81.59	
81.59	
81.59	
81.59	
81.59	

Run no: 22
91.66	
91.66	
91.62	
91.62	
91.62	
91.62	
91.61	
91.61	
84.78	
83.79	
83.79	
83.79	
81.62	
81.62	
81.62	
81.62	
81.62	
81.62	
81.62	
81.62	
81.62	
81.62	
81.62	
81.62	
81.62	
81.62	
81.62	
81.62	
81.62	
81.55	
81.55	

Run no: 23
95.1	
90.36	
90.36	
90.36	
88.91	
83.73	
83.73	
83.73	
83.73	
83.73	
83.73	
83.73	
83.73	
83.7	
83.7	
83.7	
83.7	
83.7	
83.42	
83.42	
83.42	
83.42	
83.42	
83.42	
83.42	
83.32	
83.32	
83.32	
83.11	
83.11	
83.11	

Run no: 24
94.38	
94.38	
94.38	
94.38	
90.68	
90.68	
88.41	
88.41	
88.41	
81.18	
81.18	
81.18	
81.18	
81.18	
81.18	
78.55	
78.55	
78.55	
78.55	
78.55	
78.55	
78.55	
78.53	
78.53	
78.53	
78.53	
78.53	
78.53	
78.53	
78.53	
78.53	

Run no: 25
92.19	
92.19	
92.19	
92.19	
91.92	
90.67	
90.67	
89.32	
89.32	
89.32	
89.32	
89.02	
89.02	
85.32	
85.32	
85.32	
85.32	
85.32	
85.32	
85.32	
85.32	
85.32	
85.32	
85.32	
84.78	
84.78	
84.78	
84.78	
83.6	
83.6	
83.6	

Run no: 26
95.33	
95.33	
95.33	
95.33	
95.29	
95.29	
95.29	
95.29	
90.33	
89.13	
88.72	
88.72	
88.72	
88.72	
87.35	
87.35	
87.35	
87.35	
87.35	
85.87	
85.87	
85.87	
85.87	
85.87	
85.87	
85.87	
85.87	
85.87	
81.01	
81.01	
81.01	

Run no: 27
94.76	
94.76	
82.61	
82.61	
82.61	
82.61	
82.61	
82.61	
82.61	
82.61	
81.53	
81.53	
81.53	
81.53	
81.53	
81.53	
81.53	
81.53	
81.53	
81.53	
79.1	
79.1	
79.1	
79.1	
79.1	
79.1	
79.08	
79.08	
79.08	
79.08	
77.6	

Run no: 28
87.84	
87.84	
87.84	
87.23	
87.23	
87.23	
87.23	
87.23	
80.11	
80.11	
80.11	
80.11	
80.11	
80.11	
80.11	
80.11	
80.11	
80.11	
80.11	
80.11	
80.11	
80.11	
80.11	
80.11	
80.11	
80.11	
80.11	
80.11	
79.86	
79.86	
79.86	

Run no: 29
88.83	
88.83	
88.83	
88.83	
88.53	
88.53	
88.53	
88.53	
88.15	
88.15	
88.15	
82.8	
82.8	
82.8	
82.8	
82.8	
82.8	
82.51	
82.51	
82.51	
82.51	
82.51	
82.51	
81.39	
81.39	
81.39	
81.39	
81.39	
81.39	
81.39	
81.39	
